0.0 nan
0.0035070140280561123 5.184800380308348e-09
0.0070140280561122245 5.4110781287139716e-09
0.010521042084168337 5.636301976752219e-09
0.014028056112224449 5.8596963788111516e-09
0.01753507014028056 6.080531059826449e-09
0.021042084168336674 6.298135339258384e-09
0.024549098196392786 6.5119109525047645e-09
0.028056112224448898 6.721342798101164e-09
0.031563126252505014 6.926007130368169e-09
0.03507014028056112 7.125576851766419e-09
0.03857715430861723 7.319823726988772e-09
0.04208416833667335 7.508617525871927e-09
0.04559118236472946 7.69192228596252e-09
0.04909819639278557 7.86979004868593e-09
0.05260521042084168 8.042352549505507e-09
0.056112224448897796 8.209811421431302e-09
0.05961923847695391 8.372427498732618e-09
0.06312625250501003 8.530509786935365e-09
0.06663326653306613 8.684404604439407e-09
0.07014028056112225 8.83448531261895e-09
0.07364729458917836 8.98114294820471e-09
0.07715430861723446 9.124777966306314e-09
0.08066132264529058 9.265793204403582e-09
0.0841683366733467 9.40458809381032e-09
0.08767535070140281 9.54155407886557e-09
0.09118236472945893 9.677071156374394e-09
0.09468937875751503 9.811505417248387e-09
0.09819639278557114 9.945207456604668e-09
0.10170340681362726 1.0078511514497992e-08
0.10521042084168336 1.0211735213987132e-08
0.10871743486973948 1.0345179773562234e-08
0.11222444889779559 1.0479130584535653e-08
0.11573146292585171 1.0613858059125061e-08
0.11923847695390782 1.0749618670215042e-08
0.12274549098196393 1.0886656118177398e-08
0.12625250501002006 1.1025202573352962e-08
0.12975951903807614 1.116547995422667e-08
0.13326653306613226 1.130770121127221e-08
0.13677354709418837 1.1452071594566707e-08
0.1402805611222445 1.159878989008569e-08
0.1437875751503006 1.1748049614909262e-08
0.14729458917835672 1.1900040165839555e-08
0.15080160320641284 1.2054947919251738e-08
0.15430861723446893 1.2212957282425925e-08
0.15781563126252504 1.2374251698535792e-08
0.16132264529058116 1.2539014608789234e-08
0.16482965931863727 1.270743037618408e-08
0.1683366733466934 1.2879685176016688e-08
0.1718436873747495 1.3055967858717349e-08
0.17535070140280562 1.3236470790861245e-08
0.17885771543086174 1.3421390680397522e-08
0.18236472945891785 1.3610929392211554e-08
0.18587174348697394 1.3805294760222107e-08
0.18937875751503006 1.4004701402249775e-08
0.19288577154308617 1.4209371543946155e-08
0.1963927855711423 1.441953585816745e-08
0.1998997995991984 1.4635434326220882e-08
0.20340681362725452 1.4857317127696434e-08
0.20691382765531063 1.508544556560666e-08
0.21042084168336672 1.5320093034058253e-08
0.21392785571142284 1.556154603581208e-08
0.21743486973947895 1.5810105257669855e-08
0.22094188376753507 1.606608671203104e-08
0.22444889779559118 1.6329822953672226e-08
0.2279559118236473 1.6601664381427076e-08
0.23146292585170342 1.6881980635407055e-08
0.23496993987975953 1.7171162101344313e-08
0.23847695390781565 1.7469621534763986e-08
0.24198396793587174 1.777779581914343e-08
0.24549098196392785 1.8096147873679098e-08
0.24899799599198397 1.8425168728123824e-08
0.2525050100200401 1.876537978423856e-08
0.2560120240480962 1.9117335285779324e-08
0.2595190380761523 1.9481625021784667e-08
0.26302605210420843 1.9858877291060985e-08
0.2665330661322645 2.0249762159626015e-08
0.27004008016032066 2.0654995047067914e-08
0.27354709418837675 2.107534068303058e-08
0.2770541082164329 2.1511617480783572e-08
0.280561122244489 2.1964702381919744e-08
0.28406813627254507 2.2435536234259307e-08
0.2875751503006012 2.2925129774763438e-08
0.2910821643286573 2.3434570300515596e-08
0.29458917835671344 2.396502912440595e-08
0.29809619238476953 2.4517769928176216e-08
0.3016032064128257 2.509415814469148e-08
0.30511022044088176 2.56956715244461e-08
0.30861723446893785 2.6323912069060277e-08
0.312124248496994 2.698061954839425e-08
0.3156312625250501 2.7667686858898343e-08
0.3191382765531062 2.8387177531260403e-08
0.3226452905811623 2.9141345757360087e-08
0.32615230460921846 2.993265938335161e-08
0.32965931863727455 3.0763826411402626e-08
0.3331663326653307 3.163782567279509e-08
0.3366733466933868 3.25579424868093e-08
0.34018036072144286 3.3527810313252265e-08
0.343687374749499 3.4551459654579564e-08
0.3471943887775551 3.563337578489122e-08
0.35070140280561124 3.6778567303244656e-08
0.35420841683366733 3.799264806293054e-08
0.35771543086172347 3.9281935768148686e-08
0.36122244488977956 4.065357152762397e-08
0.3647294589178357 4.211566601849001e-08
0.3682364729458918 4.367747980204652e-08
0.3717434869739479 4.5349647985047194e-08
0.375250501002004 4.7144463203515634e-08
0.3787575150300601 4.90762363940467e-08
0.38226452905811625 5.1161762923277905e-08
0.38577154308617234 5.342093385552383e-08
0.3892785571142285 5.587755091927552e-08
0.3927855711422846 5.856043328719352e-08
0.39629258517034066 6.150495193217552e-08
0.3997995991983968 6.475520614777502e-08
0.4033066132264529 6.836719076466394e-08
0.40681362725450904 7.241353640800176e-08
0.4103206412825651 7.699082359290891e-08
0.41382765531062127 8.223123417600138e-08
0.41733466933867736 8.832169435810735e-08
0.42084168336673344 9.553607588705652e-08
0.4243486973947896 1.042893435867218e-07
0.4278557114228457 1.1522201032667579e-07
0.4313627254509018 1.2928931012703308e-07
0.4348697394789579 1.4765012192553397e-07
0.43837675350701405 1.7077693424007399e-07
0.44188376753507014 1.9714772088180754e-07
0.4453907815631263 2.247961979861001e-07
0.44889779559118237 2.5392134510294234e-07
0.45240480961923846 2.858441050811729e-07
0.4559118236472946 3.216782300384234e-07
0.4594188376753507 3.6223213981817116e-07
0.46292585170340683 4.081822213021338e-07
0.4664328657314629 4.6017619226116894e-07
0.46993987975951906 5.188740345860209e-07
0.47344689378757515 5.849590144200722e-07
0.4769539078156313 6.591344135847848e-07
0.4804609218436874 7.421116047243153e-07
0.48396793587174347 8.345909571462094e-07
0.4874749498997996 9.37235369032798e-07
0.4909819639278557 1.0506356239342309e-06
0.49448897795591185 1.1752665969352016e-06
0.49799599198396793 1.3114334927672448e-06
0.501503006012024 1.4592077405209056e-06
0.5050100200400802 1.6183529432856662e-06
0.5085170340681363 1.788242430887318e-06
0.5120240480961924 1.967771510655459e-06
0.5155310621242485 2.1552694070109483e-06
0.5190380761523046 2.348417972062303e-06
0.5225450901803608 2.5441862377060626e-06
0.5260521042084169 2.7387913078695054e-06
0.529559118236473 2.9276963720497394e-06
0.533066132264529 3.1056551448277677e-06
0.5365731462925851 3.2668083362825625e-06
0.5400801603206413 3.4048317563767416e-06
0.5435871743486974 3.513127896893059e-06
0.5470941883767535 3.5850446544117605e-06
0.5506012024048096 3.6140984700497306e-06
0.5541082164328658 3.594177838668449e-06
0.5576152304609219 3.519712205137011e-06
0.561122244488978 3.3858217876826185e-06
0.564629258517034 3.1885442562116677e-06
0.5681362725450901 2.9254405019035743e-06
0.5716432865731463 2.597392337883417e-06
0.5751503006012024 2.213385070093108e-06
0.5786573146292585 1.7999081345265235e-06
0.5821643286573146 1.4066377009644145e-06
0.5856713426853708 1.0835688434308154e-06
0.5891783567134269 8.451585431051531e-07
0.592685370741483 6.756584654106089e-07
0.5961923847695391 5.54014596003296e-07
0.5996993987975952 4.6433211312028325e-07
0.6032064128256514 3.9620789660914297e-07
0.6067134268537074 3.4300200214986374e-07
0.6102204408817635 3.004174046336008e-07
0.6137274549098196 2.6560084416335553e-07
0.6172344689378757 2.366041611387381e-07
0.6207414829659319 2.1206133705697635e-07
0.624248496993988 1.9099107508121225e-07
0.6277555110220441 1.726730079231511e-07
0.6312625250501002 1.5656805767263063e-07
0.6347695390781564 1.4226585912805844e-07
0.6382765531062125 1.294492485975863e-07
0.6417835671342685 1.1786975251133507e-07
0.6452905811623246 1.0733033493128454e-07
0.6487975951903807 9.767303594723198e-08
0.6523046092184369 8.876996954760787e-08
0.655811623246493 8.051667020827198e-08
0.6593186372745491 7.282710857509633e-08
0.6628256513026052 6.562991057265966e-08
0.6663326653306614 5.8865457147703264e-08
0.6698396793587175 5.2483635530835755e-08
0.6733466933867736 4.6442079012859835e-08
0.6768537074148296 4.07047766121392e-08
0.6803607214428857 3.524096579729369e-08
0.6838677354709419 3.002424377985839e-08
0.687374749498998 2.5031849122013915e-08
0.6908817635270541 2.0244077123044334e-08
0.6943887775551102 1.5643801101963127e-08
0.6978957915831664 1.1216078109305172e-08
0.7014028056112225 6.94800490839485e-09
0.7049098196392786 2.8275337351689076e-09
0.7084168336673347 -1.154930016768935e-09
0.7119238476953907 -5.008543648659033e-09
0.7154308617234469 -8.741279281648108e-09
0.718937875751503 -1.2360224755898216e-08
0.7224448897795591 -1.587173538493632e-08
0.7259519038076152 -1.9281496743144838e-08
0.7294589178356714 -2.2594627261968664e-08
0.7329659318637275 -2.581574712036938e-08
0.7364729458917836 -2.894904117011638e-08
0.7399799599198397 -3.199830497011691e-08
0.7434869739478958 -3.4967016839861685e-08
0.746993987975952 -3.785833920152043e-08
0.750501002004008 -4.0675182322359184e-08
0.7540080160320641 -4.3420227211632284e-08
0.7575150300601202 -4.609594978552766e-08
0.7610220440881763 -4.8704645793284545e-08
0.7645290581162325 -5.124844998940669e-08
0.7680360721442886 -5.372935516378801e-08
0.7715430861723447 -5.614922623935891e-08
0.7750501002004008 -5.850981388639622e-08
0.778557114228457 -6.081276685372188e-08
0.7820641282565131 -6.305964507109856e-08
0.7855711422845691 -6.525193178746491e-08
0.7890781563126252 -6.739101437030287e-08
0.7925851703406813 -6.947823812516734e-08
0.7960921843687375 -7.15148760358718e-08
0.7995991983967936 -7.35021482895004e-08
0.8031062124248497 -7.544122562230173e-08
0.8066132264529058 -7.733323117783743e-08
0.810120240480962 -7.917925798067803e-08
0.8136272545090181 -8.098032427365496e-08
0.8171342685370742 -8.273741663007128e-08
0.8206412825651302 -8.445164880715296e-08
0.8241482965931863 -8.612382155758278e-08
0.8276553106212425 -8.775490178111203e-08
0.8311623246492986 -8.934578157403135e-08
0.8346693386773547 -9.089732847371866e-08
0.8381763527054108 -9.241038694338307e-08
0.8416833667334669 -9.388578134144708e-08
0.8451903807615231 -9.532430894401815e-08
0.8486973947895792 -9.672675801961082e-08
0.8522044088176353 -9.809388908612102e-08
0.8557114228456913 -9.942645074558557e-08
0.8592184368737475 -1.0072517157737546e-07
0.8627254509018036 -1.0199076528585636e-07
0.8662324649298597 -1.0322392955934726e-07
0.8697394789579158 -1.0442534717108473e-07
0.8732464929859719 -1.0559568641219053e-07
0.8767535070140281 -1.067356015949648e-07
0.8802605210420842 -1.078457333083753e-07
0.8837675350701403 -1.0892670935480483e-07
0.8872745490981964 -1.0997914374695231e-07
0.8907815631262526 -1.110036671970142e-07
0.8942885771543087 -1.1200078588799628e-07
0.8977955911823647 -1.1297116383666636e-07
0.9013026052104208 -1.139153330841175e-07
0.9048096192384769 -1.1483385582011494e-07
0.9083166332665331 -1.1572726020423274e-07
0.9118236472945892 -1.1659611896517456e-07
0.9153306613226453 -1.1744091594149832e-07
0.9188376753507014 -1.1826217619947736e-07
0.9223446893787576 -1.1906040175363717e-07
0.9258517034068137 -1.1983608459673853e-07
0.9293587174348698 -1.2058970688800408e-07
0.9328657314629258 -1.2132174709131485e-07
0.9363727454909819 -1.2203265038034023e-07
0.9398797595190381 -1.2272374737423609e-07
0.9433867735470942 -1.233928853790618e-07
0.9468937875751503 -1.2404311673306008e-07
0.9504008016032064 -1.2467397610610312e-07
0.9539078156312626 -1.2528588623778212e-07
0.9574148296593187 -1.258792600966903e-07
0.9609218436873748 -1.2645449905548983e-07
0.9644288577154309 -1.270119962603914e-07
0.9679358717434869 -1.275521368626894e-07
0.9714428857715431 -1.2807529790081857e-07
0.9749498997995992 -1.2858184951326948e-07
0.9784569138276553 -1.2907215292460682e-07
0.9819639278557114 -1.2954656276594255e-07
0.9854709418837675 -1.3000542612591514e-07
0.9889779559118237 -1.3044908294495698e-07
0.9924849699398798 -1.3087786595914578e-07
0.9959919839679359 -1.3129210094124498e-07
0.999498997995992 -1.316921072527121e-07
1.003006012024048 -1.3207819710851273e-07
1.0065130260521042 -1.3245067647835724e-07
1.0100200400801604 -1.3280984478882762e-07
1.0135270541082164 -1.331559963716908e-07
1.0170340681362726 -1.3348941465624243e-07
1.0205410821643286 -1.3381038411456472e-07
1.0240480961923848 -1.3412092561534083e-07
1.027555110220441 -1.3441606718477654e-07
1.031062124248497 -1.3470131382300925e-07
1.0345691382765532 -1.3497517512413054e-07
1.0380761523046091 -1.3523795724355984e-07
1.0415831663326653 -1.3548974948365342e-07
1.0450901803607215 -1.357309369338741e-07
1.0485971943887775 -1.3596174486391032e-07
1.0521042084168337 -1.361829811103188e-07
1.0556112224448897 -1.3639299333577812e-07
1.059118236472946 -1.3659397874239223e-07
1.062625250501002 -1.3678548703762807e-07
1.066132264529058 -1.3696754933762023e-07
1.0696392785571143 -1.371406009652934e-07
1.0731462925851702 -1.373047523019306e-07
1.0766533066132264 -1.3746129715835163e-07
1.0801603206412826 -1.3760721260912984e-07
1.0836673346693386 -1.3774588768910536e-07
1.0871743486973948 -1.3787645617911618e-07
1.090681362725451 -1.3799908213683092e-07
1.094188376753507 -1.3811395924683464e-07
1.0976953907815632 -1.3822125415469262e-07
1.1012024048096192 -1.3832113981273527e-07
1.1047094188376754 -1.3841378422957705e-07
1.1082164328657316 -1.3849934970148171e-07
1.1117234468937875 -1.3857799717390632e-07
1.1152304609218437 -1.386498829123005e-07
1.1187374749498997 -1.3871516027484004e-07
1.122244488977956 -1.3877397919859227e-07
1.1257515030060121 -1.3882690547615057e-07
1.129258517034068 -1.3887282546830064e-07
1.1327655310621243 -1.3891444306474623e-07
1.1362725450901803 -1.3894755801046027e-07
1.1397795591182365 -1.3897622326882849e-07
1.1432865731462927 -1.389992644136279e-07
1.1467935871743486 -1.3901681127111037e-07
1.1503006012024048 -1.3902898425410193e-07
1.1538076152304608 -1.3903591852905413e-07
1.157314629258517 -1.390377201921106e-07
1.1608216432865732 -1.3903451506132996e-07
1.1643286573146292 -1.390264267620021e-07
1.1678356713426854 -1.390135447223704e-07
1.1713426853707416 -1.3899600470731767e-07
1.1748496993987976 -1.3897390128429366e-07
1.1783567134268538 -1.3894733885953424e-07
1.1818637274549098 -1.3891643251256428e-07
1.185370741482966 -1.388812825163061e-07
1.1888777555110221 -1.388419623429689e-07
1.1923847695390781 -1.3879867506163497e-07
1.1958917835671343 -1.3875129060642756e-07
1.1993987975951903 -1.3870009394621903e-07
1.2029058116232465 -1.3864513449336214e-07
1.2064128256513027 -1.385864968179988e-07
1.2099198396793587 -1.3852424329263518e-07
1.2134268537074149 -1.3845848694652835e-07
1.2169338677354709 -1.3838930546764676e-07
1.220440881763527 -1.3831676272933398e-07
1.2239478957915833 -1.3824096160333968e-07
1.2274549098196392 -1.3816196960412289e-07
1.2309619238476954 -1.3807985807086298e-07
1.2344689378757514 -1.3799471481639757e-07
1.2379759519038076 -1.3790660171440675e-07
1.2414829659318638 -1.3781559633978492e-07
1.2449899799599198 -1.3772176758558045e-07
1.248496993987976 -1.3762518342116648e-07
1.2520040080160322 -1.3752591203709174e-07
1.2555110220440882 -1.374240188875939e-07
1.2590180360721444 -1.3731956820016705e-07
1.2625250501002003 -1.3721262273657612e-07
1.2660320641282565 -1.3710324164330178e-07
1.2695390781563127 -1.3699149243062212e-07
1.2730460921843687 -1.3687744621518583e-07
1.276553106212425 -1.3676111581357254e-07
1.2800601202404809 -1.3664258918295483e-07
1.283567134268537 -1.365219311740519e-07
1.2870741482965933 -1.363991947791202e-07
1.2905811623246493 -1.3627446949978134e-07
1.2940881763527055 -1.361476065220157e-07
1.2975951903807614 -1.3601892753414236e-07
1.3011022044088176 -1.3588833959428582e-07
1.3046092184368738 -1.3575593244845017e-07
1.3081162324649298 -1.356216774945992e-07
1.311623246492986 -1.354858683289666e-07
1.3151302605210422 -1.3534826893916577e-07
1.3186372745490982 -1.3520887975326554e-07
1.3221442885771544 -1.3506794642953736e-07
1.3256513026052104 -1.349254638013315e-07
1.3291583166332666 -1.3478149184686516e-07
1.3326653306613228 -1.3463603777851835e-07
1.3361723446893787 -1.3448919124077927e-07
1.339679358717435 -1.3434087842619763e-07
1.343186372745491 -1.3419116845275112e-07
1.346693386773547 -1.3404017115470854e-07
1.3502004008016033 -1.3388789926269027e-07
1.3537074148296593 -1.337344093651869e-07
1.3572144288577155 -1.3357971929988383e-07
1.3607214428857715 -1.3342377793169908e-07
1.3642284569138277 -1.3326665489772312e-07
1.3677354709418839 -1.33108469494356e-07
1.3712424849699398 -1.3294920615437976e-07
1.374749498997996 -1.3278890122007935e-07
1.378256513026052 -1.3262756933381954e-07
1.3817635270541082 -1.3246525358963875e-07
1.3852705410821644 -1.3230198279164197e-07
1.3887775551102204 -1.3213777935385167e-07
1.3922845691382766 -1.3197267975572847e-07
1.3957915831663328 -1.318067071258227e-07
1.3992985971943888 -1.316398908449019e-07
1.402805611222445 -1.3147225745109698e-07
1.406312625250501 -1.313038331608224e-07
1.4098196392785571 -1.311346438446051e-07
1.4133266533066133 -1.309647146867587e-07
1.4168336673346693 -1.3079407039790417e-07
1.4203406813627255 -1.306229723387334e-07
1.4238476953907815 -1.3045073263106783e-07
1.4273547094188377 -1.3027808595859668e-07
1.4308617234468939 -1.3010481776252085e-07
1.4343687374749499 -1.2993095110763156e-07
1.437875751503006 -1.297565048012336e-07
1.441382765531062 -1.2958150606800858e-07
1.4448897795591182 -1.2940596850557886e-07
1.4483967935871744 -1.292299154731516e-07
1.4519038076152304 -1.2905337404894666e-07
1.4554108216432866 -1.2887634886463007e-07
1.4589178356713428 -1.28698868486462e-07
1.4624248496993988 -1.2852096022687595e-07
1.465931863727455 -1.2834262212852886e-07
1.469438877755511 -1.2816388051039487e-07
1.4729458917835672 -1.2798476934936507e-07
1.4764529058116234 -1.2780528403766366e-07
1.4799599198396793 -1.2762543875149407e-07
1.4834669338677355 -1.274452751135202e-07
1.4869739478957915 -1.2726479667275443e-07
1.4904809619238477 -1.2708400066314538e-07
1.493987975951904 -1.2690292528792453e-07
1.49749498997996 -1.267215925204257e-07
1.501002004008016 -1.2653999099780376e-07
1.504509018036072 -1.263581418743964e-07
1.5080160320641283 -1.2617608145432516e-07
1.5115230460921845 -1.259938053712837e-07
1.5150300601202404 -1.258113532822966e-07
1.5185370741482966 -1.256286510376338e-07
1.5220440881763526 -1.2544581821968061e-07
1.5255511022044088 -1.2526281281176986e-07
1.529058116232465 -1.2507966234286133e-07
1.532565130260521 -1.2489640035531045e-07
1.5360721442885772 -1.24712973029078e-07
1.5395791583166334 -1.2452945099853663e-07
1.5430861723446894 -1.243458331254779e-07
1.5465931863727456 -1.2416213172329543e-07
1.5501002004008015 -1.2397833134707922e-07
1.5536072144288577 -1.2379447481251617e-07
1.557114228456914 -1.2361079321896217e-07
1.56062124248497 -1.2342659925941383e-07
1.5641282565130261 -1.232425986657697e-07
1.567635270541082 -1.2305857234596695e-07
1.5711422845691383 -1.2287452819891944e-07
1.5746492985971945 -1.2269047558245972e-07
1.5781563126252505 -1.2250642419279158e-07
1.5816633266533067 -1.2232238165514545e-07
1.5851703406813626 -1.2213835778276615e-07
1.5886773547094188 -1.219543659256766e-07
1.592184368737475 -1.217704026571391e-07
1.595691382765531 -1.2158647839745293e-07
1.5991983967935872 -1.2140262237272152e-07
1.6027054108216432 -1.2121882841045687e-07
1.6062124248496994 -1.2103529713196156e-07
1.6097194388777556 -1.2085159588596593e-07
1.6132264529058116 -1.2066782849243075e-07
1.6167334669338678 -1.2048436382422415e-07
1.620240480961924 -1.203009724954065e-07
1.62374749498998 -1.2011765217833625e-07
1.6272545090180361 -1.199344460437877e-07
1.6307615230460921 -1.197513999343225e-07
1.6342685370741483 -1.1956849693281356e-07
1.6377755511022045 -1.1938570097870835e-07
1.6412825651302605 -1.1920300057702173e-07
1.6447895791583167 -1.1902041933605547e-07
1.6482965931863727 -1.1883801714621864e-07
1.6518036072144289 -1.1865603592434063e-07
1.655310621242485 -1.1847395400192237e-07
1.658817635270541 -1.1829200907659109e-07
1.6623246492985972 -1.1811012594430954e-07
1.6658316633266532 -1.1792850345548497e-07
1.6693386773547094 -1.1774708225923578e-07
1.6728456913827656 -1.1756590568410105e-07
1.6763527054108216 -1.1738494493750779e-07
1.6798597194388778 -1.1720393369118667e-07
1.6833667334669338 -1.1702354042432531e-07
1.68687374749499 -1.1684308154537902e-07
1.6903807615230462 -1.1666281062202343e-07
1.6938877755511021 -1.1648279037897767e-07
1.6973947895791583 -1.1630304739300206e-07
1.7009018036072145 -1.1612354190420237e-07
1.7044088176352705 -1.1594435335347367e-07
1.7079158316633267 -1.1576513152053862e-07
1.7114228456913827 -1.1558621451314551e-07
1.714929859719439 -1.1540750931796917e-07
1.718436873747495 -1.1522915169048773e-07
1.721943887775551 -1.1505099315717096e-07
1.7254509018036073 -1.1487307942031001e-07
1.7289579158316633 -1.1469541648444188e-07
1.7324649298597194 -1.1451800572152372e-07
1.7359719438877756 -1.1434085119664102e-07
1.7394789579158316 -1.1416395569270675e-07
1.7429859719438878 -1.1398732229828947e-07
1.7464929859719438 -1.1381095393131019e-07
1.75 -1.1363485347809681e-07
