0.0 5.619923443119479e-09
0.0035070140280561123 5.6690742154853346e-09
0.0070140280561122245 5.719039137956981e-09
0.010521042084168337 5.76983782570239e-09
0.014028056112224449 5.8214905127596825e-09
0.01753507014028056 5.8740180761961674e-09
0.021042084168336674 5.927442061393381e-09
0.024549098196392786 5.981784708519278e-09
0.028056112224448898 6.037068980252507e-09
0.031563126252505014 6.093318590827761e-09
0.03507014028056112 6.150558036475595e-09
0.03857715430861723 6.208812627334707e-09
0.04208416833667335 6.268108520919682e-09
0.04559118236472946 6.328472757232627e-09
0.04909819639278557 6.389933295612771e-09
0.05260521042084168 6.452519053424359e-09
0.056112224448897796 6.5162599466897344e-09
0.05961923847695391 6.581186932781721e-09
0.06312625250501003 6.647332055296936e-09
0.06663326653306613 6.714728491240069e-09
0.07014028056112225 6.783410600657886e-09
0.07364729458917836 6.853413978871393e-09
0.07715430861723446 6.924775511464833e-09
0.08066132264529058 6.997533432201303e-09
0.0841683366733467 7.07172738404682e-09
0.08767535070140281 7.1473984834975275e-09
0.09118236472945893 7.224589388418831e-09
0.09468937875751503 7.303344369620306e-09
0.09819639278557114 7.383709386406614e-09
0.10170340681362726 7.465732166362432e-09
0.10521042084168336 7.54946228964853e-09
0.10871743486973948 7.634951278107057e-09
0.11222444889779559 7.722252689496655e-09
0.11573146292585171 7.811422217202528e-09
0.11923847695390782 7.902517795793376e-09
0.12274549098196393 7.995599712826015e-09
0.12625250501002006 8.090730727330166e-09
0.12975951903807614 8.18797619544024e-09
0.13326653306613226 8.287404203678533e-09
0.13677354709418837 8.389085710435114e-09
0.1402805611222445 8.493094696234395e-09
0.1437875751503006 8.599508323427325e-09
0.14729458917835672 8.708407106001465e-09
0.15080160320641284 8.819875090259949e-09
0.15430861723446893 8.934000047184204e-09
0.15781563126252504 9.05087367736615e-09
0.16132264529058116 9.170591829472418e-09
0.16482965931863727 9.293254733288583e-09
0.1683366733466934 9.418967248484604e-09
0.1718436873747495 9.547839130346016e-09
0.17535070140280562 9.679985313828782e-09
0.17885771543086174 9.815526217421457e-09
0.18236472945891785 9.954588068436791e-09
0.18587174348697394 1.0097303251508558e-08
0.18937875751503006 1.0243810682239267e-08
0.19288577154308617 1.0394256208133185e-08
0.1963927855711423 1.0548793039158547e-08
0.1998997995991984 1.0707582210515752e-08
0.20340681362725452 1.0870793080447964e-08
0.20691382765531063 1.10386038662198e-08
0.21042084168336672 1.1211202221712866e-08
0.21392785571142284 1.1388785860448374e-08
0.21743486973947895 1.1571563228251739e-08
0.22094188376753507 1.1759754230228128e-08
0.22444889779559118 1.1953591017227958e-08
0.2279559118236473 1.2153318837555607e-08
0.23146292585170342 1.2359196960321532e-08
0.23496993987975953 1.2571499677569086e-08
0.23847695390781565 1.2790517393134014e-08
0.24198396793587174 1.3016557807131893e-08
0.24549098196392785 1.3249947206033173e-08
0.24899799599198397 1.349103186949663e-08
0.2525050100200401 1.3740179606513429e-08
0.2560120240480962 1.399778143499236e-08
0.2595190380761523 1.4264253420725132e-08
0.26302605210420843 1.4540038693746118e-08
0.2665330661322645 1.4825609662490452e-08
0.27004008016032066 1.512147044891081e-08
0.27354709418837675 1.5428159570902336e-08
0.2770541082164329 1.5746252902085154e-08
0.280561122244489 1.60763669432981e-08
0.28406813627254507 1.6419162445180647e-08
0.2875751503006012 1.6775348427100397e-08
0.2910821643286573 1.7145686644590497e-08
0.29458917835671344 1.753099656560177e-08
0.29809619238476953 1.7932160925504607e-08
0.3016032064128257 1.835013194221101e-08
0.30511022044088176 1.8785938286421822e-08
0.30861723446893785 1.924069291833021e-08
0.312124248496994 1.9715601921749033e-08
0.3156312625250501 2.0211974490361145e-08
0.3191382765531062 2.0731234249616292e-08
0.3226452905811623 2.127493213299575e-08
0.32615230460921846 2.1844761074590636e-08
0.32965931863727455 2.2442572833341034e-08
0.3331663326653307 2.307039733068167e-08
0.3366733466933868 2.373046496646383e-08
0.34018036072144286 2.4425232482845953e-08
0.343687374749499 2.5157413079064432e-08
0.3471943887775551 2.5930011650719497e-08
0.35070140280561124 2.674636624795981e-08
0.35420841683366733 2.7610197135127342e-08
0.35771543086172347 2.8525665214524202e-08
0.36122244488977956 2.9497439167968427e-08
0.3647294589178357 3.0530791531379376e-08
0.3682364729458918 3.163168499059359e-08
0.3717434869739479 3.280691018475052e-08
0.375250501002004 3.406424045294599e-08
0.3787575150300601 3.54126295813527e-08
0.38226452905811625 3.686246325781362e-08
0.38577154308617234 3.8425883280205846e-08
0.3892785571142285 4.0117230868743614e-08
0.3927855711422846 4.195353958088134e-08
0.39629258517034066 4.395540941495193e-08
0.3997995991983968 4.614800441471209e-08
0.4033066132264529 4.856258528934588e-08
0.40681362725450904 5.1238721980277166e-08
0.4103206412825651 5.422761594744575e-08
0.41382765531062127 5.759723624099875e-08
0.41733466933867736 6.144047580839026e-08
0.42084168336673344 6.588824274905527e-08
0.4243486973947896 7.113075081359384e-08
0.4278557114228457 7.74469928458158e-08
0.4313627254509018 8.522798458179641e-08
0.4348697394789579 9.490414277257739e-08
0.43837675350701405 1.0657714576877254e-07
0.44188376753507014 1.1962360288670606e-07
0.4453907815631263 1.334396223319994e-07
0.44889779559118237 1.482463418869162e-07
0.45240480961923846 1.6456537818510903e-07
0.4559118236472946 1.8281615312552251e-07
0.4594188376753507 2.033289093405373e-07
0.46292585170340683 2.264068103016988e-07
0.4664328657314629 2.523566808633715e-07
0.46993987975951906 2.815008225847814e-07
0.47344689378757515 3.1418066136591584e-07
0.4769539078156313 3.5075641323159184e-07
0.4804609218436874 3.916046584931235e-07
0.48396793587174347 4.3711307589617305e-07
0.4874749498997996 4.87673333503118e-07
0.4909819639278557 5.436705840044516e-07
0.49448897795591185 6.054695877807996e-07
0.49799599198396793 6.733972459035183e-07
0.501503006012024 7.47718543306417e-07
0.5050100200400802 8.286090996743413e-07
0.5085170340681363 9.161198016905314e-07
0.5120240480961924 1.0101353904730354e-06
0.5155310621242485 1.1103261059346582e-06
0.5190380761523046 1.2160928991776297e-06
0.5225450901803608 1.3265075137399785e-06
0.5260521042084169 1.4402487616631253e-06
0.529559118236473 1.5555389876383306e-06
0.533066132264529 1.6700841149989907e-06
0.5365731462925851 1.7810227418489714e-06
0.5400801603206413 1.8848900202004427e-06
0.5435871743486974 1.9776020879641077e-06
0.5470941883767535 2.054466184384461e-06
0.5506012024048096 2.1102201488274664e-06
0.5541082164328658 2.139104356645145e-06
0.5576152304609219 2.1349724221689276e-06
0.561122244488978 2.091463819303184e-06
0.564629258517034 2.002316771093149e-06
0.5681362725450901 1.862059040711599e-06
0.5716432865731463 1.6677265299618478e-06
0.5751503006012024 1.4230650935006798e-06
0.5786573146292585 1.1465625509345336e-06
0.5821643286573146 8.765911475418358e-07
0.5856713426853708 6.534372891065263e-07
0.5891783567134269 4.902174517983546e-07
0.592685370741483 3.7623980134780825e-07
0.5961923847695391 2.962788029385482e-07
0.5996993987975952 2.387969005467593e-07
0.6032064128256514 1.9628953319603957e-07
0.6067134268537074 1.6401126313195204e-07
0.6102204408817635 1.3892283792859314e-07
0.6137274549098196 1.1902753005013513e-07
0.6172344689378757 1.0297626832637207e-07
0.6207414829659319 8.98327070011414e-08
0.624248496993988 7.893075656517312e-08
0.6277555110220441 6.978597920352407e-08
0.6312625250501002 6.203902695408778e-08
0.6347695390781564 5.5418608217150385e-08
0.6382765531062125 4.971666456550742e-08
0.6417835671342685 4.477136941201375e-08
0.6452905811623246 4.0455244039030556e-08
0.6487975951903807 3.666672135340421e-08
0.6523046092184369 3.332402374836395e-08
0.655811623246493 3.036068790189943e-08
0.6593186372745491 2.7722228273406914e-08
0.6628256513026052 2.5363716867214143e-08
0.6663326653306614 2.324769040609585e-08
0.6698396793587175 2.1342722787307783e-08
0.6733466933867736 1.962233287038526e-08
0.6768537074148296 1.8064067090796546e-08
0.6803607214428857 1.6648779037899524e-08
0.6838677354709419 1.536006253235376e-08
0.687374749498998 1.418379546342696e-08
0.6908817635270541 1.3107752552072008e-08
0.6943887775551102 1.212137059309792e-08
0.6978957915831664 1.1215366153000105e-08
0.7014028056112225 1.0381671613785712e-08
0.7049098196392786 9.613192013327251e-09
0.7084168336673347 8.9036783158383e-09
0.7119238476953907 8.247615372454143e-09
0.7154308617234469 7.640143187119807e-09
0.718937875751503 7.076843439928958e-09
0.7224448897795591 6.553933861939373e-09
0.7259519038076152 6.067941453001532e-09
0.7294589178356714 5.615782495745664e-09
0.7329659318637275 5.194702693611429e-09
0.7364729458917836 4.802216761156075e-09
0.7399799599198397 4.4360973897093235e-09
0.7434869739478958 4.094337198545632e-09
0.746993987975952 3.775124425769556e-09
0.750501002004008 3.4768249054491974e-09
0.7540080160320641 3.1979552821920047e-09
0.7575150300601202 2.9371791066560657e-09
0.7610220440881763 2.6932824991908863e-09
0.7645290581162325 2.465162986286083e-09
0.7680360721442886 2.251822448637405e-09
0.7715430861723447 2.0523525673258656e-09
0.7750501002004008 1.8659283916768895e-09
0.778557114228457 1.6917991216289063e-09
0.7820641282565131 1.5292821522467958e-09
0.7855711422845691 1.3777558084121798e-09
0.7890781563126252 1.2366497224913853e-09
0.7925851703406813 1.1054484446435606e-09
0.7960921843687375 9.836765412628959e-10
0.7995991983967936 8.708985796969413e-10
0.8031062124248497 7.667140781439781e-10
0.8066132264529058 6.707520703368659e-10
0.810120240480962 5.826677226192273e-10
0.8136272545090181 5.021369898452311e-10
0.8171342685370742 4.288561125910931e-10
0.8206412825651302 3.625307394191432e-10
0.8241482965931863 3.0287899057007565e-10
0.8276553106212425 2.4962395282959817e-10
0.8311623246492986 2.0249139868304383e-10
0.8346693386773547 1.6120443909187222e-10
0.8381763527054108 1.2548116558875946e-10
0.8416833667334669 9.503201128705695e-11
0.8451903807615231 6.955200478147528e-11
0.8486973947895792 4.8723431414385715e-11
0.8522044088176353 3.220542253828704e-11
0.8557114228456913 1.9633261787796734e-11
0.8592184368737475 1.0610950943222766e-11
0.8627254509018036 4.69832351445471e-12
0.8662324649298597 1.4022828580709232e-12
0.8697394789579158 1.255754859277663e-13
0.8732464929859719 0.0
0.8767535070140281 0.0
0.8802605210420842 0.0
0.8837675350701403 0.0
0.8872745490981964 0.0
0.8907815631262526 0.0
0.8942885771543087 0.0
0.8977955911823647 0.0
0.9013026052104208 0.0
0.9048096192384769 0.0
0.9083166332665331 0.0
0.9118236472945892 0.0
0.9153306613226453 0.0
0.9188376753507014 0.0
0.9223446893787576 0.0
0.9258517034068137 0.0
0.9293587174348698 0.0
0.9328657314629258 0.0
0.9363727454909819 0.0
0.9398797595190381 0.0
0.9433867735470942 0.0
0.9468937875751503 0.0
0.9504008016032064 0.0
0.9539078156312626 0.0
0.9574148296593187 0.0
0.9609218436873748 0.0
0.9644288577154309 0.0
0.9679358717434869 0.0
0.9714428857715431 0.0
0.9749498997995992 0.0
0.9784569138276553 0.0
0.9819639278557114 0.0
0.9854709418837675 0.0
0.9889779559118237 0.0
0.9924849699398798 0.0
0.9959919839679359 0.0
0.999498997995992 0.0
1.003006012024048 0.0
1.0065130260521042 0.0
1.0100200400801604 0.0
1.0135270541082164 0.0
1.0170340681362726 0.0
1.0205410821643286 0.0
1.0240480961923848 0.0
1.027555110220441 0.0
1.031062124248497 0.0
1.0345691382765532 0.0
1.0380761523046091 0.0
1.0415831663326653 0.0
1.0450901803607215 0.0
1.0485971943887775 0.0
1.0521042084168337 0.0
1.0556112224448897 0.0
1.059118236472946 0.0
1.062625250501002 0.0
1.066132264529058 0.0
1.0696392785571143 0.0
1.0731462925851702 0.0
1.0766533066132264 0.0
1.0801603206412826 0.0
1.0836673346693386 0.0
1.0871743486973948 0.0
1.090681362725451 0.0
1.094188376753507 0.0
1.0976953907815632 0.0
1.1012024048096192 0.0
1.1047094188376754 0.0
1.1082164328657316 0.0
1.1117234468937875 0.0
1.1152304609218437 0.0
1.1187374749498997 0.0
1.122244488977956 0.0
1.1257515030060121 0.0
1.129258517034068 0.0
1.1327655310621243 0.0
1.1362725450901803 0.0
1.1397795591182365 0.0
1.1432865731462927 0.0
1.1467935871743486 0.0
1.1503006012024048 0.0
1.1538076152304608 0.0
1.157314629258517 0.0
1.1608216432865732 0.0
1.1643286573146292 0.0
1.1678356713426854 0.0
1.1713426853707416 0.0
1.1748496993987976 0.0
1.1783567134268538 0.0
1.1818637274549098 0.0
1.185370741482966 0.0
1.1888777555110221 0.0
1.1923847695390781 0.0
1.1958917835671343 0.0
1.1993987975951903 0.0
1.2029058116232465 0.0
1.2064128256513027 0.0
1.2099198396793587 0.0
1.2134268537074149 0.0
1.2169338677354709 0.0
1.220440881763527 0.0
1.2239478957915833 0.0
1.2274549098196392 0.0
1.2309619238476954 0.0
1.2344689378757514 0.0
1.2379759519038076 0.0
1.2414829659318638 0.0
1.2449899799599198 0.0
1.248496993987976 0.0
1.2520040080160322 0.0
1.2555110220440882 0.0
1.2590180360721444 0.0
1.2625250501002003 0.0
1.2660320641282565 0.0
1.2695390781563127 0.0
1.2730460921843687 0.0
1.276553106212425 0.0
1.2800601202404809 0.0
1.283567134268537 0.0
1.2870741482965933 0.0
1.2905811623246493 0.0
1.2940881763527055 0.0
1.2975951903807614 0.0
1.3011022044088176 0.0
1.3046092184368738 0.0
1.3081162324649298 0.0
1.311623246492986 0.0
1.3151302605210422 0.0
1.3186372745490982 0.0
1.3221442885771544 0.0
1.3256513026052104 0.0
1.3291583166332666 0.0
1.3326653306613228 0.0
1.3361723446893787 0.0
1.339679358717435 0.0
1.343186372745491 0.0
1.346693386773547 0.0
1.3502004008016033 0.0
1.3537074148296593 0.0
1.3572144288577155 0.0
1.3607214428857715 0.0
1.3642284569138277 0.0
1.3677354709418839 0.0
1.3712424849699398 0.0
1.374749498997996 0.0
1.378256513026052 0.0
1.3817635270541082 0.0
1.3852705410821644 0.0
1.3887775551102204 0.0
1.3922845691382766 0.0
1.3957915831663328 0.0
1.3992985971943888 0.0
1.402805611222445 0.0
1.406312625250501 0.0
1.4098196392785571 0.0
1.4133266533066133 0.0
1.4168336673346693 0.0
1.4203406813627255 0.0
1.4238476953907815 0.0
1.4273547094188377 0.0
1.4308617234468939 0.0
1.4343687374749499 0.0
1.437875751503006 0.0
1.441382765531062 0.0
1.4448897795591182 0.0
1.4483967935871744 0.0
1.4519038076152304 0.0
1.4554108216432866 0.0
1.4589178356713428 0.0
1.4624248496993988 0.0
1.465931863727455 0.0
1.469438877755511 0.0
1.4729458917835672 0.0
1.4764529058116234 0.0
1.4799599198396793 0.0
1.4834669338677355 0.0
1.4869739478957915 0.0
1.4904809619238477 0.0
1.493987975951904 0.0
1.49749498997996 0.0
1.501002004008016 0.0
1.504509018036072 0.0
1.5080160320641283 0.0
1.5115230460921845 0.0
1.5150300601202404 0.0
1.5185370741482966 0.0
1.5220440881763526 0.0
1.5255511022044088 0.0
1.529058116232465 0.0
1.532565130260521 0.0
1.5360721442885772 0.0
1.5395791583166334 0.0
1.5430861723446894 0.0
1.5465931863727456 0.0
1.5501002004008015 0.0
1.5536072144288577 0.0
1.557114228456914 0.0
1.56062124248497 0.0
1.5641282565130261 0.0
1.567635270541082 0.0
1.5711422845691383 0.0
1.5746492985971945 0.0
1.5781563126252505 0.0
1.5816633266533067 0.0
1.5851703406813626 0.0
1.5886773547094188 0.0
1.592184368737475 0.0
1.595691382765531 0.0
1.5991983967935872 0.0
1.6027054108216432 0.0
1.6062124248496994 0.0
1.6097194388777556 0.0
1.6132264529058116 0.0
1.6167334669338678 0.0
1.620240480961924 0.0
1.62374749498998 0.0
1.6272545090180361 0.0
1.6307615230460921 0.0
1.6342685370741483 0.0
1.6377755511022045 0.0
1.6412825651302605 0.0
1.6447895791583167 0.0
1.6482965931863727 0.0
1.6518036072144289 0.0
1.655310621242485 0.0
1.658817635270541 0.0
1.6623246492985972 0.0
1.6658316633266532 0.0
1.6693386773547094 0.0
1.6728456913827656 0.0
1.6763527054108216 0.0
1.6798597194388778 0.0
1.6833667334669338 0.0
1.68687374749499 0.0
1.6903807615230462 0.0
1.6938877755511021 0.0
1.6973947895791583 0.0
1.7009018036072145 0.0
1.7044088176352705 0.0
1.7079158316633267 0.0
1.7114228456913827 0.0
1.714929859719439 0.0
1.718436873747495 0.0
1.721943887775551 0.0
1.7254509018036073 0.0
1.7289579158316633 0.0
1.7324649298597194 0.0
1.7359719438877756 0.0
1.7394789579158316 0.0
1.7429859719438878 0.0
1.7464929859719438 0.0
1.75 0.0
