0.0 nan
0.0035070140280561123 1.628057726173603e-08
0.0070140280561122245 1.7327450388491616e-08
0.010521042084168337 1.841179932892866e-08
0.014028056112224449 1.953250901806807e-08
0.01753507014028056 2.0688295644942587e-08
0.021042084168336674 2.1877717221165677e-08
0.024549098196392786 2.309918582883037e-08
0.028056112224448898 2.435098126819452e-08
0.031563126252505014 2.563126580267217e-08
0.03507014028056112 2.6938099686355917e-08
0.03857715430861723 2.8269457159719755e-08
0.04208416833667335 2.9623242612933486e-08
0.04559118236472946 3.099730663027607e-08
0.04909819639278557 3.2389461665314824e-08
0.05260521042084168 3.379749713120199e-08
0.056112224448897796 3.521919373366862e-08
0.05961923847695391 3.6652336920877535e-08
0.06312625250501003 3.8094729372869437e-08
0.06663326653306613 3.9544202502473065e-08
0.07014028056112225 4.099862698903078e-08
0.07364729458917836 4.245592240848925e-08
0.07715430861723446 4.391406607285894e-08
0.08066132264529058 4.537110122044321e-08
0.0841683366733467 4.682514473458496e-08
0.08767535070140281 4.827439458861106e-08
0.09118236472945893 4.9717137227651885e-08
0.09468937875751503 5.115175509910783e-08
0.09819639278557114 5.257673453092622e-08
0.10170340681362726 5.3990674128243705e-08
0.10521042084168336 5.539229381279263e-08
0.10871743486973948 5.678044456433029e-08
0.11222444889779559 5.815411883929302e-08
0.11573146292585171 5.95124615404781e-08
0.11923847695390782 6.085478129720079e-08
0.12274549098196393 6.218056169493607e-08
0.12625250501002006 6.348947197751899e-08
0.12975951903807614 6.478137664643575e-08
0.13326653306613226 6.605634331552141e-08
0.13677354709418837 6.731464815979501e-08
0.1402805611222445 6.85567783362021e-08
0.1437875751503006 6.97834308576412e-08
0.14729458917835672 7.099550756827812e-08
0.15080160320641284 7.219410608667742e-08
0.15430861723446893 7.338050683406108e-08
0.15781563126252504 7.455615652166742e-08
0.16132264529058116 7.572264870512039e-08
0.16482965931863727 7.688170219842915e-08
0.1683366733466934 7.803513825603901e-08
0.1718436873747495 7.918485746867826e-08
0.17535070140280562 8.033281727864304e-08
0.17885771543086174 8.148101091404421e-08
0.18236472945891785 8.26314483872246e-08
0.18587174348697394 8.378614002183661e-08
0.18937875751503006 8.494708278661385e-08
0.19288577154308617 8.611624953975005e-08
0.1963927855711423 8.729558113853216e-08
0.1998997995991984 8.848698125188067e-08
0.20340681362725452 8.969231363085401e-08
0.20691382765531063 9.091340154229541e-08
0.21042084168336672 9.215202904933292e-08
0.21392785571142284 9.340994382355914e-08
0.21743486973947895 9.468886119155544e-08
0.22094188376753507 9.599046914717439e-08
0.22444889779559118 9.731643409596445e-08
0.2279559118236473 9.866840713550996e-08
0.23146292585170342 1.0004803071242949e-07
0.23496993987975953 1.0145694553155875e-07
0.23847695390781565 1.0289679762424825e-07
0.24198396793587174 1.0436924551034048e-07
0.24549098196392785 1.0587596741196628e-07
0.24899799599198397 1.0741866849719327e-07
0.2525050100200401 1.0899908814801064e-07
0.2560120240480962 1.1061900726059913e-07
0.2595190380761523 1.1228025559680956e-07
0.26302605210420843 1.1398471921473673e-07
0.2665330661322645 1.1573434801359252e-07
0.27004008016032066 1.1753116343425413e-07
0.27354709418837675 1.1937726636217174e-07
0.2770541082164329 1.2127484528403304e-07
0.280561122244489 1.2322618475410938e-07
0.28406813627254507 1.252336742306325e-07
0.2875751503006012 1.2729981734714405e-07
0.2910821643286573 1.2942724168871445e-07
0.29458917835671344 1.3161870914836876e-07
0.29809619238476953 1.338771269452567e-07
0.3016032064128257 1.3620555939298645e-07
0.30511022044088176 1.3860724051461867e-07
0.30861723446893785 1.4108558760988506e-07
0.312124248496994 1.4364421589079816e-07
0.3156312625250501 1.462869543138033e-07
0.3191382765531062 1.490178627507046e-07
0.3226452905811623 1.5184125065639936e-07
0.32615230460921846 1.5476169741005638e-07
0.32965931863727455 1.577840745274497e-07
0.3331663326653307 1.6091356996666188e-07
0.3366733466933868 1.6415571477742592e-07
0.34018036072144286 1.6751641237699225e-07
0.343687374749499 1.710019707727728e-07
0.3471943887775551 1.7461913809555803e-07
0.35070140280561124 1.7837514185736774e-07
0.35420841683366733 1.8227773240635108e-07
0.35771543086172347 1.8633523111912393e-07
0.36122244488977956 1.905565839500171e-07
0.3647294589178357 1.9495142104902712e-07
0.3682364729458918 1.995301232684737e-07
0.3717434869739479 2.0430389650491374e-07
0.375250501002004 2.092848549720276e-07
0.3787575150300601 2.1448611467550165e-07
0.38226452905811625 2.1992189856848683e-07
0.38577154308617234 2.256076551115146e-07
0.3892785571142285 2.3156019225251405e-07
0.3927855711422846 2.3779782918964992e-07
0.39629258517034066 2.443405686944616e-07
0.3997995991983968 2.5121029326944117e-07
0.4033066132264529 2.584309890111817e-07
0.40681362725450904 2.660290017698007e-07
0.4103206412825651 2.7403333106598713e-07
0.41382765531062127 2.82475968284203e-07
0.41733466933867736 2.9139228694790695e-07
0.42084168336673344 3.008214944614914e-07
0.4243486973947896 3.108071566361095e-07
0.4278557114228457 3.2139780871121666e-07
0.4313627254509018 3.3264766954512136e-07
0.4348697394789579 3.4461747934252555e-07
0.43837675350701405 3.573754859148196e-07
0.44188376753507014 3.70998610299744e-07
0.4453907815631263 3.855738299582588e-07
0.44889779559118237 4.0119982719519776e-07
0.45240480961923846 4.1798896256204775e-07
0.4559118236472946 4.3606964867053665e-07
0.4594188376753507 4.5558922027944225e-07
0.46292585170340683 4.767174233820239e-07
0.4664328657314629 4.996506816528682e-07
0.46993987975951906 5.246173463135632e-07
0.47344689378757515 5.518841999685608e-07
0.4769539078156313 5.817645730764659e-07
0.4804609218436874 6.146285534594889e-07
0.48396793587174347 6.509159394513965e-07
0.4874749498997996 6.911528282590796e-07
0.4909819639278557 7.359730769345297e-07
0.49448897795591185 7.861463768708715e-07
0.49799599198396793 8.426154273320815e-07
0.501503006012024 9.06545813195337e-07
0.5050100200400802 9.793939063941596e-07
0.5085170340681363 1.063000786857415e-06
0.5120240480961924 1.1597244453568467e-06
0.5155310621242485 1.2726294872772587e-06
0.5190380761523046 1.4057651735736106e-06
0.5225450901803608 1.5645825276902154e-06
0.5260521042084169 1.7565761760207189e-06
0.529559118236473 1.9922994463370004e-06
0.533066132264529 2.2870164685480823e-06
0.5365731462925851 2.6634671130002774e-06
0.5400801603206413 3.1565973976789623e-06
0.5435871743486974 3.82167431154748e-06
0.5470941883767535 4.747441930162222e-06
0.5506012024048096 6.072215131805795e-06
0.5541082164328658 7.977164277562865e-06
0.5576152304609219 1.0564213498417637e-05
0.561122244488978 1.3588833099819597e-05
0.564629258517034 1.6560359994278677e-05
0.5681362725450901 1.9272114656703915e-05
0.5716432865731463 2.1769019649677367e-05
0.5751503006012024 2.4080157353864042e-05
0.5786573146292585 2.6172559621668155e-05
0.5821643286573146 2.798739559287065e-05
0.5856713426853708 2.9469127209381723e-05
0.5891783567134269 3.0580422470391246e-05
0.592685370741483 3.130750413365523e-05
0.5961923847695391 3.1659357886798426e-05
0.5996993987975952 3.166328194737477e-05
0.6032064128256514 3.135884196852991e-05
0.6067134268537074 3.0791824384391274e-05
0.6102204408817635 3.000918360049832e-05
0.6137274549098196 2.9055401419738696e-05
0.6172344689378757 2.7970250841584417e-05
0.6207414829659319 2.678771917919976e-05
0.624248496993988 2.5535764894452466e-05
0.6277555110220441 2.4236600039278772e-05
0.6312625250501002 2.2907252511109064e-05
0.6347695390781564 2.156023397361525e-05
0.6382765531062125 2.0204202081516077e-05
0.6417835671342685 1.8844553586292266e-05
0.6452905811623246 1.748391913400397e-05
0.6487975951903807 1.612255653390995e-05
0.6523046092184369 1.4758667211254824e-05
0.655811623246493 1.3388711876056514e-05
0.6593186372745491 1.200792885883272e-05
0.6628256513026052 1.0611599842012441e-05
0.6663326653306614 9.198492765517727e-06
0.6698396793587175 7.779771459139251e-06
0.6733466933867736 6.397411655562485e-06
0.6768537074148296 5.140520945609216e-06
0.6803607214428857 4.108771268312744e-06
0.6838677354709419 3.3307526537309878e-06
0.687374749498998 2.7613224267648055e-06
0.6908817635270541 2.3397510540566544e-06
0.6943887775551102 2.0191813077172016e-06
0.6978957915831664 1.7684319237092624e-06
0.7014028056112225 1.5672868660646526e-06
0.7049098196392786 1.4024409376275426e-06
0.7084168336673347 1.2648947464303801e-06
0.7119238476953907 1.1483805090130685e-06
0.7154308617234469 1.0484107205771777e-06
0.718937875751503 9.616915165891425e-07
0.7224448897795591 8.8575125620753e-07
0.7259519038076152 8.186988716758733e-07
0.7294589178356714 7.590624919226463e-07
0.7329659318637275 7.056790382807236e-07
0.7364729458917836 6.576170069512823e-07
0.7399799599198397 6.141213697304458e-07
0.7434869739478958 5.745735373323238e-07
0.746993987975952 5.384617850519773e-07
0.750501002004008 5.053590781736744e-07
0.7540080160320641 4.7490621800145367e-07
0.7575150300601202 4.4679887264082785e-07
0.7610220440881763 4.207774822737662e-07
0.7645290581162325 3.9661932114087464e-07
0.7680360721442886 3.741321941476805e-07
0.7715430861723447 3.5314938785740244e-07
0.7750501002004008 3.3352559286901334e-07
0.778557114228457 3.1513358574880526e-07
0.7820641282565131 2.978615098952454e-07
0.7855711422845691 2.81610632690539e-07
0.7890781563126252 2.662934840862979e-07
0.7925851703406813 2.5183230290028727e-07
0.7960921843687375 2.381577330013839e-07
0.7995991983967936 2.2520772364812737e-07
0.8031062124248497 2.1292659761093885e-07
0.8066132264529058 2.0126425793850107e-07
0.810120240480962 1.901755098873351e-07
0.8136272545090181 1.7961947897383497e-07
0.8171342685370742 1.6955910963200883e-07
0.8206412825651302 1.5996073176068743e-07
0.8241482965931863 1.5079368468830113e-07
0.8276553106212425 1.4202998988708654e-07
0.8311623246492986 1.3364351627420407e-07
0.8346693386773547 1.2561247487325222e-07
0.8381763527054108 1.1791370910833522e-07
0.8416833667334669 1.1052799266558693e-07
0.8451903807615231 1.0343711075683339e-07
0.8486973947895792 9.662426115706296e-08
0.8522044088176353 9.007391865672259e-08
0.8557114228456913 8.377171622727954e-08
0.8592184368737475 7.770433890854109e-08
0.8627254509018036 7.185942906029869e-08
0.8662324649298597 6.622550160475634e-08
0.8697394789579158 6.079186805801885e-08
0.8732464929859719 5.554856830896635e-08
0.8767535070140281 5.0486309262864865e-08
0.8802605210420842 4.559640951325592e-08
0.8837675350701403 4.0870749439887e-08
0.8872745490981964 3.630172606439046e-08
0.8907815631262526 3.1882212172975293e-08
0.8942885771543087 2.7605519249203953e-08
0.8977955911823647 2.3465363790394596e-08
0.9013026052104208 1.9455836688669146e-08
0.9048096192384769 1.5571375326084396e-08
0.9083166332665331 1.1806738128452967e-08
0.9118236472945892 8.15698132430485e-09
0.9153306613226453 4.617437691751667e-09
0.9188376753507014 1.1836970989840165e-09
0.9223446893787576 -2.148411334437178e-09
0.9258517034068137 -5.382835609817223e-09
0.9293587174348698 -8.523315892514008e-09
0.9328657314629258 -1.1573398350137718e-08
0.9363727454909819 -1.4536447898763832e-08
0.9398797595190381 -1.7415659947470232e-08
0.9433867735470942 -2.021407123621225e-08
0.9468937875751503 -2.2934569847573197e-08
0.9504008016032064 -2.5579904490113702e-08
0.9539078156312626 -2.8152693038516622e-08
0.9574148296593187 -3.0657484011598366e-08
0.9609218436873748 -3.309049632827949e-08
0.9644288577154309 -3.546016135027301e-08
0.9679358717434869 -3.776659402312808e-08
0.9714428857715431 -4.00118663838733e-08
0.9749498997995992 -4.21979595340959e-08
0.9784569138276553 -4.4326768756911185e-08
0.9819639278557114 -4.6400108288637336e-08
0.9854709418837675 -4.841971575950482e-08
0.9889779559118237 -5.038725636611883e-08
0.9924849699398798 -5.2304326736339645e-08
0.9959919839679359 -5.417245856698795e-08
0.999498997995992 -5.599312202717116e-08
1.003006012024048 -5.776772890609048e-08
1.0065130260521042 -5.949763565882576e-08
1.0100200400801604 -6.118414613947796e-08
1.0135270541082164 -6.282851425657622e-08
1.0170340681362726 -6.443194643150802e-08
1.0205410821643286 -6.599560391474048e-08
1.0240480961923848 -6.752060496406714e-08
1.027555110220441 -6.90080268944388e-08
1.031062124248497 -7.045890800826829e-08
1.0345691382765532 -7.187424945008352e-08
1.0380761523046091 -7.325501674007575e-08
1.0415831663326653 -7.460214175708893e-08
1.0450901803607215 -7.591652389820732e-08
1.0485971943887775 -7.719903291354064e-08
1.0521042084168337 -7.845050419782456e-08
1.0556112224448897 -7.967175213030771e-08
1.059118236472946 -8.08635593160932e-08
1.062625250501002 -8.20266835989755e-08
1.066132264529058 -8.316185811984062e-08
1.0696392785571143 -8.426979227373224e-08
1.0731462925851702 -8.535117270594386e-08
1.0766533066132264 -8.640666424972239e-08
1.0801603206412826 -8.743691079499055e-08
1.0836673346693386 -8.844253616397935e-08
1.0871743486973948 -8.942414487649046e-08
1.090681362725451 -9.038232292720064e-08
1.094188376753507 -9.131763850533866e-08
1.0976953907815632 -9.223064268283245e-08
1.1012024048096192 -9.312187006952007e-08
1.1047094188376754 -9.39918394371142e-08
1.1082164328657316 -9.484105431523437e-08
1.1117234468937875 -9.5670003556714e-08
1.1152304609218437 -9.64791618810898e-08
1.1187374749498997 -9.726899039690429e-08
1.122244488977956 -9.803993704456686e-08
1.1257515030060121 -9.87924371801685e-08
1.129258517034068 -9.952691390606092e-08
1.1327655310621243 -1.0024377856259728e-07
1.1362725450901803 -1.0094343112685299e-07
1.1397795591182365 -1.0162626060620288e-07
1.1432865731462927 -1.0229264593722049e-07
1.1467935871743486 -1.029429537352155e-07
1.1503006012024048 -1.0357754386198263e-07
1.1538076152304608 -1.0419676453459939e-07
1.157314629258517 -1.0480095525391084e-07
1.1608216432865732 -1.0539044658660037e-07
1.1643286573146292 -1.0596556046364812e-07
1.1678356713426854 -1.0652661043302181e-07
1.1713426853707416 -1.0707390197164249e-07
1.1748496993987976 -1.0760773271372615e-07
1.1783567134268538 -1.0812839271155299e-07
1.1818637274549098 -1.0863616465805493e-07
1.185370741482966 -1.0913132413730887e-07
1.1888777555110221 -1.0961413983016366e-07
1.1923847695390781 -1.1008487373162606e-07
1.1958917835671343 -1.1054378135406574e-07
1.1993987975951903 -1.1099111192360006e-07
1.2029058116232465 -1.1142710856907767e-07
1.2064128256513027 -1.1185200850403236e-07
1.2099198396793587 -1.1226604320213079e-07
1.2134268537074149 -1.12669438566325e-07
1.2169338677354709 -1.1306241509196453e-07
1.220440881763527 -1.1344518802390004e-07
1.2239478957915833 -1.1381796758781604e-07
1.2274549098196392 -1.1418095873628106e-07
1.2309619238476954 -1.145343620898034e-07
1.2344689378757514 -1.1487837327279867e-07
1.2379759519038076 -1.152131834473312e-07
1.2414829659318638 -1.1553897935613276e-07
1.2449899799599198 -1.1585594344893563e-07
1.248496993987976 -1.1616425399896612e-07
1.2520040080160322 -1.164640852181323e-07
1.2555110220440882 -1.1675560736742726e-07
1.2590180360721444 -1.170389868644891e-07
1.2625250501002003 -1.1731438638710198e-07
1.2660320641282565 -1.1758196559500169e-07
1.2695390781563127 -1.178418781180475e-07
1.2730460921843687 -1.1809427786758987e-07
1.276553106212425 -1.183393129098549e-07
1.2800601202404809 -1.1857712866265753e-07
1.283567134268537 -1.1880786736117392e-07
1.2870741482965933 -1.190316681331158e-07
1.2905811623246493 -1.1924866708780023e-07
1.2940881763527055 -1.1945899738874204e-07
1.2975951903807614 -1.1966278934488946e-07
1.3011022044088176 -1.1986017040506113e-07
1.3046092184368738 -1.2005126538218714e-07
1.3081162324649298 -1.202361963765085e-07
1.311623246492986 -1.2041508290999975e-07
1.3151302605210422 -1.2058804193711354e-07
1.3186372745490982 -1.2075518808867627e-07
1.3221442885771544 -1.2091680401182154e-07
1.3256513026052104 -1.2107248785637742e-07
1.3291583166332666 -1.2122285836618104e-07
1.3326653306613228 -1.2136785079118467e-07
1.3361723446893787 -1.215075680077088e-07
1.339679358717435 -1.216421109701498e-07
1.343186372745491 -1.2177157855776772e-07
1.346693386773547 -1.2189606762412405e-07
1.3502004008016033 -1.2201567304514048e-07
1.3537074148296593 -1.2213048776581825e-07
1.3572144288577155 -1.2224060284565636e-07
1.3607214428857715 -1.2234610750277583e-07
1.3642284569138277 -1.2244708915684066e-07
1.3677354709418839 -1.225436334708877e-07
1.3712424849699398 -1.2263582439191578e-07
1.374749498997996 -1.227237441892103e-07
1.378256513026052 -1.228074734984384e-07
1.3817635270541082 -1.2288709134783378e-07
1.3852705410821644 -1.2296267520563347e-07
1.3887775551102204 -1.2303430101859308e-07
1.3922845691382766 -1.2310204320849767e-07
1.3957915831663328 -1.231659747804866e-07
1.3992985971943888 -1.2322616728288716e-07
1.402805611222445 -1.23282690874847e-07
1.406312625250501 -1.233356143503638e-07
1.4098196392785571 -1.233850051687e-07
1.4133266533066133 -1.2343092948381405e-07
1.4168336673346693 -1.2347345217285794e-07
1.4203406813627255 -1.2351263686390558e-07
1.4238476953907815 -1.2354854596315625e-07
1.4273547094188377 -1.2358124068175831e-07
1.4308617234468939 -1.2361078106237096e-07
1.4343687374749499 -1.2363722600396918e-07
1.437875751503006 -1.2366063328540593e-07
1.441382765531062 -1.2368105959060797e-07
1.4448897795591182 -1.2369856053163646e-07
1.4483967935871744 -1.2371319067172555e-07
1.4519038076152304 -1.2372500354888917e-07
1.4554108216432866 -1.237340516774921e-07
1.4589178356713428 -1.2374038664317633e-07
1.4624248496993988 -1.2374405899688297e-07
1.465931863727455 -1.237451183827379e-07
1.469438877755511 -1.2374361352838328e-07
1.4729458917835672 -1.237395922476364e-07
1.4764529058116234 -1.2373310145584593e-07
1.4799599198396793 -1.2372418722688367e-07
1.4834669338677355 -1.2371289476838938e-07
1.4869739478957915 -1.236992684605168e-07
1.4904809619238477 -1.236833518687517e-07
1.493987975951904 -1.2366518776056293e-07
1.49749498997996 -1.2364481812675432e-07
1.501002004008016 -1.236222841717775e-07
1.504509018036072 -1.2359762638038988e-07
1.5080160320641283 -1.235708844816408e-07
1.5115230460921845 -1.235420974892697e-07
1.5150300601202404 -1.23511303711065e-07
1.5185370741482966 -1.2347854084078178e-07
1.5220440881763526 -1.234438455847396e-07
1.5255511022044088 -1.2340725444206674e-07
1.529058116232465 -1.2336880296943894e-07
1.532565130260521 -1.2332852614157016e-07
1.5360721442885772 -1.2328646695393695e-07
1.5395791583166334 -1.2324263324816904e-07
1.5430861723446894 -1.2319708406480295e-07
1.5465931863727456 -1.2314984332749198e-07
1.5501002004008015 -1.2310094301037196e-07
1.5536072144288577 -1.2305041452348425e-07
1.557114228456914 -1.2299828871622418e-07
1.56062124248497 -1.2294459589660246e-07
1.5641282565130261 -1.2288936583778894e-07
1.567635270541082 -1.22832627786671e-07
1.5711422845691383 -1.2277441047764163e-07
1.5746492985971945 -1.2271474214079235e-07
1.5781563126252505 -1.2265365051142474e-07
1.5816633266533067 -1.225911628394031e-07
1.5851703406813626 -1.2252730589851039e-07
1.5886773547094188 -1.2246210599557842e-07
1.592184368737475 -1.2239558897943298e-07
1.595691382765531 -1.2232778024982292e-07
1.5991983967935872 -1.2225870476675534e-07
1.6027054108216432 -1.221883870687583e-07
1.6062124248496994 -1.2211685120598213e-07
1.6097194388777556 -1.2204412092751435e-07
1.6132264529058116 -1.2197021946706463e-07
1.6167334669338678 -1.218951696590552e-07
1.620240480961924 -1.2181899417375191e-07
1.62374749498998 -1.2174171488113193e-07
1.6272545090180361 -1.2166335360093833e-07
1.6307615230460921 -1.2158393166228945e-07
1.6342685370741483 -1.2150347004246905e-07
1.6377755511022045 -1.214219893602949e-07
1.6412825651302605 -1.2133950988549025e-07
1.6447895791583167 -1.2125605153264432e-07
1.6482965931863727 -1.2117163388768382e-07
1.6518036072144289 -1.210862761996145e-07
1.655310621242485 -1.209999973902245e-07
1.658817635270541 -1.2091281606007995e-07
1.6623246492985972 -1.2082475049435743e-07
1.6658316633266532 -1.2073581866857552e-07
1.6693386773547094 -1.206460382542327e-07
1.6728456913827656 -1.205554266244424e-07
1.6763527054108216 -1.20464000859437e-07
1.6798597194388778 -1.2037177775276956e-07
1.6833667334669338 -1.202787738257585e-07
1.68687374749499 -1.20185005264759e-07
1.6903807615230462 -1.2009048808134966e-07
1.6938877755511021 -1.1999523794069864e-07
1.6973947895791583 -1.1989927027341425e-07
1.7009018036072145 -1.198026002502812e-07
1.7044088176352705 -1.197052427875292e-07
1.7079158316633267 -1.1960721269694275e-07
1.7114228456913827 -1.1950852395802452e-07
1.714929859719439 -1.194091911920069e-07
1.718436873747495 -1.1931177709670214e-07
1.721943887775551 -1.1920864867928198e-07
1.7254509018036073 -1.1910746612660348e-07
1.7289579158316633 -1.1900569379590174e-07
1.7324649298597194 -1.1890334472532362e-07
1.7359719438877756 -1.188004317364362e-07
1.7394789579158316 -1.1869696743800036e-07
1.7429859719438878 -1.1859296422965723e-07
1.7464929859719438 -1.1848843431046763e-07
1.75 -1.1838338965789515e-07
