0.3973213749463701 0.0
0.39988462233225147 0.0
0.40244786971813284 0.0
0.40501111710401416 0.0
0.40757436448989554 0.0
0.4101376118757769 0.0
0.4127008592616583 0.0
0.41526410664753965 0.0
0.417827354033421 0.0
0.42039060141930235 0.0
0.4229538488051837 0.0
0.4255170961910651 0.0
0.4280803435769464 0.0
0.4306435909628278 0.0
0.43320683834870916 0.0
0.43577008573459053 0.0
0.43833333312047185 0.0
0.4408965805063532 0.0
0.4434598278922346 0.0
0.44602307527811597 0.0
0.44858632266399734 0.0
0.45114957004987866 0.0
0.45371281743576003 0.0
0.4562760648216414 0.0
0.4588393122075228 0.0
0.46140255959340415 0.0
0.46396580697928547 0.0
0.46652905436516684 0.0
0.4690923017510482 0.0
0.4716555491369296 0.0
0.47421879652281096 0.0
0.4767820439086923 0.0
0.47934529129457365 0.0
0.481908538680455 0.0
0.48447178606633634 0.0
0.4870350334522177 0.0
0.4895982808380991 0.0
0.49216152822398046 0.0
0.49472477560986183 0.0
0.49728802299574315 0.0
0.4998512703816245 0.0
0.5024145177675059 0.0
0.5049777651533872 0.0
0.5075410125392686 0.0
0.51010425992515 0.0
0.5126675073110314 0.0
0.5152307546969127 0.0
0.517794002082794 0.0
0.5203572494686755 0.0
0.5229204968545568 0.0
0.5254837442404381 0.0
0.5280469916263195 0.0
0.5306102390122008 0.0
0.5331734863980823 0.0
0.5357367337839636 0.0
0.538299981169845 0.0
0.5408632285557263 0.0
0.5434264759416076 0.0
0.5459897233274891 0.0
0.5485529707133704 0.0
0.5511162180992517 0.0
0.5536794654851331 0.0
0.5562427128710145 0.0
0.5588059602568958 0.0
0.5613692076427772 0.0
0.5639324550286586 0.0
0.56649570241454 0.0
0.5690589498004213 0.0
0.5716221971863027 0.0
0.574185444572184 0.0
0.5767486919580653 0.0
0.5793119393439468 0.0
0.5818751867298281 0.0
0.5844384341157094 0.0
0.5870016815015908 0.0
0.5895649288874721 0.0
0.5921281762733536 0.0
0.5946914236592349 7.594042628273449e-07
0.5972546710451163 5.023997740278013e-06
0.5998179184309976 6.4072824339338e-06
0.602381165816879 7.119580882950005e-06
0.6049444132027604 7.4846498617003665e-06
0.6075076605886417 7.640080928440186e-06
0.610070907974523 7.660254703158764e-06
0.6126341553604044 7.590365217812139e-06
0.6151974027462858 7.459796468238018e-06
0.6177606501321671 7.288489735029136e-06
0.6203238975180485 7.090367379027059e-06
0.6228871449039299 6.875335511735718e-06
0.6254503922898113 6.650529225093838e-06
0.6280136396756926 6.4211232738578685e-06
0.630576887061574 6.190878922958631e-06
0.6331401344474553 5.9625232859327855e-06
0.6357033818333366 5.738018420973964e-06
0.6382666292192181 5.518755713883943e-06
0.6408298766050994 5.3056983845316054e-06
0.6433931239909807 5.0994872371114266e-06
0.6459563713768621 4.900519920173039e-06
0.6485196187627436 4.7090108176687925e-06
0.6510828661486248 4.525036602791799e-06
0.6536461135345062 4.3485710671342585e-06
0.6562093609203876 4.1795118549542686e-06
0.6587726083062689 4.01770104023575e-06
0.6613358556921503 3.862940989476658e-06
0.6638991030780317 3.715006594760978e-06
0.666462350463913 3.573654699004893e-06
0.6690255978497943 3.4386313407275045e-06
0.6715888452356757 3.3096773002588974e-06
0.6741520926215571 3.186532319654461e-06
0.6767153400074384 3.0689382853023703e-06
0.6792785873933198 2.9566415985237956e-06
0.6818418347792012 2.849394910466507e-06
0.6844050821650826 2.746958359687766e-06
0.6869683295509639 2.649100421356089e-06
0.6895315769368453 2.5555984539937335e-06
0.6920948243227266 2.4662390116461035e-06
0.6946580717086079 2.380817975176485e-06
0.6972213190944894 2.299140545189028e-06
0.6997845664803707 2.221021130224186e-06
0.702347813866252 2.14628315684484e-06
0.7049110612521334 2.0747588226476155e-06
0.7074743086380149 2.006288808789093e-06
0.7100375560238961 1.9407219650736494e-06
0.7126008034097775 1.877914977823396e-06
0.7151640507956589 1.8177320284944389e-06
0.7177272981815402 1.7600444492022531e-06
0.7202905455674216 1.704730379881793e-06
0.722853792953303 1.6516744306612452e-06
0.7254170403391843 1.600767352115478e-06
0.7279802877250656 1.5519057153395844e-06
0.730543535110947 1.5049916032076911e-06
0.7331067824968284 1.4599323137280373e-06
0.7356700298827097 1.4166400760480524e-06
0.7382332772685911 1.3750317793844817e-06
0.7407965246544725 1.3350287149371438e-06
0.7433597720403538 1.296556330679185e-06
0.7459230194262352 1.2595439987911545e-06
0.7484862668121166 1.2239247954130337e-06
0.7510495141979979 1.18963529232085e-06
0.7536127615838792 1.156615360087508e-06
0.7561760089697607 1.1248079822568455e-06
0.758739256355642 1.0941590800417253e-06
0.7613025037415233 1.0646173470491174e-06
0.7638657511274047 1.0361340935348717e-06
0.766428998513286 1.0086630996964689e-06
0.7689922458991674 9.82160477522314e-07
0.7715554932850488 9.565845407295462e-07
0.7741187406709302 9.318956823382546e-07
0.7766819880568115 9.080562594474755e-07
0.7792452354426929 8.850304847968966e-07
0.7818084828285743 8.627843247173763e-07
0.7843717302144556 8.412854030926831e-07
0.7869349776003369 8.205029109742511e-07
0.7894982249862184 8.004075215096531e-07
0.7920614723720997 7.809713098642168e-07
0.794624719757981 7.62167677833113e-07
0.7971879671438624 7.439712828587163e-07
0.7997512145297438 7.263579711846371e-07
0.802314461915625 7.093047148938586e-07
0.8048777093015065 6.92789552593501e-07
0.8074409566873879 6.767915335232454e-07
0.8100042040732692 6.612906648780424e-07
0.8125674514591505 6.46267862148686e-07
0.815130698845032 6.317049022960513e-07
0.8176939462309133 6.175843795862275e-07
0.8202571936167946 6.038896639246583e-07
0.822820441002676 5.906048615375077e-07
0.8253836883885574 5.777147778581091e-07
0.8279469357744387 5.652048824852028e-07
0.8305101831603201 5.530612760881873e-07
0.8330734305462015 5.412706591424125e-07
0.8356366779320828 5.29820302384959e-07
0.8381999253179642 5.186980188882459e-07
0.8407631727038456 5.0789213765528e-07
0.8433264200897269 4.973914786464302e-07
0.8458896674756082 4.871853291532383e-07
0.8484529148614897 4.772634214401118e-07
0.851016162247371 4.6761591157968705e-07
0.8535794096332523 4.582333594122748e-07
0.8561426570191337 4.4910670956414814e-07
0.8587059044050152 4.402272734634778e-07
0.8612691517908964 4.315867122965139e-07
0.8638323991767778 4.231770208501478e-07
0.8663956465626592 4.1499051219032967e-07
0.8689588939485405 4.0701980312886153e-07
0.8715221413344219 3.992578004340585e-07
0.8740853887203033 3.916976877434218e-07
0.8766486361061846 3.843329131390409e-07
0.8792118834920659 3.7715717734879943e-07
0.8817751308779473 3.7016442253869154e-07
0.8843383782638287 3.6334882166363787e-07
0.88690162564971 3.5670476834612884e-07
0.8894648730355914 3.502268672538473e-07
0.8920281204214728 3.439099249491567e-07
0.8945913678073542 3.377489411848948e-07
0.8971546151932355 3.3173910062246116e-07
0.8997178625791169 3.258757649495621e-07
0.9022811099649982 3.20154465376299e-07
0.9048443573508795 3.145708954895373e-07
0.907407604736761 3.0912090444663073e-07
0.9099708521226423 3.0380049049067707e-07
0.9125340995085237 2.986057947704952e-07
0.915097346894405 2.935330954494794e-07
0.9176605942802863 2.8857880208836555e-07
0.9202238416661678 2.8373945028781903e-07
0.9227870890520491 2.7901169657751296e-07
0.9253503364379304 2.743923135391375e-07
0.9279135838238118 2.698781851514631e-07
0.9304768312096932 2.654663023462549e-07
0.9330400785955746 2.611537587644269e-07
0.9356033259814559 2.5693774670244643e-07
0.9381665733673372 2.528155532395053e-07
0.9407298207532186 2.4878455653652257e-07
0.9432930681391 2.4484222229849926e-07
0.9458563155249814 2.409861003922339e-07
0.9484195629108627 2.3721382161180224e-07
0.950982810296744 2.335230945846478e-07
0.9535460576826255 2.2991170281146548e-07
0.9561093050685068 2.2637750183347606e-07
0.9586725524543882 2.2291841652096493e-07
0.9612357998402695 2.195324384773413e-07
0.9637990472261508 2.1621762355322458e-07
0.9663622946120323 2.1297208946537238e-07
0.9689255419979136 2.0979401351554517e-07
0.971488789383795 2.066816304046176e-07
0.9740520367696763 2.0363323013752726e-07
0.9766152841555577 2.0064715601485335e-07
0.9791785315414391 1.977218027070318e-07
0.9817417789273204 1.9485561440742905e-07
0.9843050263132017 1.9204708306067205e-07
0.9868682736990831 1.8929474666282142e-07
0.9894315210849645 1.8659718763014016e-07
0.9919947684708459 1.8395303123337614e-07
0.9945580158567272 1.8136094409462445e-07
0.9971212632426085 1.788196327439798e-07
0.99968451062849 1.7632784223333296e-07
1.0022477580143714 1.738843548047856e-07
1.0048110054002528 1.7148798861128405e-07
1.007374252786134 1.6913759648718832e-07
1.0099375001720152 1.6683206476660231e-07
1.0125007475578967 1.645703121474019e-07
1.015063994943778 1.6235128859897674e-07
1.0176272423296595 1.601739743118213e-07
1.020190489715541 1.5803737868718096e-07
1.0227537371014221 1.5594053936504415e-07
1.0253169844873036 1.5388252128886728e-07
1.0278802318731848 1.5186241580547225e-07
1.0304434792590662 1.498793397986457e-07
1.0330067266449476 1.4793243485502978e-07
1.035569974030829 1.4602086646096192e-07
1.0381332214167105 1.4414382322897796e-07
1.0406964688025917 1.4230051615275936e-07
1.043259716188473 1.4049017788935303e-07
1.0458229635743543 1.3871206206754986e-07
1.0483862109602358 1.3696544262135992e-07
1.0509494583461172 1.352496131475587e-07
1.0535127057319986 1.335638862863445e-07
1.0560759531178798 1.3190759312416672e-07
1.0586392005037613 1.3028008261784773e-07
1.0612024478896425 1.286807210391438e-07
1.063765695275524 1.2710889143893388e-07
1.0663289426614053 1.255639931302676e-07
1.0688921900472867 1.240454411895229e-07
1.0714554374331682 1.2255266597496618e-07
1.0740186848190494 1.2108511266204155e-07
1.0765819322049308 1.1964224079472872e-07
1.079145179590812 1.1822352385235966e-07
1.0817084269766934 1.1682844883129e-07
1.0842716743625749 1.1545651584086023e-07
1.0868349217484563 1.141072377130962e-07
1.0893981691343375 1.1278013962563259e-07
1.091961416520219 1.1147475873735312e-07
1.0945246639061001 1.1019064383626783e-07
1.0970879112919816 1.0892735499917197e-07
1.099651158677863 1.0768446326264152e-07
1.1022144060637444 1.0646155030494242e-07
1.1047776534496259 1.0525820813845198e-07
1.107340900835507 1.0407403881220163e-07
1.1099041482213885 1.0290865412416497e-07
1.1124673956072697 1.0176167534294166e-07
1.1150306429931511 1.0063273293848576e-07
1.1175938903790326 9.952146632155415e-08
1.120157137764914 9.842752359155775e-08
1.1227203851507954 9.735056129250985e-08
1.1252836325366766 9.6290244176787e-08
1.1278468799225578 9.524624497641313e-08
1.1304101273084393 9.421824418160609e-08
1.1329733746943207 9.320592982632626e-08
1.1355366220802021 9.220899728057702e-08
1.1380998694660835 9.122714904922229e-08
1.1406631168519648 9.026009457709045e-08
1.1432263642378462 8.930755006014343e-08
1.1457896116237274 8.836923826250368e-08
1.1483528590096088 8.744488833912964e-08
1.1509161063954902 8.653423566394959e-08
1.1534793537813717 8.563702166326399e-08
1.156042601167253 8.475299365423208e-08
1.1586058485531343 8.388190468827337e-08
1.1611690959390155 8.302351339921787e-08
1.163732343324897 8.217758385603335e-08
1.1662955907107784 8.134388541999042e-08
1.1688588380966598 8.052219260610014e-08
1.1714220854825412 7.971228494869558e-08
1.1739853328684224 7.891394687100388e-08
1.1765485802543039 7.812696755858829e-08
1.179111827640185 7.735114083652484e-08
1.1816750750260665 7.658626505019085e-08
1.184238322411948 7.583214294954836e-08
1.1868015697978294 7.508858157680618e-08
1.1893648171837108 7.435539215734914e-08
1.191928064569592 7.363238999382964e-08
1.1944913119554732 7.291939436331912e-08
1.1970545593413546 7.221622841741706e-08
1.199617806727236 7.152271908522563e-08
1.2021810541131175 7.083869697909719e-08
1.204744301498999 7.016399630306314e-08
1.2073075488848801 6.949845476386294e-08
1.2098707962707616 6.88419134844855e-08
1.2124340436566428 6.819421692014887e-08
1.2149972910425242 6.755521277663478e-08
1.2175605384284056 6.692475193091173e-08
1.220123785814287 6.630268835396488e-08
1.2226870332001685 6.568887903577622e-08
1.2252502805860497 6.508318391237348e-08
1.227813527971931 6.448546579489815e-08
1.2303767753578123 6.389559030061874e-08
1.2329400227436937 6.33134257858351e-08
1.2355032701295752 6.273884328061438e-08
1.2380665175154566 6.217171642530349e-08
1.240629764901338 6.161192140876001e-08
1.2431930122872192 6.105933690825454e-08
1.2457562596731004 6.051384403099139e-08
1.2483195070589819 5.997532625719668e-08
1.2508827544448633 5.944366938473005e-08
1.2534460018307447 5.8918761475172936e-08
1.2560092492166262 5.840049280134868e-08
1.2585724966025074 5.7888755796232015e-08
1.2611357439883888 5.738344500320696e-08
1.26369899137427 5.688445702763356e-08
1.2662622387601514 5.639169048968421e-08
1.2688254861460329 5.5905045978410915e-08
1.2713887335319143 5.542442600701101e-08
1.2739519809177957 5.494973496925257e-08
1.276515228303677 5.4480879097027996e-08
1.2790784756895581 5.401776641900112e-08
1.2816417230754396 5.3560306720318595e-08
1.284204970461321 5.310841150335312e-08
1.2867682178472024 5.266199394944803e-08
1.2893314652330838 5.222096888163866e-08
1.291894712618965 5.178525272831515e-08
1.2944579600048465 5.1354763487809695e-08
1.2970212073907277 5.092942069387143e-08
1.299584454776609 5.050914538201388e-08
1.3021477021624905 5.009386005670063e-08
1.304710949548372 4.968348865935479e-08
1.3072741969342534 4.927795653716259e-08
1.3098374443201346 4.8877190412650824e-08
1.3124006917060158 4.8481118354018936e-08
1.3149639390918972 4.808966974619994e-08
1.3175271864777787 4.7702775262635587e-08
1.32009043386366 4.7320366837742174e-08
1.3226536812495415 4.694237764004742e-08
1.3252169286354227 4.656874204598459e-08
1.3277801760213042 4.6199395614320875e-08
1.3303434234071854 4.583427506120554e-08
1.3329066707930668 4.547331823581944e-08
1.3354699181789482 4.511646409661218e-08
1.3380331655648297 4.476365268810693e-08
1.340596412950711 4.4414825118261805e-08
1.3431596603365923 4.406992353636955e-08
1.3457229077224737 4.3728891111483647e-08
1.348286155108355 4.3391672011355314e-08
1.3508494024942364 4.305821138186725e-08
1.3534126498801178 4.2728455326952514e-08
1.3559758972659992 4.2402350888985924e-08
1.3585391446518804 4.207984602963363e-08
1.3611023920377618 4.176088961114788e-08
1.363665639423643 4.1445431378101935e-08
1.3662288868095245 4.1133421939543504e-08
1.368792134195406 4.082481275156504e-08
1.3713553815812873 4.05195561002742e-08
1.3739186289671688 4.021760508515692e-08
1.37648187635305 3.991891360282102e-08
1.3790451237389314 3.96234363311129e-08
1.3816083711248126 3.9331128713595424e-08
1.384171618510694 3.9041946944379356e-08
1.3867348658965755 3.875584795329798e-08
1.389298113282457 3.847278939141749e-08
1.3918613606683383 3.819272961687402e-08
1.3944246080542195 3.791562768102826e-08
1.3969878554401007 3.764144331493087e-08
1.3995511028259822 3.7370136916090465e-08
1.4021143502118636 3.7101669535536396e-08
1.404677597597745 3.683600286516877e-08
1.4072408449836264 3.657309922538884e-08
1.4098040923695079 3.631292155300329e-08
1.4123673397553889 3.605543338939345e-08
1.4149305871412703 3.580059886894655e-08
1.4174938345271517 3.554838270773885e-08
1.4200570819130331 3.529875019246681e-08
1.4226203292989146 3.5051667169619544e-08
1.425183576684796 3.480710003488482e-08
1.4277468240706774 3.456501572278746e-08
1.4303100714565584 3.432538169654971e-08
1.4328733188424398 3.408816593816982e-08
1.4354365662283213 3.385333693871506e-08
1.4379998136142027 3.3620863688822466e-08
1.4405630610000841 3.339071566940177e-08
1.4431263083859656 3.316286284253715e-08
1.4456895557718465 3.293727564258218e-08
1.448252803157728 3.271392496744388e-08
1.4508160505436094 3.2492782170050336e-08
1.4533792979294908 3.2273819049998635e-08
1.4559425453153723 3.2057007845378976e-08
1.4585057927012537 3.184232122476844e-08
1.4610690400871351 3.162973227939437e-08
1.463632287473016 3.1419214515459796e-08
1.4661955348588975 3.121074184662849e-08
1.468758782244779 3.1004288586667086e-08
1.4713220296306604 3.079982944223791e-08
1.4738852770165418 3.0597339505842026e-08
1.4764485244024232 3.039679424890594e-08
1.4790117717883042 3.019816951501205e-08
1.4815750191741857 3.000144151326586e-08
1.484138266560067 2.980658681179967e-08
1.4867015139459485 2.961358233140885e-08
1.48926476133183 2.9422405339316505e-08
1.4918280087177114 2.9233033443064824e-08
1.4943912561035928 2.9045444584530044e-08
1.4969545034894738 2.88596170340581e-08
1.4995177508753552 2.8675529384717673e-08
1.5020809982612366 2.8493160546668907e-08
1.504644245647118 2.8312489741644823e-08
1.5072074930329995 2.8133496497542492e-08
1.509770740418881 2.7956160643121644e-08
1.512333987804762 2.778046230280955e-08
1.5148972351906433 2.7606381891607465e-08
1.5174604825765248 2.7433900110098276e-08
1.5200237299624062 2.7262997939552324e-08
1.5225869773482876 2.7093656637130084e-08
1.525150224734169 2.6925857731177336e-08
1.5277134721200505 2.675958301661378e-08
1.5302767195059315 2.6594814550411027e-08
1.532839966891813 2.6431534647157813e-08
1.5354032142776943 2.6269725874712917e-08
1.5379664616635758 2.6109371049940373e-08
1.5405297090494572 2.5950453234528467e-08
1.5430929564353386 2.5792955730888352e-08
1.54565620382122 2.563686207813162e-08
1.548219451207101 2.548215604812534e-08
1.5507826985929825 2.5328821641622164e-08
1.5533459459788639 2.517684308446408e-08
1.5559091933647453 2.5026204823858623e-08
1.5584724407506267 2.4876891524726124e-08
1.5610356881365082 2.472888806611499e-08
1.5635989355223892 2.458217953768573e-08
1.5661621829082706 2.443675123626084e-08
1.568725430294152 2.4292588662439195e-08
1.5712886776800334 2.414967751727455e-08
1.5738519250659149 2.4008003699015597e-08
1.5764151724517963 2.3867553299907148e-08
1.5789784198376777 2.372831260305058e-08
1.5815416672235587 2.3590268079322605e-08
1.5841049146094401 2.34534063843517e-08
1.5866681619953216 2.3317714355549543e-08
1.589231409381203 2.3183179009197508e-08
1.5917946567670844 2.304978753758687e-08
1.5943579041529659 2.2917527306211415e-08
1.5969211515388468 2.2786385851011395e-08
1.5994843989247283 2.265635087566762e-08
1.6020476463106097 2.2527410248945017e-08
1.6046108936964911 2.2399552002084755e-08
1.6071741410823726 2.227276432624299e-08
1.609737388468254 2.21470355699763e-08
1.6123006358541354 2.202235423677292e-08
1.6148638832400164 2.189870898262752e-08
1.6174271306258978 2.177608861366009e-08
1.6199903780117793 2.1654482083777555e-08
1.6225536253976607 2.1533878492377053e-08
1.625116872783542 2.1414267082090064e-08
1.6276801201694235 2.1295637236566817e-08
1.6302433675553045 2.1177978478300234e-08
1.632806614941186 2.106128046648769e-08
1.6353698623270674 2.0945532994931865e-08
1.6379331097129488 2.0830725989976773e-08
1.6404963570988302 2.0716849508482393e-08
1.6430596044847117 2.0603893735832453e-08
1.645622851870593 2.049184898397894e-08
1.648186099256474 2.038070568952e-08
1.6507493466423555 2.0270454411811168e-08
1.653312594028237 2.0161085831110073e-08
1.6558758414141184 2.005259074675269e-08
1.6584390887999998 1.9944960075361816e-08
1.6610023361858812 1.9838184849085736e-08
1.6635655835717622 1.973225621386818e-08
1.6661288309576436 1.9627165427747027e-08
1.668692078343525 1.9522903859183064e-08
1.6712553257294065 1.941946298541692e-08
1.673818573115288 1.9316834390854066e-08
1.6763818205011694 1.921500976547768e-08
