0.0 nan
0.002400956535921948 1.6144914906692918e-08
0.004801913071843896 1.6875309438214917e-08
0.0072028696077658435 1.762367942419457e-08
0.009603826143687792 1.838953466592659e-08
0.01200478267960974 1.917233094577718e-08
0.014405739215531687 1.9971471368042028e-08
0.016806695751453635 2.078630801071043e-08
0.019207652287375584 2.1616143878320868e-08
0.021608608823297532 2.2460235144305916e-08
0.02400956535921948 2.3317793669777596e-08
0.02641052189514143 2.418798978465388e-08
0.028811478431063374 2.506995531639853e-08
0.031212434966985322 2.596278685136815e-08
0.03361339150290727 2.6865549213912462e-08
0.03601434803882922 2.777727914874132e-08
0.03841530457475117 2.8696989192744437e-08
0.040816261110673116 2.962367172323693e-08
0.043217217646595064 3.055630317046491e-08
0.04561817418251701 3.1493848382935167e-08
0.04801913071843896 3.243526513476647e-08
0.05042008725436091 3.337950876446527e-08
0.05282104379028286 3.432553693430001e-08
0.055222000326204806 3.5272314498650414e-08
0.05762295686212675 3.6218818468114826e-08
0.060023913398048696 3.7164043053829875e-08
0.062424869933970645 3.8107004773151484e-08
0.0648258264698926 3.904674759373699e-08
0.06722678300581454 3.9982348087986936e-08
0.0696277395417365 4.0912920564009406e-08
0.07202869607765844 4.183762213287832e-08
0.0744296526135804 4.2755657665181686e-08
0.07683060914950234 4.366628458313222e-08
0.07923156568542428 4.4568817428140186e-08
0.08163252222134623 4.5462632138318955e-08
0.08403347875726817 4.6347169966268117e-08
0.08643443529319013 4.7221940965337885e-08
0.08883539182911207 4.8086526972762025e-08
0.09123634836503403 4.894058402099104e-08
0.09363730490095597 4.978384411462295e-08
0.09603826143687792 5.06161163194263e-08
0.09843921797279986 5.143728712223054e-08
0.10084017450872182 5.2247320035394047e-08
0.10324113104464376 5.30462544367241e-08
0.10564208758056572 5.383420365445402e-08
0.10804304411648766 5.4611352326113275e-08
0.11044400065240961 5.5377953079165456e-08
0.11284495718833155 5.6134322598870996e-08
0.1152459137242535 5.6880837164333784e-08
0.11764687026017545 5.761792774605798e-08
0.12004782679609739 5.8346074767245013e-08
0.12244878333201935 5.906580263596386e-08
0.12484973986794129 5.977767415624297e-08
0.12725069640386324 6.048228492324878e-08
0.1296516529397852 6.118025780126846e-08
0.13205260947570713 6.18722375739899e-08
0.13445356601162908 6.255888584500605e-08
0.13685452254755104 6.3240876253473e-08
0.139255479083473 6.391889005606355e-08
0.14165643561939492 6.45936121124975e-08
0.14405739215531688 6.52657272985484e-08
0.14645834869123883 6.593591735806566e-08
0.1488593052271608 6.660485819449266e-08
0.15126026176308272 6.7273217592906e-08
0.15366121829900467 6.794165335577287e-08
0.15606217483492663 6.861081182954878e-08
0.15846313137084855 6.928132679472304e-08
0.1608640879067705 6.995381868892414e-08
0.16326504444269246 7.062889413106933e-08
0.16566600097861442 7.130714571390912e-08
0.16806695751453635 7.198915203280568e-08
0.1704679140504583 7.267547791963569e-08
0.17286887058638026 7.33666748524317e-08
0.1752698271223022 7.40632815134194e-08
0.17767078365822414 7.476582447045932e-08
0.1800717401941461 7.547481895933818e-08
0.18247269673006805 7.619076974685266e-08
0.18487365326599 7.691417205709559e-08
0.18727460980191193 7.764551254568616e-08
0.1896755663378339 7.83852703089589e-08
0.19207652287375584 7.913391791713207e-08
0.19447747940967777 7.989192246241329e-08
0.19687843594559973 8.065974661469834e-08
0.19927939248152168 8.143784967901851e-08
0.20168034901744364 8.222668865028953e-08
0.20408130555336557 8.30267192620738e-08
0.20648226208928752 8.38383970271103e-08
0.20888321862520948 8.466217826826611e-08
0.21128417516113143 8.549852113934215e-08
0.21368513169705336 8.634788663579832e-08
0.21608608823297532 8.721073959606489e-08
0.21848704476889727 8.808754969453484e-08
0.22088800130481923 8.897879242777765e-08
0.22328895784074115 8.988495009583227e-08
0.2256899143766631 9.080651278072224e-08
0.22809087091258506 9.174397932459227e-08
0.230491827448507 9.269785831008577e-08
0.23289278398442895 9.366866904573758e-08
0.2352937405203509 9.46569425593402e-08
0.23769469705627286 9.566322260239964e-08
0.24009565359219479 9.668806666890924e-08
0.24249661012811674 9.773204703182732e-08
0.2448975666640387 9.879575180076416e-08
0.24729852319996065 9.987978600453905e-08
0.24969947973588258 1.0098477270237348e-07
0.25210043627180456 1.0211135412769619e-07
0.2545013928077265 1.0326019286863936e-07
0.2569023493436484 1.044319730895372e-07
0.2593033058795704 1.0562740179789665e-07
0.26170426241549233 1.0684721016155074e-07
0.26410521895141426 1.0809215488095338e-07
0.26650617548733624 1.093630196218043e-07
0.26890713202325817 1.1066061651354383e-07
0.2713080885591801 1.1198578771952806e-07
0.2737090450951021 1.1333940708510632e-07
0.276110001631024 1.1472238187018496e-07
0.278510958166946 1.16135654573351e-07
0.2809119147028679 1.1758020485504098e-07
0.28331287123878984 1.1905705156787714e-07
0.2857138277747118 1.2056725490281374e-07
0.28811478431063375 1.2211191866041504e-07
0.2905157408465557 1.2369219265732613e-07
0.29291669738247766 1.2530927527876706e-07
0.2953176539183996 1.2696441618877235e-07
0.2977186104543216 1.2865891921087675e-07
0.3001195669902435 1.3039414539298172e-07
0.30252052352616543 1.3217151627134692e-07
0.3049214800620874 1.339925173499261e-07
0.30732243659800934 1.3585870181271228e-07
0.30972339313393127 1.3777169448830541e-07
0.31212434966985325 1.3973319608770864e-07
0.3145253062057752 1.417449877382389e-07
0.3169262627416971 1.438089358385911e-07
0.3193272192776191 1.4592699726244987e-07
0.321728175813541 1.4810122494064947e-07
0.324129132349463 1.503337738547622e-07
0.32653008888538493 1.5262690747823355e-07
0.32893104542130686 1.549830047046827e-07
0.33133200195722884 1.5740456730699964e-07
0.33373295849315077 1.5989422797520798e-07
0.3361339150290727 1.6245475898593505e-07
0.3385348715649947 1.6508908156183773e-07
0.3409358281009166 1.67800275985262e-07
0.3433367846368386 1.705915925372517e-07
0.3457377411727605 1.7346646334050607e-07
0.34813869770868244 1.764285151932513e-07
0.3505396542446044 1.79481583490443e-07
0.35294061078052635 1.826297273391577e-07
0.3553415673164483 1.858772459867826e-07
0.35774252385237026 1.8922869669379308e-07
0.3601434803882922 1.926889141976672e-07
0.3625444369242141 1.962630319309875e-07
0.3649453934601361 1.9995650517548307e-07
0.36734634999605803 2.0377513635453983e-07
0.36974730653198 2.0772510269037763e-07
0.37214826306790194 2.1181298647844703e-07
0.37454921960382387 2.1604580826158582e-07
0.37695017613974585 2.2043106322004692e-07
0.3793511326756678 2.2497676113171444e-07
0.3817520892115897 2.2969147029967237e-07
0.3841530457475117 2.345843658931419e-07
0.3865540022834336 2.396652832028155e-07
0.38895495881935555 2.4494477637427684e-07
0.39135591535527753 2.504341832541227e-07
0.39375687189119946 2.561456970642024e-07
0.39615782842712144 2.620924457112863e-07
0.39855878496304337 2.682885796441509e-07
0.4009597414989653 2.7474936928979674e-07
0.4033606980348873 2.8149131323702413e-07
0.4057616545708092 2.885322584923662e-07
0.40816261110673113 2.958915343128236e-07
0.4105635676426531 3.0359010132638443e-07
0.41296452417857504 3.116507178891429e-07
0.415365480714497 3.2009812590228786e-07
0.41776643725041895 3.2895925862995043e-07
0.4201673937863409 3.382634734273883e-07
0.42256835032226286 3.480428127176254e-07
0.4249693068581848 3.583322970547151e-07
0.4273702633941067 3.691702546968379e-07
0.4297712199300287 3.805986927992579e-07
0.43217217646595063 3.92663716145792e-07
0.43457313300187256 4.054160002933549e-07
0.43697408953779454 4.1891132713742155e-07
0.43937504607371647 4.332111922554539e-07
0.44177600260963845 4.4838349499698977e-07
0.4441769591455604 4.645033242217887e-07
0.4465779156814823 4.816538549140414e-07
0.4489788722174043 4.999273737117528e-07
0.4513798287533262 5.194264548005202e-07
0.45378078528924815 5.402653117734185e-07
0.45618174182517013 5.625713561347632e-07
0.45858269836109206 5.864869993554545e-07
0.460983654897014 6.121717430639703e-07
0.46338461143293597 6.398046114543728e-07
0.4657855679688579 6.695869917926949e-07
0.4681865245047799 7.017459636276119e-07
0.4705874810407018 7.365382157689802e-07
0.47298843757662373 7.742546733455237e-07
0.4753893941125457 8.152259866800326e-07
0.47779035064846764 8.598290711672942e-07
0.48019130718438957 9.084949352578235e-07
0.48259226372031155 9.617180953296266e-07
0.4849932202562335 1.020067956117902e-06
0.48739417679215546 1.0842026395242159e-06
0.4897951333280774 1.1548858813527817e-06
0.4921960898639993 1.2330077963179169e-06
0.4945970463999213 1.3196105525685507e-06
0.49699800293584323 1.4159203205438007e-06
0.49939895947176516 1.5233872992365808e-06
0.5017999160076871 1.643736221793007e-06
0.5042008725436091 1.7790305682115337e-06
0.506601829079531 1.931754862743021e-06
0.509002785615453 2.104921050635088e-06
0.511403742151375 2.302207246649086e-06
0.5138046986872968 2.5281404480399505e-06
0.5162056552232188 2.788339596871862e-06
0.5186066117591408 3.0898424122003256e-06
0.5210075682950627 3.4415498544842163e-06
0.5234085248309847 3.854837740448134e-06
0.5258094813669066 4.3444087079014665e-06
0.5282104379028285 4.92949377127899e-06
0.5306113944387505 5.635567622348094e-06
0.5330123509746725 6.496824795690312e-06
0.5354133075105943 7.559785731277197e-06
0.5378142640465163 8.888568428495835e-06
0.5402152205824383 1.0572546614387213e-05
0.5426161771183602 1.2737170505309844e-05
0.5450171336542822 1.5558100749448195e-05
0.5474180901902042 1.927575965150294e-05
0.5498190467261261 2.4197162353579195e-05
0.552220003262048 3.064449309547133e-05
0.55462095979797 3.8760044068970635e-05
0.557021916333892 4.807617054942727e-05
0.5594228728698138 5.708059962022452e-05
0.5618238294057358 6.36308644499752e-05
0.5642247859416578 6.641777530864103e-05
0.5666257424775797 6.573253280700276e-05
0.5690266990135017 6.272225509284138e-05
0.5714276555494237 5.847522455925594e-05
0.5738286120853455 5.3710687857353344e-05
0.5762295686212675 4.882963963533427e-05
0.5786305251571895 4.40334032193663e-05
0.5810314816931114 3.941322116301201e-05
0.5834324382290333 3.500503345068838e-05
0.5858333947649553 3.082242226927522e-05
0.5882343513008772 2.687902411025789e-05
0.5906353078367992 2.3206127146788636e-05
0.5930362643727212 1.9862208410197266e-05
0.5954372209086431 1.6920763574186906e-05
0.597838177444565 1.4431758246925974e-05
0.600239133980487 1.2388971831095878e-05
0.602640090516409 1.0737021130023621e-05
0.6050410470523309 9.401973662242442e-06
0.6074420035882528 8.314535558429824e-06
0.6098429601241748 7.418556929256879e-06
0.6122439166600967 6.671193738701228e-06
0.6146448731960187 6.040392751504598e-06
0.6170458297319407 5.50218486912175e-06
0.6194467862678625 5.03849570809134e-06
0.6218477428037845 4.635530843414389e-06
0.6242486993397065 4.2826226243047245e-06
0.6266496558756284 3.971412593885131e-06
0.6290506124115504 3.6952694309623843e-06
0.6314515689474723 3.448870612702858e-06
0.6338525254833942 3.2278981637095737e-06
0.6362534820193162 3.0288145589437957e-06
0.6386544385552382 2.848695558776468e-06
0.6410553950911602 2.685103972393227e-06
0.643456351627082 2.535993209383408e-06
0.645857308163004 2.399632776250933e-06
0.648258264698926 2.2745501299369608e-06
0.6506592212348479 2.1594848598767914e-06
0.6530601777707699 2.0533522607469816e-06
0.6554611343066918 1.9552141287717075e-06
0.6578620908426137 1.8642551676558855e-06
0.6602630473785357 1.7797637875735475e-06
0.6626640039144577 1.7011163739104436e-06
0.6650649604503795 1.6277643166697702e-06
0.6674659169863015 1.559223253202565e-06
0.6698668735222235 1.4950640964399757e-06
0.6722678300581454 1.4349055134963293e-06
0.6746687865940674 1.378407589017431e-06
0.6770697431299894 1.3252664620364747e-06
0.6794706996659112 1.2752097667402976e-06
0.6818716562018332 1.227992740851075e-06
0.6842726127377552 1.1833948906353186e-06
0.6866735692736772 1.1412171224169802e-06
0.689074525809599 1.101279266654373e-06
0.691475482345521 1.0634179335576177e-06
0.693876438881443 1.0274846501010365e-06
0.6962773954173649 9.93344236440587e-07
0.6986783519532869 9.608733868990605e-07
0.7010793084892089 9.299594263091148e-07
0.7034802650251307 9.00499217136178e-07
0.7058812215610527 8.72398196658855e-07
0.7082821780969747 8.455695266598433e-07
0.7106831346328966 8.199333407194708e-07
0.7130840911688185 7.954160764214228e-07
0.7154850477047405 7.719498815813721e-07
0.7178860042406624 7.494720852411705e-07
0.7202869607765844 7.279247253764795e-07
0.7226879173125064 7.072541264467485e-07
0.7250888738484282 6.874105208312143e-07
0.7274898303843502 6.683477089409467e-07
0.7298907869202722 6.500227535948832e-07
0.7322917434561941 6.323957046688917e-07
0.7346926999921161 6.154293506821777e-07
0.737093656528038 5.990889942859616e-07
0.73949461306396 5.833422490814754e-07
0.7418955695998819 5.681588554283025e-07
0.7442965261358039 5.535105132921214e-07
0.7466974826717259 5.393707302796624e-07
0.7490984392076477 5.257146833394853e-07
0.7514993957435697 5.125190927139091e-07
0.7539003522794917 4.997621069247977e-07
0.7563013088154136 4.874231976812429e-07
0.7587022653513356 4.7548306376274265e-07
0.7611032218872575 4.639235429827773e-07
0.7635041784231794 4.527275314787996e-07
0.7659051349591014 4.4187890963148063e-07
0.7683060914950234 4.313624740020309e-07
0.7707070480309453 4.2116387471113823e-07
0.7731080045668672 4.1126955780565945e-07
0.7755089611027892 4.0166671208808217e-07
0.7779099176387111 3.9234322027186577e-07
0.7803108741746331 3.832876133817339e-07
0.7827118307105551 3.7448902925687977e-07
0.785112787246477 3.659371736756375e-07
0.7875137437823989 3.5762228458093143e-07
0.7899147003183209 3.495350988171558e-07
0.7923156568542429 3.4166682138226557e-07
0.7947166133901648 3.340090967966503e-07
0.7971175699260867 3.265539826055331e-07
0.7995185264620087 3.192939245626095e-07
0.8019194829979306 3.122217337656751e-07
0.8043204395338526 3.053305652000928e-07
0.8067213960697746 2.9861389784014207e-07
0.8091223526056964 2.920655159856476e-07
0.8115233091416184 2.8567949197196264e-07
0.8139242656775404 2.7945016994850983e-07
0.8163252222134623 2.7337215072529185e-07
0.8187261787493842 2.6744027762034037e-07
0.8211271352853062 2.616496231487666e-07
0.8235280918212281 2.559954769177233e-07
0.8259290483571501 2.5047333340059016e-07
0.8283300048930721 2.450788816427181e-07
0.830730961428994 2.3980799473702794e-07
0.8331319179649159 2.3465672029737778e-07
0.8355328745008379 2.2962127143254242e-07
0.8379338310367599 2.2469801829564206e-07
0.8403347875726818 2.1988348011403526e-07
0.8427357441086037 2.1517431769734394e-07
0.8451367006445257 2.1056732640393283e-07
0.8475376571804476 2.060594294749945e-07
0.8499386137163696 2.0164767180265383e-07
0.8523395702522916 1.973292140211331e-07
0.8547405267882134 1.9310132694163871e-07
0.8571414833241354 1.889613863188564e-07
0.8595424398600574 1.8490686787112547e-07
0.8619433963959793 1.8093534261293662e-07
0.8643443529319013 1.7704447242632878e-07
0.8667453094678232 1.732320058768827e-07
0.8691462660037451 1.6949577425579405e-07
0.8715472225396671 1.6583368783409865e-07
0.8739481790755891 1.622437323119597e-07
0.8763491356115111 1.5872396548149997e-07
0.8787500921474329 1.552725139967128e-07
0.8811510486833549 1.5188757038435424e-07
0.8835520052192769 1.4856739025640497e-07
0.8859529617551988 1.4531028939533864e-07
0.8883539182911208 1.4211464138205045e-07
0.8907548748270427 1.3897887504329097e-07
0.8931558313629646 1.3590147214668605e-07
0.8955567878988866 1.3288096519056554e-07
0.8979577444348086 1.2991593530202364e-07
0.9003587009707305 1.2700501023809053e-07
0.9027596575066524 1.2414686248384918e-07
0.9051606140425744 1.213402074406391e-07
0.9075615705784963 1.1858380170797823e-07
0.9099625271144183 1.1587644143409641e-07
0.9123634836503403 1.1321696075623945e-07
0.9147644401862621 1.1060423030837063e-07
0.9171653967221841 1.080371557992949e-07
0.9195663532581061 1.0551467665638713e-07
0.921967309794028 1.030357647314611e-07
0.92436826632995 1.0059942306538644e-07
0.9267692228658719 9.820468470941076e-08
0.9291701794017939 9.585061159687019e-08
0.9315711359377158 9.353629346958234e-08
0.9339720924736378 9.126084684626279e-08
0.9363730490095598 8.9023414041247e-08
0.9387740055454816 8.682316222248836e-08
0.9411749620814036 8.465928251374464e-08
0.9435759186173256 8.25309891313108e-08
0.9459768751532475 8.043751856122469e-08
0.9483778316891694 7.837812876982939e-08
0.9507787882250914 7.635209844795309e-08
0.9531797447610133 7.435872628679287e-08
0.9555807012969353 7.2397330283928e-08
0.9579816578328573 7.046724707803818e-08
0.9603826143687791 6.856783131095508e-08
0.9627835709047011 6.669845501657028e-08
0.9651845274406231 6.485850703701865e-08
0.967585483976545 6.304739244535321e-08
0.969986440512467 6.12645320232639e-08
0.972387397048389 5.950936173385176e-08
0.9747883535843109 5.77813322186999e-08
0.9771893101202328 5.60799083256496e-08
0.9795902666561548 5.440456864419495e-08
0.9819912231920768 5.275480506594003e-08
0.9843921797279986 5.113012235741973e-08
0.9867931362639206 4.953003774999964e-08
0.9891940927998426 4.79540805540124e-08
0.9915950493357645 4.6401791751470866e-08
0.9939960058716865 4.4872723687256204e-08
0.9963969624076084 4.3366439663682386e-08
0.9987979189435303 4.188251362838328e-08
1.0011988754794523 4.042052984543256e-08
1.0035998320153743 3.8980082581527785e-08
1.0060007885512963 3.7560775804053985e-08
1.0084017450872182 3.616222289019274e-08
1.01080270162314 3.478404634649973e-08
1.013203658159062 3.342587753856151e-08
1.015604614694984 3.208735643023371e-08
1.018005571230906 3.076813133216537e-08
1.020406527766828 2.9467858659179903e-08
1.02280748430275 2.818620269608577e-08
1.0252084408386717 2.6922835370589437e-08
1.0276093973745937 2.5677436040629033e-08
1.0300103539105157 2.4449691273007442e-08
1.0324113104464376 2.3239294649852275e-08
1.0348122669823596 2.204594656818643e-08
1.0372132235182816 2.086935404982576e-08
1.0396141800542034 1.9709230558417255e-08
1.0420151365901253 1.8565295402211966e-08
1.0444160931260473 1.7437275661183868e-08
1.0468170496619693 1.632490182404709e-08
1.0492180061978913 1.52279118249891e-08
1.0516189627338133 1.4146048790019985e-08
1.0540199192697353 1.3079057313762817e-08
1.056420875805657 1.2026703278231411e-08
1.058821832341579 1.0988733784201176e-08
1.061222788877501 9.964916943178405e-09
1.063623745413423 8.955019611794975e-09
1.066024701949345 7.95882210602797e-09
1.068425658485267 6.976096379597063e-09
1.0708266150211887 6.006627602267213e-09
1.0732275715571107 5.050203194794162e-09
1.0756285280930327 4.1066148863683634e-09
1.0780294846289546 3.1756586046260995e-09
1.0804304411648766 2.257134367526535e-09
1.0828313977007986 1.3508462085138729e-09
1.0852323542367204 4.566020124098238e-10
1.0876333107726424 -4.257865124060312e-10
1.0900342673085643 -1.2965039698093429e-09
1.0924352238444863 -2.155731318877575e-09
1.0948361803804083 -3.00364604479293e-09
1.0972371369163303 -3.8404221623702864e-09
1.0996380934522523 -4.666230338017068e-09
1.102039049988174 -5.481237963581166e-09
1.104440006524096 -6.285609234017916e-09
1.106840963060018 -7.079505223282959e-09
1.10924191959594 -7.863083958067015e-09
1.111642876131862 -8.636505219996603e-09
1.114043832667784 -9.399906961861574e-09
1.1164447892037057 -1.0153453157588717e-08
1.1188457457396277 -1.0897284182702157e-08
1.1212467022755497 -1.1631545288583037e-08
1.1236476588114717 -1.2356377176801952e-08
1.1260486153473936 -1.3071918437965827e-08
1.1284495718833156 -1.3778305134697968e-08
1.1308505284192374 -1.447567085881623e-08
1.1332514849551594 -1.5164146786634075e-08
1.1356524414910814 -1.584386173310701e-08
1.1380533980270033 -1.6514942209041598e-08
1.1404543545629253 -1.7177512449012814e-08
1.1428553110988473 -1.7831694506796533e-08
1.1452562676347693 -1.8477608260021922e-08
1.147657224170691 -1.911537149368065e-08
1.150058180706613 -1.974509985685823e-08
1.152459137242535 -2.0366907083611165e-08
1.154860093778457 -2.098090485799475e-08
1.157261050314379 -2.1587203983917275e-08
1.159662006850301 -2.2185909220211968e-08
1.1620629633862227 -2.277712969702738e-08
1.1644639199221447 -2.3360968579117157e-08
1.1668648764580667 -2.393752829183624e-08
1.1692658329939887 -2.450690952088613e-08
1.1716667895299107 -2.506921124860033e-08
1.1740677460658326 -2.5624530789297446e-08
1.1764687026017544 -2.617296382298636e-08
1.1788696591376764 -2.671460681472775e-08
1.1812706156735984 -2.7249545129510236e-08
1.1836715722095204 -2.7777876894947466e-08
1.1860725287454423 -2.829968920340088e-08
1.1884734852813643 -2.881507005188862e-08
1.1908744418172863 -2.932410601808803e-08
1.193275398353208 -2.982688219779836e-08
1.19567635488913 -3.0323482391947636e-08
1.198077311425052 -3.081398898592709e-08
