0.3973213749463701 0.0
0.39988462233225147 0.0
0.40244786971813284 0.0
0.40501111710401416 0.0
0.40757436448989554 0.0
0.4101376118757769 0.0
0.4127008592616583 0.0
0.41526410664753965 0.0
0.417827354033421 0.0
0.42039060141930235 0.0
0.4229538488051837 0.0
0.4255170961910651 0.0
0.4280803435769464 0.0
0.4306435909628278 0.0
0.43320683834870916 0.0
0.43577008573459053 0.0
0.43833333312047185 0.0
0.4408965805063532 0.0
0.4434598278922346 0.0
0.44602307527811597 0.0
0.44858632266399734 0.0
0.45114957004987866 0.0
0.45371281743576003 0.0
0.4562760648216414 0.0
0.4588393122075228 0.0
0.46140255959340415 0.0
0.46396580697928547 0.0
0.46652905436516684 0.0
0.4690923017510482 0.0
0.4716555491369296 0.0
0.47421879652281096 0.0
0.4767820439086923 0.0
0.47934529129457365 0.0
0.481908538680455 0.0
0.48447178606633634 0.0
0.4870350334522177 0.0
0.4895982808380991 0.0
0.49216152822398046 0.0
0.49472477560986183 0.0
0.49728802299574315 0.0
0.4998512703816245 0.0
0.5024145177675059 0.0
0.5049777651533872 0.0
0.5075410125392686 0.0
0.51010425992515 0.0
0.5126675073110314 0.0
0.5152307546969127 0.0
0.517794002082794 0.0
0.5203572494686755 0.0
0.5229204968545568 0.0
0.5254837442404381 0.0
0.5280469916263195 0.0
0.5306102390122008 0.0
0.5331734863980823 0.0
0.5357367337839636 0.0
0.538299981169845 0.0
0.5408632285557263 0.0
0.5434264759416076 0.0
0.5459897233274891 0.0
0.5485529707133704 0.0
0.5511162180992517 0.0
0.5536794654851331 0.0
0.5562427128710145 0.0
0.5588059602568958 0.0
0.5613692076427772 0.0
0.5639324550286586 0.0
0.56649570241454 0.0
0.5690589498004213 0.0
0.5716221971863027 0.0
0.574185444572184 0.0
0.5767486919580653 0.0
0.5793119393439468 0.0
0.5818751867298281 0.0
0.5844384341157094 0.0
0.5870016815015908 0.0
0.5895649288874721 0.0
0.5921281762733536 0.0
0.5946914236592349 1.6034273382214788e-06
0.5972546710451163 1.1148138833203018e-05
0.5998179184309976 1.493420240175218e-05
0.602381165816879 1.742091592410855e-05
0.6049444132027604 1.921446390105338e-05
0.6075076605886417 2.0564072580353716e-05
0.610070907974523 2.1602722912796544e-05
0.6126341553604044 2.241146493006038e-05
0.6151974027462858 2.3043899525275128e-05
0.6177606501321671 2.353749648188208e-05
0.6203238975180485 2.391952675076963e-05
0.6228871449039299 2.421045865925389e-05
0.6254503922898113 2.442603376666263e-05
0.6280136396756926 2.4578601380589144e-05
0.630576887061574 2.4678011592079425e-05
0.6331401344474553 2.4732232703250227e-05
0.6357033818333366 2.474778982424543e-05
0.6382666292192181 2.4730083637903907e-05
0.6408298766050994 2.4683626648372428e-05
0.6433931239909807 2.4612221266436116e-05
0.6459563713768621 2.4519096058109014e-05
0.6485196187627436 2.440701136140237e-05
0.6510828661486248 2.42783421208532e-05
0.6536461135345062 2.413514353971089e-05
0.6562093609203876 2.3979203610016104e-05
0.6587726083062689 2.381208550758258e-05
0.6613358556921503 2.3635162078376626e-05
0.6638991030780317 2.3449644095790262e-05
0.666462350463913 2.3256603569522075e-05
0.6690255978497943 2.305699309244812e-05
0.6715888452356757 2.2851661992156285e-05
0.6741520926215571 2.2641369888097564e-05
0.6767153400074384 2.242679812910475e-05
0.6792785873933198 2.2208559489060693e-05
0.6818418347792012 2.1987206423373696e-05
0.6844050821650826 2.1763238130265874e-05
0.6869683295509639 2.1537106614758804e-05
0.6895315769368453 2.1309221916726063e-05
0.6920948243227266 2.10799566352911e-05
0.6946580717086079 2.0849649858531753e-05
0.6972213190944894 2.0618610588660787e-05
0.6997845664803707 2.0387120737624027e-05
0.702347813866252 2.0155437755657877e-05
0.7049110612521334 1.9923796945202734e-05
0.7074743086380149 1.96924135042301e-05
0.7100375560238961 1.9461484336159167e-05
0.7126008034097775 1.923118965783531e-05
0.7151640507956589 1.900169443229904e-05
0.7177272981815402 1.8773149649111382e-05
0.7202905455674216 1.8545693471684793e-05
0.722853792953303 1.8319452268277918e-05
0.7254170403391843 1.809454154096084e-05
0.7279802877250656 1.7871066764868342e-05
0.730543535110947 1.7649124148371853e-05
0.7331067824968284 1.742880132336599e-05
0.7356700298827097 1.7210177973642442e-05
0.7382332772685911 1.6993326408279293e-05
0.7407965246544725 1.6778312086077614e-05
0.7433597720403538 1.6565194096309048e-05
0.7459230194262352 1.6354025600376263e-05
0.7484862668121166 1.6144854238418317e-05
0.7510495141979979 1.593772250440003e-05
0.7536127615838792 1.573266809279824e-05
0.7561760089697607 1.552972421962873e-05
0.758739256355642 1.5328919920235978e-05
0.7613025037415233 1.5130280325989076e-05
0.7638657511274047 1.4933826921784071e-05
0.766428998513286 1.4739577786040203e-05
0.7689922458991674 1.4547547814692405e-05
0.7715554932850488 1.4357748930519838e-05
0.7741187406709302 1.4170190279007884e-05
0.7766819880568115 1.3984878411816103e-05
0.7792452354426929 1.3801817458814651e-05
0.7818084828285743 1.3621009289555147e-05
0.7843717302144556 1.344245366495633e-05
0.7869349776003369 1.3266148379910058e-05
0.7894982249862184 1.3092089397445761e-05
0.7920614723720997 1.2920270975033551e-05
0.794624719757981 1.275068578355277e-05
0.7971879671438624 1.2583325019407192e-05
0.7997512145297438 1.2418178510225868e-05
0.802314461915625 1.2255234814552487e-05
0.8048777093015065 1.2094481315892564e-05
0.8074409566873879 1.1935904311458763e-05
0.8100042040732692 1.1779489095927831e-05
0.8125674514591505 1.1625220040499081e-05
0.815130698845032 1.1473080667523209e-05
0.8176939462309133 1.132305372095046e-05
0.8202571936167946 1.1175121232830334e-05
0.822820441002676 1.1029264586078572e-05
0.8253836883885574 1.088546457371378e-05
0.8279469357744387 1.0743701454751887e-05
0.8305101831603201 1.0603955006935749e-05
0.8330734305462015 1.0466204576465744e-05
0.8356366779320828 1.0330429124887508e-05
0.8381999253179642 1.0196607273283682e-05
0.8407631727038456 1.0064717343908131e-05
0.8433264200897269 9.934737399393619e-06
0.8458896674756082 9.806645279656039e-06
0.8484529148614897 9.68041863661241e-06
0.851016162247371 9.556034966823162e-06
0.8535794096332523 9.433471642163522e-06
0.8561426570191337 9.312705938623584e-06
0.8587059044050152 9.193715063331387e-06
0.8612691517908964 9.076476179888766e-06
0.8638323991767778 8.96096643210512e-06
0.8663956465626592 8.84716296621042e-06
0.8689588939485405 8.735042951624145e-06
0.8715221413344219 8.62458360035398e-06
0.8740853887203033 8.515762185093943e-06
0.8766486361061846 8.408556056088542e-06
0.8792118834920659 8.302942656826422e-06
0.8817751308779473 8.198899538623787e-06
0.8843383782638287 8.096404374155397e-06
0.88690162564971 7.995434969987844e-06
0.8894648730355914 7.895969278167358e-06
0.8920281204214728 7.797985406912283e-06
0.8945913678073542 7.70146163045739e-06
0.8971546151932355 7.606376398095621e-06
0.8997178625791169 7.512708342460312e-06
0.9022811099649982 7.420436287088984e-06
0.9048443573508795 7.329539253308115e-06
0.907407604736761 7.239996466476104e-06
0.9099708521226423 7.151787361620119e-06
0.9125340995085237 7.0648915885006645e-06
0.915097346894405 6.979289016136376e-06
0.9176605942802863 6.894959736819554e-06
0.9202238416661678 6.811884069651965e-06
0.9227870890520491 6.7300425636286775e-06
0.9253503364379304 6.649416000296501e-06
0.9279135838238118 6.569985396012317e-06
0.9304768312096932 6.491732003825341e-06
0.9330400785955746 6.4146373150060354e-06
0.9356033259814559 6.338683060243655e-06
0.9381665733673372 6.263851210532774e-06
0.9407298207532186 6.190123977768722e-06
0.9432930681391 6.117483815070282e-06
0.9458563155249814 6.0459134168476e-06
0.9484195629108627 5.975395718631917e-06
0.950982810296744 5.905913896683283e-06
0.9535460576826255 5.837451367391089e-06
0.9561093050685068 5.769991786482182e-06
0.9586725524543882 5.703519048049669e-06
0.9612357998402695 5.638017283415821e-06
0.9637990472261508 5.573470859840877e-06
0.9663622946120323 5.50986437908949e-06
0.9689255419979136 5.447182675865904e-06
0.971488789383795 5.385410816127877e-06
0.9740520367696763 5.32453409528947e-06
0.9766152841555577 5.26453803632185e-06
0.9791785315414391 5.2054083877607705e-06
0.9817417789273204 5.1471311216291675e-06
0.9843050263132017 5.089692431282529e-06
0.9868682736990831 5.033078729184512e-06
0.9894315210849645 4.977276644619657e-06
0.9919947684708459 4.922273021349838e-06
0.9945580158567272 4.8680549152205285e-06
0.9971212632426085 4.814609591722734e-06
0.99968451062849 4.761924523516056e-06
1.0022477580143714 4.709987387918025e-06
1.0048110054002528 4.658786064364485e-06
1.007374252786134 4.608308631845588e-06
1.0099375001720152 4.558543366321624e-06
1.0125007475578967 4.509478738122791e-06
1.015063994943778 4.461103409336414e-06
1.0176272423296595 4.413406231185298e-06
1.020190489715541 4.366376241400434e-06
1.0227537371014221 4.320002661590974e-06
1.0253169844873036 4.274274894614573e-06
1.0278802318731848 4.229182521950521e-06
1.0304434792590662 4.184715301078225e-06
1.0330067266449476 4.140863162863374e-06
1.035569974030829 4.0976162089538505e-06
1.0381332214167105 4.054964709187389e-06
1.0406964688025917 4.0128990990128295e-06
1.043259716188473 3.97140997692661e-06
1.0458229635743543 3.930488101926117e-06
1.0483862109602358 3.890124390981298e-06
1.0509494583461172 3.850309916525808e-06
1.0535127057319986 3.8110359039689967e-06
1.0560759531178798 3.7722937292297195e-06
1.0586392005037613 3.7340749162931035e-06
1.0612024478896425 3.6963711347910873e-06
1.063765695275524 3.659174197607524e-06
1.0663289426614053 3.622476058508756e-06
1.0688921900472867 3.5862688098001595e-06
1.0714554374331682 3.5505446800092585e-06
1.0740186848190494 3.5152960315960966e-06
1.0765819322049308 3.4805153586910645e-06
1.079145179590812 3.446195284860834e-06
1.0817084269766934 3.4123285609025625e-06
1.0842716743625749 3.3789080626667553e-06
1.0868349217484563 3.3459267889089165e-06
1.0893981691343375 3.3133778591703317e-06
1.091961416520219 3.281254511687998e-06
1.0945246639061001 3.249550101333822e-06
1.0970879112919816 3.218258097583251e-06
1.099651158677863 3.1873720825132714e-06
1.1022144060637444 3.1568857488297604e-06
1.1047776534496259 3.1267928979242788e-06
1.107340900835507 3.0970874379601356e-06
1.1099041482213885 3.067763381987607e-06
1.1124673956072697 3.0388148460883873e-06
1.1150306429931511 3.010236047548883e-06
1.1175938903790326 2.982021303062412e-06
1.120157137764914 2.954165026959993e-06
1.1227203851507954 2.9266617294695674e-06
1.1252836325366766 2.8995060150035345e-06
1.1278468799225578 2.8726925804741985e-06
1.1304101273084393 2.846216213637039e-06
1.1329733746943207 2.8200717914615124e-06
1.1355366220802021 2.7942542785290822e-06
1.1380998694660835 2.768758725458244e-06
1.1406631168519648 2.743580267356262e-06
1.1432263642378462 2.7187141222972913e-06
1.1457896116237274 2.694155589826647e-06
1.1483528590096088 2.669900049490852e-06
1.1509161063954902 2.6459429593931906e-06
1.1534793537813717 2.6222798547744776e-06
1.156042601167253 2.5989063466186125e-06
1.1586058485531343 2.575818120282711e-06
1.1611690959390155 2.553010934151521e-06
1.163732343324897 2.530480618315541e-06
1.1662955907107784 2.508223073272882e-06
1.1688588380966598 2.48623426865417e-06
1.1714220854825412 2.464510241970502e-06
1.1739853328684224 2.4430470973837676e-06
1.1765485802543039 2.42184100449931e-06
1.179111827640185 2.4008881971804286e-06
1.1816750750260665 2.3801849723843783e-06
1.184238322411948 2.3597276890196207e-06
1.1868015697978294 2.3395127668239498e-06
1.1893648171837108 2.319536685263127e-06
1.191928064569592 2.2997959824497356e-06
1.1944913119554732 2.28028725408197e-06
1.1970545593413546 2.261007152401908e-06
1.199617806727236 2.241952385173062e-06
1.2021810541131175 2.223119714676864e-06
1.204744301498999 2.2045059567276837e-06
1.2073075488848801 2.186107979706211e-06
1.2098707962707616 2.1679227036107306e-06
1.2124340436566428 2.1499470991261285e-06
1.2149972910425242 2.1321781867101736e-06
1.2175605384284056 2.1146130356969662e-06
1.220123785814287 2.0972487634169867e-06
1.2226870332001685 2.0800825343337858e-06
1.2252502805860497 2.063111559196647e-06
1.227813527971931 2.046333094209297e-06
1.2303767753578123 2.029744440214116e-06
1.2329400227436937 2.013342941891663e-06
1.2355032701295752 1.9971259869752724e-06
1.2380665175154566 1.981091005480418e-06
1.240629764901338 1.9652354689485043e-06
1.2431930122872192 1.9495568897049535e-06
1.2457562596731004 1.9340528201312497e-06
1.2483195070589819 1.918720851950647e-06
1.2508827544448633 1.9035586155273722e-06
1.2534460018307447 1.8885637791790234e-06
1.2560092492166262 1.873734048501925e-06
1.2585724966025074 1.8590671657091865e-06
1.2611357439883888 1.8445609089812444e-06
1.26369899137427 1.8302130918286646e-06
1.2662622387601514 1.81602156246694e-06
1.2688254861460329 1.8019842032030501e-06
1.2713887335319143 1.7880989298336362e-06
1.2739519809177957 1.7743636910544695e-06
1.276515228303677 1.7607764678810864e-06
1.2790784756895581 1.7473352730802868e-06
1.2816417230754396 1.7340381506123863e-06
1.284204970461321 1.7208831750839579e-06
1.2867682178472024 1.7078684512108373e-06
1.2893314652330838 1.6949921132913075e-06
1.291894712618965 1.682252324689084e-06
1.2944579600048465 1.6696472773261417e-06
1.2970212073907277 1.6571751911849487e-06
1.299584454776609 1.64483431382017e-06
1.3021477021624905 1.632622919879403e-06
1.304710949548372 1.6205393106330306e-06
1.3072741969342534 1.6085818135128096e-06
1.3098374443201346 1.5967487816591154e-06
1.3124006917060158 1.5850385934766957e-06
1.3149639390918972 1.5734496521986834e-06
1.3175271864777787 1.5619803854588167e-06
1.32009043386366 1.5506292448716348e-06
1.3226536812495415 1.53939470562046e-06
1.3252169286354227 1.5282752660531489e-06
1.3277801760213042 1.5172694472853164e-06
1.3303434234071854 1.5063757928109806e-06
1.3329066707930668 1.4955928681204166e-06
1.3354699181789482 1.4849192603251793e-06
1.3380331655648297 1.4743535777900101e-06
1.340596412950711 1.4638944497716476e-06
1.3431596603365923 1.453540526064273e-06
1.3457229077224737 1.443290476651573e-06
1.348286155108355 1.4331429913652168e-06
1.3508494024942364 1.4230967795496323e-06
1.3534126498801178 1.4131505697329825e-06
1.3559758972659992 1.4033031093042455e-06
1.3585391446518804 1.3935531641962125e-06
1.3611023920377618 1.383899518574271e-06
1.363665639423643 1.3743409745310408e-06
1.3662288868095245 1.3648763517864749e-06
1.368792134195406 1.355504487393564e-06
1.3713553815812873 1.3462242354493839e-06
1.3739186289671688 1.3370344668114588e-06
1.37648187635305 1.3279340688192718e-06
1.3790451237389314 1.3189219450209089e-06
1.3816083711248126 1.3099970149046516e-06
1.384171618510694 1.3011582136354844e-06
1.3867348658965755 1.292404491796372e-06
1.389298113282457 1.2837348151342533e-06
1.3918613606683383 1.2751481643106575e-06
1.3944246080542195 1.2666435346568059e-06
1.3969878554401007 1.258219935933172e-06
1.3995511028259822 1.2498763920933845e-06
1.4021143502118636 1.2416119410523982e-06
1.404677597597745 1.2334256344588339e-06
1.4072408449836264 1.22531653747142e-06
1.4098040923695079 1.217283728539476e-06
1.4123673397553889 1.2093262991872864e-06
1.4149305871412703 1.2014433538024145e-06
1.4174938345271517 1.193634009427745e-06
1.4200570819130331 1.185897395557288e-06
1.4226203292989146 1.1782326539356171e-06
1.425183576684796 1.1706389383608478e-06
1.4277468240706774 1.1631154144912032e-06
1.4303100714565584 1.1556612596549657e-06
1.4328733188424398 1.1482756626637953e-06
1.4354365662283213 1.1409578236294024e-06
1.4379998136142027 1.133706953783446e-06
1.4405630610000841 1.1265222753006077e-06
1.4431263083859656 1.1194030211248036e-06
1.4456895557718465 1.112348434798453e-06
1.448252803157728 1.1053577702947723e-06
1.4508160505436094 1.0984302918529874e-06
1.4533792979294908 1.0915652738164656e-06
1.4559425453153723 1.0847620004736858e-06
1.4585057927012537 1.0780197659019564e-06
1.4610690400871351 1.0713378738139185e-06
1.463632287473016 1.0647156374066919e-06
1.4661955348588975 1.0581523792136484e-06
1.468758782244779 1.0516474309588006e-06
1.4713220296306604 1.0452001334136688e-06
1.4738852770165418 1.0388098362566891e-06
1.4764485244024232 1.0324758979349943e-06
1.4790117717883042 1.02619768552865e-06
1.4815750191741857 1.0199745746171769e-06
1.484138266560067 1.0138059491484078e-06
1.4867015139459485 1.0076912013096099e-06
1.48926476133183 1.0016297314007934e-06
1.4918280087177114 9.956209477102101e-07
1.4943912561035928 9.896642663919852e-07
1.4969545034894738 9.837591113458554e-07
1.4995177508753552 9.779049140989284e-07
1.5020809982612366 9.72101113689486e-07
1.504644245647118 9.663471565527702e-07
1.5072074930329995 9.606424964086876e-07
1.509770740418881 9.549865941514281e-07
1.512333987804762 9.493789177409781e-07
1.5148972351906433 9.438189420964331e-07
1.5174604825765248 9.383061489911329e-07
1.5200237299624062 9.328400269495592e-07
1.5225869773482876 9.274200711459944e-07
1.525150224734169 9.220457833048306e-07
1.5277134721200505 9.167166716026059e-07
1.5302767195059315 9.114322505716602e-07
1.532839966891813 9.061920410053835e-07
1.5354032142776943 9.009955698650978e-07
1.5379664616635758 8.958423701884346e-07
1.5405297090494572 8.907319809992851e-07
1.5430929564353386 8.85663947219216e-07
1.54565620382122 8.806378195803679e-07
1.548219451207101 8.756531545398008e-07
1.5507826985929825 8.707095141952518e-07
1.5533459459788639 8.658064662022791e-07
1.5559091933647453 8.609435836927797e-07
1.5584724407506267 8.561204451948587e-07
1.5610356881365082 8.513366345539814e-07
1.5635989355223892 8.465917408554606e-07
1.5661621829082706 8.418853583481855e-07
1.568725430294152 8.372170863696051e-07
1.5712886776800334 8.32586529271948e-07
1.5738519250659149 8.279932963496287e-07
1.5764151724517963 8.234370017678443e-07
1.5789784198376777 8.189172644923262e-07
1.5815416672235587 8.144337082202341e-07
1.5841049146094401 8.099859613121771e-07
1.5866681619953216 8.055736567253212e-07
1.589231409381203 8.011964319475773e-07
1.5917946567670844 7.968539289328593e-07
1.5943579041529659 7.925457940373791e-07
1.5969211515388468 7.882716779569624e-07
1.5994843989247283 7.840312356653707e-07
1.6020476463106097 7.798241263536078e-07
1.6046108936964911 7.756500133702108e-07
1.6071741410823726 7.715085641624725e-07
1.609737388468254 7.673994502186086e-07
1.6123006358541354 7.633223470108606e-07
1.6148638832400164 7.592769339394737e-07
1.6174271306258978 7.552628942775798e-07
1.6199903780117793 7.512799151169504e-07
1.6225536253976607 7.473276873146083e-07
1.625116872783542 7.434059054402748e-07
1.6276801201694235 7.395142677246458e-07
1.6302433675553045 7.356524760084933e-07
1.632806614941186 7.318202356925366e-07
1.6353698623270674 7.280172556881425e-07
1.6379331097129488 7.242432483687395e-07
1.6404963570988302 7.204979295220619e-07
1.6430596044847117 7.167810183030612e-07
1.645622851870593 7.130922371876103e-07
1.648186099256474 7.09431311926902e-07
1.6507493466423555 7.057979715025483e-07
1.653312594028237 7.02191948082395e-07
1.6558758414141184 6.986129769769996e-07
1.6584390887999998 6.950607965967989e-07
1.6610023361858812 6.915351484099149e-07
1.6635655835717622 6.880357769006373e-07
1.6661288309576436 6.845624295285129e-07
1.668692078343525 6.811148566880878e-07
1.6712553257294065 6.776928116692523e-07
1.673818573115288 6.742960506181945e-07
1.6763818205011694 6.709243324989523e-07
