0.3973213749463701 0.0
0.39988462233225147 0.0
0.40244786971813284 0.0
0.40501111710401416 0.0
0.40757436448989554 0.0
0.4101376118757769 0.0
0.4127008592616583 0.0
0.41526410664753965 0.0
0.417827354033421 0.0
0.42039060141930235 0.0
0.4229538488051837 0.0
0.4255170961910651 0.0
0.4280803435769464 0.0
0.4306435909628278 0.0
0.43320683834870916 0.0
0.43577008573459053 0.0
0.43833333312047185 0.0
0.4408965805063532 0.0
0.4434598278922346 0.0
0.44602307527811597 0.0
0.44858632266399734 0.0
0.45114957004987866 0.0
0.45371281743576003 0.0
0.4562760648216414 0.0
0.4588393122075228 0.0
0.46140255959340415 0.0
0.46396580697928547 0.0
0.46652905436516684 0.0
0.4690923017510482 0.0
0.4716555491369296 0.0
0.47421879652281096 0.0
0.4767820439086923 0.0
0.47934529129457365 0.0
0.481908538680455 0.0
0.48447178606633634 0.0
0.4870350334522177 0.0
0.4895982808380991 0.0
0.49216152822398046 0.0
0.49472477560986183 0.0
0.49728802299574315 0.0
0.4998512703816245 0.0
0.5024145177675059 0.0
0.5049777651533872 0.0
0.5075410125392686 0.0
0.51010425992515 0.0
0.5126675073110314 0.0
0.5152307546969127 0.0
0.517794002082794 0.0
0.5203572494686755 0.0
0.5229204968545568 0.0
0.5254837442404381 0.0
0.5280469916263195 0.0
0.5306102390122008 0.0
0.5331734863980823 0.0
0.5357367337839636 0.0
0.538299981169845 0.0
0.5408632285557263 0.0
0.5434264759416076 0.0
0.5459897233274891 0.0
0.5485529707133704 0.0
0.5511162180992517 0.0
0.5536794654851331 0.0
0.5562427128710145 0.0
0.5588059602568958 0.0
0.5613692076427772 0.0
0.5639324550286586 0.0
0.56649570241454 0.0
0.5690589498004213 0.0
0.5716221971863027 0.0
0.574185444572184 0.0
0.5767486919580653 0.0
0.5793119393439468 0.0
0.5818751867298281 0.0
0.5844384341157094 0.0
0.5870016815015908 0.0
0.5895649288874721 0.0
0.5921281762733536 0.0
0.5946914236592349 1.4933017721831936e-06
0.5972546710451163 1.0313922119538529e-05
0.5998179184309976 1.3722461856433918e-05
0.602381165816879 1.5894909267907472e-05
0.6049444132027604 1.7404611101365913e-05
0.6075076605886417 1.8488836177512885e-05
0.610070907974523 1.927490984628447e-05
0.6126341553604044 1.984084843643076e-05
0.6151974027462858 2.0238512881440068e-05
0.6177606501321671 2.050434276487794e-05
0.6203238975180485 2.0664996478345708e-05
0.6228871449039299 2.074058726069317e-05
0.6254503922898113 2.074666498108295e-05
0.6280136396756926 2.069549238883639e-05
0.630576887061574 2.0596900523347776e-05
0.6331401344474553 2.0458881036797032e-05
0.6357033818333366 2.0288007611708165e-05
0.6382666292192181 2.008974274898962e-05
0.6408298766050994 1.986866556418724e-05
0.6433931239909807 1.9628643873591484e-05
0.6459563713768621 1.937296619189729e-05
0.6485196187627436 1.910444436950259e-05
0.6510828661486248 1.8825494388195405e-05
0.6536461135345062 1.853820068018963e-05
0.6562093609203876 1.8244367860283606e-05
0.6587726083062689 1.7945562731994298e-05
0.6613358556921503 1.7643148699080095e-05
0.6638991030780317 1.7338314189093076e-05
0.666462350463913 1.7032096313023534e-05
0.6690255978497943 1.6725400702796502e-05
0.6715888452356757 1.6419018257761998e-05
0.6741520926215571 1.6113639372587233e-05
0.6767153400074384 1.5809866098213768e-05
0.6792785873933198 1.5508222594901822e-05
0.6818418347792012 1.5209164164739262e-05
0.6844050821650826 1.49130850951734e-05
0.6869683295509639 1.4620325501333434e-05
0.6895315769368453 1.4331177320332792e-05
0.6920948243227266 1.4045889583269088e-05
0.6946580717086079 1.3764673068686183e-05
0.6972213190944894 1.3487704423622435e-05
0.6997845664803707 1.3215129824118376e-05
0.702347813866252 1.2947068235484832e-05
0.7049110612521334 1.2683614323189265e-05
0.7074743086380149 1.2424841057473658e-05
0.7100375560238961 1.2170802048435701e-05
0.7126008034097775 1.1921533643022429e-05
0.7151640507956589 1.16770568109912e-05
0.7177272981815402 1.1437378843220115e-05
0.7202905455674216 1.1202494882668706e-05
0.722853792953303 1.0972389305689063e-05
0.7254170403391843 1.0747036969185279e-05
0.7279802877250656 1.0526404337244759e-05
0.730543535110947 1.0310450499262236e-05
0.7331067824968284 1.0099128090201436e-05
0.7356700298827097 9.892384122451567e-06
0.7382332772685911 9.690160737708646e-06
0.7407965246544725 9.49239588641603e-06
0.7433597720403538 9.299023941517583e-06
0.7459230194262352 9.109976252591446e-06
0.7484862668121166 8.9251816458289e-06
0.7510495141979979 8.744566874789598e-06
0.7536127615838792 8.568057026391205e-06
0.7561760089697607 8.395575886171756e-06
0.758739256355642 8.227046266486276e-06
0.7613025037415233 8.062390300964062e-06
0.7638657511274047 7.901529708251184e-06
0.766428998513286 7.744386027790946e-06
0.7689922458991674 7.590880830150969e-06
0.7715554932850488 7.440935904183658e-06
0.7741187406709302 7.294473423107112e-06
0.7766819880568115 7.1514160914114605e-06
0.7792452354426929 7.011687274330747e-06
0.7818084828285743 6.8752111114703345e-06
0.7843717302144556 6.741912616042898e-06
0.7869349776003369 6.611717761041642e-06
0.7894982249862184 6.4845535535649855e-06
0.7920614723720997 6.360348098403743e-06
0.794624719757981 6.239030651905947e-06
0.7971879671438624 6.120531667048089e-06
0.7997512145297438 6.004782830561437e-06
0.802314461915625 5.891717092889646e-06
0.8048777093015065 5.781268691686638e-06
0.8074409566873879 5.673373169502909e-06
0.8100042040732692 5.567967386251973e-06
0.8125674514591505 5.4649895269973615e-06
0.815130698845032 5.36437910555363e-06
0.8176939462309133 5.266076964351127e-06
0.8202571936167946 5.170025270975092e-06
0.822820441002676 5.076167511752857e-06
0.8253836883885574 4.984448482730112e-06
0.8279469357744387 4.8948142783459186e-06
0.8305101831603201 4.807212278088838e-06
0.8330734305462015 4.721591131390373e-06
0.8356366779320828 4.637900740988601e-06
0.8381999253179642 4.556092244973198e-06
0.8407631727038456 4.4761179977033535e-06
0.8433264200897269 4.397931549772082e-06
0.8458896674756082 4.321487627173553e-06
0.8484529148614897 4.246742109815284e-06
0.851016162247371 4.1736520095029515e-06
0.8535794096332523 4.1021754475129105e-06
0.8561426570191337 4.032271631855984e-06
0.8587059044050152 3.9639008343254425e-06
0.8612691517908964 3.897024367412422e-06
0.8638323991767778 3.831604561163214e-06
0.8663956465626592 3.7676047400448677e-06
0.8689588939485405 3.7049891998779526e-06
0.8715221413344219 3.6437231848890053e-06
0.8740853887203033 3.5837728649287853e-06
0.8766486361061846 3.525105312897052e-06
0.8792118834920659 3.46768848240951e-06
0.8817751308779473 3.4114911857379643e-06
0.8843383782638287 3.3564830720506356e-06
0.88690162564971 3.3026346059757277e-06
0.8894648730355914 3.249917046507924e-06
0.8920281204214728 3.198302426274559e-06
0.8945913678073542 3.1477635311751377e-06
0.8971546151932355 3.098273880405621e-06
0.8997178625791169 3.049807706876483e-06
0.9022811099649982 3.0023399380314604e-06
0.9048443573508795 2.955846177072251e-06
0.907407604736761 2.9103026845925685e-06
0.9099708521226423 2.865686360623634e-06
0.9125340995085237 2.8219747270917482e-06
0.915097346894405 2.779145910687594e-06
0.9176605942802863 2.7371786261456016e-06
0.9202238416661678 2.696052159931114e-06
0.9227870890520491 2.6557463543319806e-06
0.9253503364379304 2.616241591950705e-06
0.9279135838238118 2.577518780592523e-06
0.9304768312096932 2.5395593385443473e-06
0.9330400785955746 2.502345180238881e-06
0.9356033259814559 2.4658587022980653e-06
0.9381665733673372 2.4300827699493832e-06
0.9407298207532186 2.395000703808529e-06
0.9432930681391 2.360596267021478e-06
0.9458563155249814 2.3268536527590352e-06
0.9484195629108627 2.293757472056556e-06
0.950982810296744 2.261292741991665e-06
0.9535460576826255 2.229444874192415e-06
0.9561093050685068 2.198199663668667e-06
0.9586725524543882 2.1675432779589745e-06
0.9612357998402695 2.1374622465857554e-06
0.9637990472261508 2.107943450811106e-06
0.9663622946120323 2.078974113685903e-06
0.9689255419979136 2.050541790384926e-06
0.971488789383795 2.0226343588205113e-06
0.9740520367696763 1.995240010527683e-06
0.9766152841555577 1.968347241813567e-06
0.9791785315414391 1.9419448451640245e-06
0.9817417789273204 1.9160219009006342e-06
0.9843050263132017 1.8905677690811763e-06
0.9868682736990831 1.8655720816369392e-06
0.9894315210849645 1.8410247347402583e-06
0.9919947684708459 1.8169158813958797e-06
0.9945580158567272 1.7932359242497984e-06
0.9971212632426085 1.7699755086094109e-06
0.99968451062849 1.7471255156689484e-06
1.0022477580143714 1.724677055934275e-06
1.0048110054002528 1.7026214628412784e-06
1.007374252786134 1.6809502865622132e-06
1.0099375001720152 1.6596552879945144e-06
1.0125007475578967 1.638728432926757e-06
1.015063994943778 1.6181618863764535e-06
1.0176272423296595 1.5979480070946805e-06
1.020190489715541 1.5780793422325656e-06
1.0227537371014221 1.5585486221647521e-06
1.0253169844873036 1.5393487554652531e-06
1.0278802318731848 1.5204728240310437e-06
1.0304434792590662 1.5019140783489837e-06
1.0330067266449476 1.4836659329017752e-06
1.035569974030829 1.4657219617087368e-06
1.0381332214167105 1.448075893997332e-06
1.0406964688025917 1.4307216100014937e-06
1.043259716188473 1.4136531368829041e-06
1.0458229635743543 1.3968646447715058e-06
1.0483862109602358 1.3803504429216228e-06
1.0509494583461172 1.3641049759801515e-06
1.0535127057319986 1.3481228203634678e-06
1.0560759531178798 1.332398680739676e-06
1.0586392005037613 1.316927386613052e-06
1.0612024478896425 1.3017038890075428e-06
1.063765695275524 1.2867232572462622e-06
1.0663289426614053 1.2719806758241634e-06
1.0688921900472867 1.2574714413709419e-06
1.0714554374331682 1.2431909597014654e-06
1.0740186848190494 1.2291347429510984e-06
1.0765819322049308 1.2152984067932487e-06
1.079145179590812 1.2016776677367347e-06
1.0817084269766934 1.1882683405004686e-06
1.0842716743625749 1.1750663354631523e-06
1.0868349217484563 1.1620676561856548e-06
1.0893981691343375 1.149268397003938e-06
1.091961416520219 1.1366647406903243e-06
1.0945246639061001 1.1242529561810512e-06
1.0970879112919816 1.1120293963681366e-06
1.099651158677863 1.099990495953577e-06
1.1022144060637444 1.0881327693639796e-06
1.1047776534496259 1.0764528087238626e-06
1.107340900835507 1.0649472818858028e-06
1.1099041482213885 1.053612930515707e-06
1.1124673956072697 1.0424465682316297e-06
1.1150306429931511 1.0314450787944195e-06
1.1175938903790326 1.0206054143487315e-06
1.120157137764914 1.0099245937128371e-06
1.1227203851507954 9.993997007157906e-07
1.1252836325366766 9.890278825805618e-07
1.1278468799225578 9.788063483517141e-07
1.1304101273084393 9.687323673663343e-07
1.1329733746943207 9.588032677669355e-07
1.1355366220802021 9.490164350550558e-07
1.1380998694660835 9.39369310684368e-07
1.1406631168519648 9.298593906921315e-07
1.1432263642378462 9.204842243678351e-07
1.1457896116237274 9.112414129579666e-07
1.1483528590096088 9.021286084058035e-07
1.1509161063954902 8.93143512125234e-07
1.1534793537813717 8.842838738076012e-07
1.156042601167253 8.755474902605685e-07
1.1586058485531343 8.669322042781126e-07
1.1611690959390155 8.584359035407593e-07
1.163732343324897 8.500565195450635e-07
1.1662955907107784 8.417920265616541e-07
1.1688588380966598 8.336404406208491e-07
1.1714220854825412 8.255998185251921e-07
1.1739853328684224 8.176682568879921e-07
1.1765485802543039 8.098438911972327e-07
1.179111827640185 8.021248949040627e-07
1.1816750750260665 7.945094785351593e-07
1.184238322411948 7.869958888283098e-07
1.1868015697978294 7.795824078905313e-07
1.1893648171837108 7.722673523780798e-07
1.191928064569592 7.650490726977295e-07
1.1944913119554732 7.57925952228744e-07
1.1970545593413546 7.508964065648984e-07
1.199617806727236 7.439588827760352e-07
1.2021810541131175 7.371118586885893e-07
1.204744301498999 7.303538421845201e-07
1.2073075488848801 7.236833705181842e-07
1.2098707962707616 7.170990096505936e-07
1.2124340436566428 7.105993536006165e-07
1.2149972910425242 7.04183023812605e-07
1.2175605384284056 6.978486685400531e-07
1.220123785814287 6.91594962244746e-07
1.2226870332001685 6.854206050110969e-07
1.2252502805860497 6.793243219751069e-07
1.227813527971931 6.733048627676822e-07
1.2303767753578123 6.673610009718159e-07
1.2329400227436937 6.614915335932862e-07
1.2355032701295752 6.556952805445179e-07
1.2380665175154566 6.499710841412301e-07
1.240629764901338 6.443178086114973e-07
1.2431930122872192 6.387343396169379e-07
1.2457562596731004 6.332195837856689e-07
1.2483195070589819 6.277724682566964e-07
1.2508827544448633 6.223919402354636e-07
1.2534460018307447 6.17076966560237e-07
1.2560092492166262 6.118265332790434e-07
1.2585724966025074 6.066396452368676e-07
1.2611357439883888 6.015153256728454e-07
1.26369899137427 5.964526158271884e-07
1.2662622387601514 5.914505745575656e-07
1.2688254861460329 5.865082779646932e-07
1.2713887335319143 5.816248190269124e-07
1.2739519809177957 5.767993072434812e-07
1.276515228303677 5.720308682863808e-07
1.2790784756895581 5.673186436603831e-07
1.2816417230754396 5.626617903711934e-07
1.284204970461321 5.580594806014372e-07
1.2867682178472024 5.535109013942779e-07
1.2893314652330838 5.490152543445045e-07
1.291894712618965 5.445717552968309e-07
1.2944579600048465 5.401796340513007e-07
1.2970212073907277 5.358381340755258e-07
1.299584454776609 5.315465122236718e-07
1.3021477021624905 5.273040384619196e-07
1.304710949548372 5.231099956003345e-07
1.3072741969342534 5.18963679030905e-07
1.3098374443201346 5.148643964716206e-07
1.3124006917060158 5.108114677164462e-07
1.3149639390918972 5.068042243910126e-07
1.3175271864777787 5.028420097139109e-07
1.32009043386366 4.989241782634328e-07
1.3226536812495415 4.950500957495943e-07
1.3252169286354227 4.912191387913696e-07
1.3277801760213042 4.874306946989439e-07
1.3303434234071854 4.836841612608939e-07
1.3329066707930668 4.799789465361531e-07
1.3354699181789482 4.763144686506695e-07
1.3380331655648297 4.726901555985975e-07
1.340596412950711 4.6910544504795476e-07
1.3431596603365923 4.6555978415059495e-07
1.3457229077224737 4.6205262935642336e-07
1.348286155108355 4.585834462317269e-07
1.3508494024942364 4.551517092815178e-07
1.3534126498801178 4.5175690177580504e-07
1.3559758972659992 4.4839851557970213e-07
1.3585391446518804 4.450760509872551e-07
1.3611023920377618 4.417890165588935e-07
1.363665639423643 4.385369289624796e-07
1.3662288868095245 4.3531931281777336e-07
1.368792134195406 4.321357005443132e-07
1.3713553815812873 4.289856322125808e-07
1.3739186289671688 4.2586865539839377e-07
1.37648187635305 4.2278432504042994e-07
1.3790451237389314 4.1973220330083334e-07
1.3816083711248126 4.16711859428802e-07
1.384171618510694 4.1372286962710784e-07
1.3867348658965755 4.1076481692145825e-07
1.389298113282457 4.0783729103264936e-07
1.3918613606683383 4.049398882514427e-07
1.3944246080542195 4.020722113160814e-07
1.3969878554401007 3.9923386929240886e-07
1.3995511028259822 3.9642447745651607e-07
1.4021143502118636 3.936436571798599e-07
1.404677597597745 3.90891035816793e-07
1.4072408449836264 3.8816624659444825e-07
1.4098040923695079 3.854689285049334e-07
1.4123673397553889 3.8279872619975557e-07
1.4149305871412703 3.8015528988646614e-07
1.4174938345271517 3.775382752274272e-07
1.4200570819130331 3.749473432406911e-07
1.4226203292989146 3.723821602029183e-07
1.425183576684796 3.698423975542827e-07
1.4277468240706774 3.673277318053609e-07
1.4303100714565584 3.6483784444590625e-07
1.4328733188424398 3.623724218554893e-07
1.4354365662283213 3.5993115521597347e-07
1.4379998136142027 3.575137404257655e-07
1.4405630610000841 3.551198780158033e-07
1.4431263083859656 3.527492730672494e-07
1.4456895557718465 3.504016351308444e-07
1.448252803157728 3.480766781478935e-07
1.4508160505436094 3.4577412037283004e-07
1.4533792979294908 3.4349368429734084e-07
1.4559425453153723 3.412350965760126e-07
1.4585057927012537 3.3899808795344755e-07
1.4610690400871351 3.3678239319285085e-07
1.463632287473016 3.3458775100602275e-07
1.4661955348588975 3.324139039847397e-07
1.468758782244779 3.3026059853350364e-07
1.4713220296306604 3.2812758480360153e-07
1.4738852770165418 3.2601461662848024e-07
1.4764485244024232 3.2392145146037154e-07
1.4790117717883042 3.2184785030818015e-07
1.4815750191741857 3.1979357767656427e-07
1.484138266560067 3.1775840150621747e-07
1.4867015139459485 3.157420931153131e-07
1.48926476133183 3.1374442714207603e-07
1.4918280087177114 3.117651814884718e-07
1.4943912561035928 3.098041372649838e-07
1.4969545034894738 3.0786107873645645e-07
1.4995177508753552 3.0593579326897286e-07
1.5020809982612366 3.0402807127775835e-07
1.504644245647118 3.0213770617608e-07
1.5072074930329995 3.0026449432511974e-07
1.509770740418881 2.984082349848002e-07
1.512333987804762 2.965687302655555e-07
1.5148972351906433 2.947457850810041e-07
1.5174604825765248 2.929392071015237e-07
1.5200237299624062 2.9114880670870026e-07
1.5225869773482876 2.8937439695064357e-07
1.525150224734169 2.876157934981249e-07
1.5277134721200505 2.858728146015532e-07
1.5302767195059315 2.8414528104875166e-07
1.532839966891813 2.8243301612351297e-07
1.5354032142776943 2.807358455649442e-07
1.5379664616635758 2.790535975275487e-07
1.5405297090494572 2.7738610254206257e-07
1.5430929564353386 2.7573319347700563e-07
1.54565620382122 2.740947055009449e-07
1.548219451207101 2.724704760454564e-07
1.5507826985929825 2.708603447687629e-07
1.5533459459788639 2.6926415352003937e-07
1.5559091933647453 2.6768174630437087e-07
1.5584724407506267 2.6611296924835643e-07
1.5610356881365082 2.6455767056632443e-07
1.5635989355223892 2.630157005271779e-07
1.5661621829082706 2.6148691142183126e-07
1.568725430294152 2.5997115753123686e-07
1.5712886776800334 2.5846829509499397e-07
1.5738519250659149 2.569781822805165e-07
1.5764151724517963 2.555006791527588e-07
1.5789784198376777 2.5403564764448085e-07
1.5815416672235587 2.5258295152704795e-07
1.5841049146094401 2.511424563817538e-07
1.5866681619953216 2.4971402957164886e-07
1.589231409381203 2.4829754021387115e-07
1.5917946567670844 2.4689285915247075e-07
1.5943579041529659 2.454998589317121e-07
1.5969211515388468 2.441184137698491e-07
1.5994843989247283 2.4274839953335996e-07
1.6020476463106097 2.4138969371163713e-07
1.6046108936964911 2.4004217539212297e-07
1.6071741410823726 2.387057252358746e-07
1.609737388468254 2.3738022545356062e-07
1.6123006358541354 2.3606555978187703e-07
1.6148638832400164 2.347616134603683e-07
1.6174271306258978 2.3346827320865327e-07
1.6199903780117793 2.3218542720404576e-07
1.6225536253976607 2.309129650595632e-07
1.625116872783542 2.2965077780231094e-07
1.6276801201694235 2.2839875785224037e-07
1.6302433675553045 2.2715679900127369e-07
1.632806614941186 2.2592479639277916e-07
1.6353698623270674 2.2470264650141053e-07
1.6379331097129488 2.234902471132711e-07
1.6404963570988302 2.2228749730643975e-07
1.6430596044847117 2.2109429743180207e-07
1.645622851870593 2.1991054909422614e-07
1.648186099256474 2.1873615513404864e-07
1.6507493466423555 2.1757101960887153e-07
1.653312594028237 2.1641504777567104e-07
1.6558758414141184 2.1526814607320235e-07
1.6584390887999998 2.1413022210470432e-07
1.6610023361858812 2.1300118462088674e-07
1.6635655835717622 2.1188094350321128e-07
1.6661288309576436 2.107694097474406e-07
1.668692078343525 2.0966649544747013e-07
1.6712553257294065 2.0857211377942292e-07
1.673818573115288 2.0748617898601e-07
1.6763818205011694 2.0640860636114913e-07
