0.0 nan
0.002400956535921948 9.759290607058547e-09
0.004801913071843896 1.0109784541679212e-08
0.0072028696077658435 1.0462753651387805e-08
0.009603826143687792 1.081761624365456e-08
0.01200478267960974 1.1173781767562302e-08
0.014405739215531687 1.1530655293066369e-08
0.016806695751453635 1.1887642198261943e-08
0.019207652287375584 1.224415300424797e-08
0.021608608823297532 1.2599608289300575e-08
0.02400956535921948 1.2953443607372768e-08
0.02641052189514143 1.3305114330489752e-08
0.028811478431063374 1.365410033120385e-08
0.031212434966985322 1.3999910419914859e-08
0.03361339150290727 1.4342086453193363e-08
0.03601434803882922 1.4680207033322636e-08
0.03841530457475117 1.5013890726229263e-08
0.040816261110673116 1.53427987348052e-08
0.043217217646595064 1.5666636977056092e-08
0.04561817418251701 1.5985157533139336e-08
0.04801913071843896 1.6298159441667178e-08
0.05042008725436091 1.660548884290562e-08
0.05282104379028286 1.690703848387583e-08
0.055222000326204806 1.7202746617168975e-08
0.05762295686212675 1.749259534057344e-08
0.060023913398048696 1.7776608437809187e-08
0.062424869933970645 1.8054848791144476e-08
0.0648258264698926 1.8327415444057015e-08
0.06722678300581454 1.8594440396273193e-08
0.0696277395417365 1.88560852144309e-08
0.07202869607765844 1.911253753951007e-08
0.0744296526135804 1.936400756744604e-08
0.07683060914950234 1.961072457240032e-08
0.07923156568542428 1.9852933533673192e-08
0.08163252222134623 2.009089191761707e-08
0.08403347875726817 2.032486665585492e-08
0.08643443529319013 2.0555131351036357e-08
0.08883539182911207 2.0781963731667747e-08
0.09123634836503403 2.1005643368670768e-08
0.09363730490095597 2.1226449658376077e-08
0.09603826143687792 2.144466006985063e-08
0.09843921797279986 2.166054864884489e-08
0.10084017450872182 2.1874384766216297e-08
0.10324113104464376 2.2086432095361562e-08
0.10564208758056572 2.22969478009109e-08
0.10804304411648766 2.2506181919562487e-08
0.11044400065240961 2.271437691331889e-08
0.11284495718833155 2.2921767375388303e-08
0.1152459137242535 2.312857986956403e-08
0.11764687026017545 2.333503288476816e-08
0.12004782679609739 2.354133688761425e-08
0.12244878333201935 2.374769445720052e-08
0.12484973986794129 2.3954300487761723e-08
0.12725069640386324 2.4161342446299582e-08
0.1296516529397852 2.4369000673774186e-08
0.13205260947570713 2.4577448719837205e-08
0.13445356601162908 2.4786853702433595e-08
0.13685452254755104 2.4997376684838727e-08
0.139255479083473 2.5209173063828075e-08
0.14165643561939492 2.5422392963718598e-08
0.14405739215531688 2.5637181631917748e-08
0.14645834869123883 2.585367983245552e-08
0.1488593052271608 2.607202423468788e-08
0.15126026176308272 2.6292347794940636e-08
0.15366121829900467 2.651478012945929e-08
0.15606217483492663 2.6739447877436608e-08
0.15846313137084855 2.696647505330192e-08
0.1608640879067705 2.7195983387775447e-08
0.16326504444269246 2.7428092657450234e-08
0.16566600097861442 2.7662921002917723e-08
0.16806695751453635 2.790058523558845e-08
0.1704679140504583 2.814120113356364e-08
0.17286887058638026 2.8384883726962908e-08
0.1752698271223022 2.8631747573277887e-08
0.17767078365822414 2.888190702333116e-08
0.1800717401941461 2.9135476478505944e-08
0.18247269673006805 2.939257063993797e-08
0.18487365326599 2.9653304750394368e-08
0.18727460980191193 2.9917794829578964e-08
0.1896755663378339 3.0186157903603436e-08
0.19207652287375584 3.0458512229385335e-08
0.19447747940967777 3.073497751472247e-08
0.19687843594559973 3.101567513478383e-08
0.19927939248152168 3.130072834577205e-08
0.20168034901744364 3.159026249648526e-08
0.20408130555336557 3.188440523850057e-08
0.20648226208928752 3.218328673571913e-08
0.20888321862520948 3.248703987396379e-08
0.21128417516113143 3.2795800471363916e-08
0.21368513169705336 3.310970749020612e-08
0.21608608823297532 3.3428903250979925e-08
0.21848704476889727 3.3753533649300496e-08
0.22088800130481923 3.40837483764346e-08
0.22328895784074115 3.441970114412175e-08
0.2256899143766631 3.476154991440846e-08
0.22809087091258506 3.5109457135245675e-08
0.230491827448507 3.5463589982557706e-08
0.23289278398442895 3.582412060956163e-08
0.2352937405203509 3.61912264041037e-08
0.23769469705627286 3.656509025481645e-08
0.24009565359219479 3.69459008269093e-08
0.24249661012811674 3.733385284846728e-08
0.2448975666640387 3.7729147408128145e-08
0.24729852319996065 3.813199226508233e-08
0.24969947973588258 3.854260217236154e-08
0.25210043627180456 3.8961199214416346e-08
0.2545013928077265 3.9388013160109155e-08
0.2569023493436484 3.9823281832181606e-08
0.2593033058795704 4.026725149445944e-08
0.26170426241549233 4.072017725802449e-08
0.26410521895141426 4.11823235076983e-08
0.26650617548733624 4.165396435030244e-08
0.26890713202325817 4.21353840861768e-08
0.2713080885591801 4.2626877705607296e-08
0.2737090450951021 4.3128751411894777e-08
0.276110001631024 4.3641323172921605e-08
0.278510958166946 4.416492330320522e-08
0.2809119147028679 4.469989507858002e-08
0.28331287123878984 4.524659538578022e-08
0.2857138277747118 4.580539540943085e-08
0.28811478431063375 4.637668135903075e-08
0.2905157408465557 4.696085523885821e-08
0.29291669738247766 4.755833566382039e-08
0.2953176539183996 4.8169558724597126e-08
0.2977186104543216 4.8794978905673185e-08
0.3001195669902435 4.943507006011967e-08
0.30252052352616543 5.009032644535245e-08
0.3049214800620874 5.076126382439846e-08
0.30732243659800934 5.1448420637617504e-08
0.30972339313393127 5.215235925023477e-08
0.31212434966985325 5.287366728149785e-08
0.3145253062057752 5.3612959021785914e-08
0.3169262627416971 5.437087694455733e-08
0.3193272192776191 5.514809332063192e-08
0.321728175813541 5.594531194297427e-08
0.324129132349463 5.676326997091256e-08
0.32653008888538493 5.760273990350778e-08
0.32893104542130686 5.8464531692764213e-08
0.33133200195722884 5.934949500827765e-08
0.33373295849315077 6.025852166614066e-08
0.3361339150290727 6.119254823606013e-08
0.3385348715649947 6.215255884205901e-08
0.3409358281009166 6.313958817363581e-08
0.3433367846368386 6.415472472594259e-08
0.3457377411727605 6.51991142893744e-08
0.34813869770868244 6.627396371112393e-08
0.3505396542446044 6.738054495350093e-08
0.35294061078052635 6.852019947643708e-08
0.3553415673164483 6.969434297452399e-08
0.35774252385237026 7.09044705021038e-08
0.3601434803882922 7.215216202362391e-08
0.3625444369242141 7.343908843048422e-08
0.3649453934601361 7.476701807022158e-08
0.36734634999605803 7.613782383895425e-08
0.36974730653198 7.755349089383404e-08
0.37214826306790194 7.901612504872433e-08
0.37454921960382387 8.052796192371288e-08
0.37695017613974585 8.209137692732489e-08
0.3793511326756678 8.370889615974417e-08
0.3817520892115897 8.538320833595397e-08
0.3841530457475117 8.711717783982405e-08
0.3865540022834336 8.8913859033907e-08
0.38895495881935555 9.077651196530432e-08
0.39135591535527753 9.270861962584698e-08
0.39375687189119946 9.471390694508755e-08
0.39615782842712144 9.679636171802991e-08
0.39855878496304337 9.896025769600843e-08
0.4009597414989653 1.0121018009985888e-07
0.4033606980348873 1.0355105384965051e-07
0.4057616545708092 1.0598817484572103e-07
0.40816261110673113 1.0852724468257416e-07
0.4105635676426531 1.1117440923111293e-07
0.41296452417857504 1.1393630158730832e-07
0.415365480714497 1.168200899579737e-07
0.41776643725041895 1.1983353113874326e-07
0.4201673937863409 1.2298503033768934e-07
0.42256835032226286 1.2628370821290376e-07
0.4249693068581848 1.2973947612687047e-07
0.4273702633941067 1.3336312077812042e-07
0.4297712199300287 1.371663995562688e-07
0.43217217646595063 1.4116214818516655e-07
0.43457313300187256 1.453644024775414e-07
0.43697408953779454 1.4978853633077767e-07
0.43937504607371647 1.5445141845776312e-07
0.44177600260963845 1.5937159078073425e-07
0.4441769591455604 1.645694719349671e-07
0.4465779156814823 1.700675899513744e-07
0.4489788722174043 1.7589084893593319e-07
0.4513798287533262 1.8206683546742885e-07
0.45378078528924815 1.886261715300839e-07
0.45618174182517013 1.956029221287867e-07
0.45858269836109206 2.0303506735954645e-07
0.460983654897014 2.1096505069894703e-07
0.46338461143293597 2.194404177265317e-07
0.4657855679688579 2.285145625222105e-07
0.4681865245047799 2.3824760274045454e-07
0.4705874810407018 2.4870740905277495e-07
0.47298843757662373 2.599708205296572e-07
0.4753893941125457 2.7212508494239075e-07
0.47779035064846764 2.852695723532317e-07
0.48019130718438957 2.9951782232577693e-07
0.48259226372031155 3.150000004232967e-07
0.4849932202562335 3.3186585944525037e-07
0.48739417679215546 3.502883265388247e-07
0.4897951333280774 3.7046787090327293e-07
0.4921960898639993 3.9263785102566477e-07
0.4945970463999213 4.1707109905783396e-07
0.49699800293584323 4.440880784096326e-07
0.49939895947176516 4.7406705644595816e-07
0.5017999160076871 5.074568781191019e-07
0.5042008725436091 5.447931239861855e-07
0.506601829079531 5.867187099864618e-07
0.509002785615453 6.340103698824596e-07
0.511403742151375 6.87613003914776e-07
0.5138046986872968 7.486846533971244e-07
0.5162056552232188 8.186559837158662e-07
0.5186066117591408 8.993098009264088e-07
0.5210075682950627 9.928885583920946e-07
0.5234085248309847 1.1022414484637275e-06
0.5258094813669066 1.2310281754630591e-06
0.5282104379028285 1.384004892977363e-06
0.5306113944387505 1.5674306324345005e-06
0.5330123509746725 1.7896521692596842e-06
0.5354133075105943 2.0619547467525844e-06
0.5378142640465163 2.399808320062342e-06
0.5402152205824383 2.824692320679644e-06
0.5426161771183602 3.3667241280870404e-06
0.5450171336542822 4.068253099337854e-06
0.5474180901902042 4.9880957783740365e-06
0.5498190467261261 6.204264914586679e-06
0.552220003262048 7.807830682015561e-06
0.55462095979797 9.8700874824485e-06
0.557021916333892 1.2360436251946665e-05
0.5594228728698138 1.5043954454383177e-05
0.5618238294057358 1.7510794406664928e-05
0.5642247859416578 1.9415725690838082e-05
0.5666257424775797 2.065616502178995e-05
0.5690266990135017 2.1301337263890838e-05
0.5714276555494237 2.145696742578949e-05
0.5738286120853455 2.1206602798690094e-05
0.5762295686212675 2.0608362639742447e-05
0.5786305251571895 1.9705405043237288e-05
0.5810314816931114 1.8534694065278635e-05
0.5834324382290333 1.7132728475073085e-05
0.5858333947649553 1.5540471433516872e-05
0.5882343513008772 1.3809820315595048e-05
0.5906353078367992 1.2012095100258543e-05
0.5930362643727212 1.0243104399294234e-05
0.5954372209086431 8.61094224105932e-06
0.597838177444565 7.20066506419084e-06
0.600239133980487 6.043426753228215e-06
0.602640090516409 5.120820022000837e-06
0.6050410470523309 4.391468338529966e-06
0.6074420035882528 3.8123428403233018e-06
0.6098429601241748 3.3475497719529226e-06
0.6122439166600967 2.9696373493832335e-06
0.6146448731960187 2.658269621901413e-06
0.6170458297319407 2.3984823035815473e-06
0.6194467862678625 2.1792075623433964e-06
0.6218477428037845 1.9921737842890326e-06
0.6242486993397065 1.8311212312742896e-06
0.6266496558756284 1.6912505098281134e-06
0.6290506124115504 1.5688345477019838e-06
0.6314515689474723 1.4609436041209362e-06
0.6338525254833942 1.3652483303224822e-06
0.6362534820193162 1.2798770466266811e-06
0.6386544385552382 1.2033110385348825e-06
0.6410553950911602 1.1343068108734852e-06
0.643456351627082 1.0718376820347698e-06
0.645857308163004 1.0150494171111521e-06
0.648258264698926 9.632261695869162e-07
0.6506592212348479 9.157640766794198e-07
0.6530601777707699 8.721505974899143e-07
0.6554611343066918 8.319482035644785e-07
0.6578620908426137 7.947813994842519e-07
0.6602630473785357 7.603263141994932e-07
0.6626640039144577 7.283022936608131e-07
0.6650649604503795 6.984650639370625e-07
0.6674659169863015 6.706011360530556e-07
0.6698668735222235 6.445231994883705e-07
0.6722678300581454 6.200663082134896e-07
0.6746687865940674 5.970847060209534e-07
0.6770697431299894 5.754491706599201e-07
0.6794706996659112 5.550447813502058e-07
0.6818716562018332 5.357690337058337e-07
0.6842726127377552 5.175302411462524e-07
0.6866735692736772 5.002461737136093e-07
0.689074525809599 4.83842894547739e-07
0.691475482345521 4.6825376163364694e-07
0.693876438881443 4.5341856831657315e-07
0.6962773954173649 4.3928280080809865e-07
0.6986783519532869 4.2579699469412133e-07
0.7010793084892089 4.129161755279829e-07
0.7034802650251307 4.005993710890684e-07
0.7058812215610527 3.888091849258729e-07
0.7082821780969747 3.77511422473333e-07
0.7106831346328966 3.6667476241323694e-07
0.7130840911688185 3.5627046708032625e-07
0.7154850477047405 3.462721266626895e-07
0.7178860042406624 3.3665543273450287e-07
0.7202869607765844 3.27397977308104e-07
0.7226879173125064 3.184790741503567e-07
0.7250888738484282 3.098795995698537e-07
0.7274898303843502 3.0158185025810425e-07
0.7298907869202722 2.9356941616607717e-07
0.7322917434561941 2.8582706648757933e-07
0.7346926999921161 2.7834064740547976e-07
0.737093656528038 2.710969900501321e-07
0.73949461306396 2.640838276125066e-07
0.7418955695998819 2.572897205493335e-07
0.7442965261358039 2.507039889810051e-07
0.7466974826717259 2.4431665151300877e-07
0.7490984392076477 2.3811836977032274e-07
0.7514993957435697 2.3210039805265422e-07
0.7539003522794917 2.2625453756701296e-07
0.7563013088154136 2.2057309476792944e-07
0.7587022653513356 2.1504884338743763e-07
0.7611032218872575 2.0967498978164287e-07
0.7635041784231794 2.0444514126680692e-07
0.7659051349591014 1.9935327715143549e-07
0.7683060914950234 1.9439372220483632e-07
0.7707070480309453 1.8956112232513945e-07
0.7731080045668672 1.848504222094639e-07
0.7755089611027892 1.8025684482242448e-07
0.7779099176387111 1.7577587253438815e-07
0.7803108741746331 1.7140322969695372e-07
0.7827118307105551 1.6713486665113467e-07
0.785112787246477 1.6296694491939475e-07
0.7875137437823989 1.5889582354772776e-07
0.7899147003183209 1.54918046484359e-07
0.7923156568542429 1.5103033088611508e-07
0.7947166133901648 1.4722955630270825e-07
0.7971175699260867 1.4351275465006346e-07
0.7995185264620087 1.3987710089784753e-07
0.8019194829979306 1.3631990442985992e-07
0.8043204395338526 1.3283860102592675e-07
0.8067213960697746 1.2943074537998614e-07
0.8091223526056964 1.2609400416993125e-07
0.8115233091416184 1.228261495744519e-07
0.8139242656775404 1.1962505324275114e-07
0.8163252222134623 1.16488680669776e-07
0.8187261787493842 1.134150859441399e-07
0.8211271352853062 1.1040240683583226e-07
0.8235280918212281 1.074488602441418e-07
0.8259290483571501 1.0455273784236864e-07
0.8283300048930721 1.0171240213002761e-07
0.830730961428994 9.89262826403814e-08
0.8331319179649159 9.619287242373132e-08
0.8355328745008379 9.351072474268675e-08
0.8379338310367599 9.087844997338243e-08
0.8403347875726818 8.82947126939478e-08
0.8427357441086037 8.57582289497963e-08
0.8451367006445257 8.326776368432879e-08
0.8475376571804476 8.082212832243712e-08
0.8499386137163696 7.842017849042531e-08
0.8523395702522916 7.606081188053502e-08
0.8547405267882134 7.374296622933906e-08
0.8571414833241354 7.146561741637678e-08
0.8595424398600574 6.922777767029336e-08
0.8619433963959793 6.7028493876181e-08
0.8643443529319013 6.486684597757559e-08
0.8667453094678232 6.274194546711128e-08
0.8691462660037451 6.065293396014177e-08
0.8715472225396671 5.8598981846135514e-08
0.8739481790755891 5.657928701253383e-08
0.8763491356115111 5.459307364027941e-08
0.8787500921474329 5.26395910537096e-08
0.8811510486833549 5.0718112644647865e-08
0.8835520052192769 4.882793484477575e-08
0.8859529617551988 4.696837615393275e-08
0.8883539182911208 4.5138776212010976e-08
0.8907548748270427 4.333849491982551e-08
0.8931558313629646 4.1566911635932715e-08
0.8955567878988866 3.982342433384853e-08
0.8979577444348086 3.8107448870076686e-08
0.9003587009707305 3.6418418408465337e-08
0.9027596575066524 3.475578242035781e-08
0.9051606140425744 3.3119006365499517e-08
0.9075615705784963 3.150757091441684e-08
0.9099625271144183 2.992097139602135e-08
0.9123634836503403 2.835871724032999e-08
0.9147644401862621 2.6820331447412796e-08
0.9171653967221841 2.530535008112011e-08
0.9195663532581061 2.3813321783616123e-08
0.921967309794028 2.2343807325808533e-08
0.92436826632995 2.0896379148596107e-08
0.9267692228658719 1.9470620960330904e-08
0.9291701794017939 1.8066127327322027e-08
0.9315711359377158 1.6682503293386602e-08
0.9339720924736378 1.531936401007406e-08
0.9363730490095598 1.3976334398587011e-08
0.9387740055454816 1.2653048793554941e-08
0.9411749620814036 1.1349150642620605e-08
0.9435759186173256 1.0064292190042883e-08
0.9459768751532475 8.798134184851622e-09
0.9483778316891694 7.550345599107886e-09
0.9507787882250914 6.320603359727228e-09
0.9531797447610133 5.108592088156989e-09
0.9555807012969353 3.914003853769621e-09
0.9579816578328573 2.7365379359038964e-09
0.9603826143687791 1.575900595856324e-09
0.9627835709047011 4.3180485805794116e-10
0.9651845274406231 -6.960297154839361e-10
0.967585483976545 -1.8078771496047037e-09
0.969986440512467 -2.90400540609806e-09
0.972387397048389 -3.985205733377377e-09
0.9747883535843109 -5.050146318350544e-09
0.9771893101202328 -6.100665660886937e-09
0.9795902666561548 -7.136479510073164e-09
0.9819912231920768 -8.157827659624481e-09
0.9843921797279986 -9.16494475253721e-09
0.9867931362639206 -1.0158060585381068e-08
0.9891940927998426 -1.1137399494617859e-08
0.9915950493357645 -1.210318203932211e-08
0.9939960058716865 -1.305562356397036e-08
0.9963969624076084 -1.3994935119668234e-08
0.9987979189435303 -1.4921323425788284e-08
1.0011988754794523 -1.583499098883372e-08
1.0035998320153743 -1.6736136216754618e-08
1.0060007885512963 -1.762495352925678e-08
1.0084017450872182 -1.850163346425339e-08
1.01080270162314 -1.9366362780662376e-08
1.013203658159062 -2.02193246370626e-08
1.015604614694984 -2.1060698290753868e-08
1.018005571230906 -2.1890659984142585e-08
1.020406527766828 -2.2709382240646154e-08
1.02280748430275 -2.3517034346968507e-08
1.0252084408386717 -2.4313782363608356e-08
1.0276093973745937 -2.509978919333417e-08
1.0300103539105157 -2.587521467274058e-08
1.0324113104464376 -2.6640215641078922e-08
1.0348122669823596 -2.7394946014939634e-08
1.0372132235182816 -2.8139556865413135e-08
1.0396141800542034 -2.8874196462708242e-08
1.0420151365901253 -2.9599010433998846e-08
1.0444160931260473 -3.0314141553720636e-08
1.0468170496619693 -3.1019730289981606e-08
1.0492180061978913 -3.171591439850906e-08
1.0516189627338133 -3.240282921294661e-08
1.0540199192697353 -3.308060765575415e-08
1.056420875805657 -3.3749380293673564e-08
1.058821832341579 -3.4409275391546425e-08
1.061222788877501 -3.5060418964561044e-08
1.063623745413423 -3.5702935068141426e-08
1.066024701949345 -3.633694465120737e-08
1.068425658485267 -3.696256799597955e-08
1.0708266150211887 -3.757992237243935e-08
1.0732275715571107 -3.818912327946543e-08
1.0756285280930327 -3.879028425826683e-08
1.0780294846289546 -3.9383516891225967e-08
1.0804304411648766 -3.9968930931431836e-08
1.0828313977007986 -4.054663425212988e-08
1.0852323542367204 -4.111673293696519e-08
1.0876333107726424 -4.167933130011438e-08
1.0900342673085643 -4.223453193640646e-08
1.0924352238444863 -4.278243573544908e-08
1.0948361803804083 -4.3323141942635186e-08
1.0972371369163303 -4.3856748175959626e-08
1.0996380934522523 -4.438335046530949e-08
1.102039049988174 -4.4903043284171056e-08
1.104440006524096 -4.5415919581175694e-08
1.106840963060018 -4.5922070810871716e-08
1.10924191959594 -4.6421586963725246e-08
1.111642876131862 -4.6914557116828e-08
1.114043832667784 -4.7401066854908054e-08
1.1164447892037057 -4.788120351305885e-08
1.1188457457396277 -4.8355050988856525e-08
1.1212467022755497 -4.8822692376239774e-08
1.1236476588114717 -4.9284209469772027e-08
1.1260486153473936 -4.973968278975802e-08
1.1284495718833156 -5.018919160674431e-08
1.1308505284192374 -5.063281396544765e-08
1.1332514849551594 -5.107062670806781e-08
1.1356524414910814 -5.150270549708487e-08
1.1380533980270033 -5.1929124838013986e-08
1.1404543545629253 -5.2349958098562225e-08
1.1428553110988473 -5.27652785079039e-08
1.1452562676347693 -5.3175154307398514e-08
1.147657224170691 -5.357965850344356e-08
1.150058180706613 -5.3978859155596704e-08
1.152459137242535 -5.437282426342991e-08
1.154860093778457 -5.4761620809719785e-08
1.157261050314379 -5.514531489465467e-08
1.159662006850301 -5.5523971181652835e-08
1.1620629633862227 -5.589765405879525e-08
1.1644639199221447 -5.6266426512267096e-08
1.1668648764580667 -5.663035071506791e-08
1.1692658329939887 -5.698948792912112e-08
1.1716667895299107 -5.7343898521379055e-08
1.1740677460658326 -5.769364220840764e-08
1.1764687026017544 -5.8038776927676594e-08
1.1788696591376764 -5.837936114089091e-08
1.1812706156735984 -5.8715451560506644e-08
1.1836715722095204 -5.9047104308304355e-08
1.1860725287454423 -5.937437470073637e-08
1.1884734852813643 -5.969731726282115e-08
1.1908744418172863 -6.001598574171438e-08
1.193275398353208 -6.033043311849884e-08
1.19567635488913 -6.064071162123652e-08
1.198077311425052 -6.094687274801683e-08
