0.0 nan
0.002400956535921948 3.3769108014487766e-09
0.004801913071843896 3.444747170019004e-09
0.0072028696077658435 3.511221675929468e-09
0.009603826143687792 3.5763164833223543e-09
0.01200478267960974 3.6400244595928522e-09
0.014405739215531687 3.70234846473292e-09
0.016806695751453635 3.763300552827783e-09
0.019207652287375584 3.822901111379705e-09
0.021608608823297532 3.8811779632032756e-09
0.02400956535921948 3.938165453798902e-09
0.02641052189514143 3.993903544722879e-09
0.028811478431063374 4.048436930694591e-09
0.031212434966985322 4.101814195038489e-09
0.03361339150290727 4.154087015079938e-09
0.03601434803882922 4.205309426001451e-09
0.03841530457475117 4.255518788671596e-09
0.040816261110673116 4.3048269865076285e-09
0.043217217646595064 4.353236286859933e-09
0.04561817418251701 4.400822475405018e-09
0.04801913071843896 4.447642652043163e-09
0.05042008725436091 4.493753250443443e-09
0.05282104379028286 4.539209755260786e-09
0.055222000326204806 4.584066472527367e-09
0.05762295686212675 4.628376348244719e-09
0.060023913398048696 4.672190830061352e-09
0.062424869933970645 4.7155597670008555e-09
0.0648258264698926 4.758531342371178e-09
0.06722678300581454 4.801152035280102e-09
0.0696277395417365 4.843466606469216e-09
0.07202869607765844 4.8855181045758566e-09
0.0744296526135804 4.927347889296727e-09
0.07683060914950234 4.968995668301823e-09
0.07923156568542428 5.010499545132952e-09
0.08163252222134623 5.0518960756572784e-09
0.08403347875726817 5.093220330997917e-09
0.08643443529319013 5.1345059651434335e-09
0.08883539182911207 5.1757852857285906e-09
0.09123634836503403 5.217089326736521e-09
0.09363730490095597 5.2584479220492846e-09
0.09603826143687792 5.299889779029571e-09
0.09843921797279986 5.341442551420883e-09
0.10084017450872182 5.383132911045124e-09
0.10324113104464376 5.424986617866636e-09
0.10564208758056572 5.467028588129048e-09
0.10804304411648766 5.509282960326047e-09
0.11044400065240961 5.551773158863223e-09
0.11284495718833155 5.594521955323633e-09
0.1152459137242535 5.637551527297933e-09
0.11764687026017545 5.68088351477625e-09
0.12004782679609739 5.72453907413955e-09
0.12244878333201935 5.7685389298040426e-09
0.12484973986794129 5.812903423609675e-09
0.12725069640386324 5.85765256202701e-09
0.1296516529397852 5.902806061297917e-09
0.13205260947570713 5.9483833906244325e-09
0.13445356601162908 5.9944038135066545e-09
0.13685452254755104 6.0408864273649895e-09
0.139255479083473 6.087850201556311e-09
0.14165643561939492 6.135314013912222e-09
0.14405739215531688 6.183296685900294e-09
0.14645834869123883 6.231817016542729e-09
0.1488593052271608 6.280893815204444e-09
0.15126026176308272 6.330545933338578e-09
0.15366121829900467 6.380792295332605e-09
0.15606217483492663 6.431651928520649e-09
0.15846313137084855 6.483143992496922e-09
0.1608640879067705 6.53528780780078e-09
0.16326504444269246 6.588102884079625e-09
0.16566600097861442 6.641608947828883e-09
0.16806695751453635 6.695825969769861e-09
0.1704679140504583 6.750774191981929e-09
0.17286887058638026 6.806474154854439e-09
0.1752698271223022 6.8629467239385444e-09
0.17767078365822414 6.920213116795347e-09
0.1800717401941461 6.978294929884363e-09
0.18247269673006805 7.037214165615273e-09
0.18487365326599 7.096993259585103e-09
0.18727460980191193 7.157655108129652e-09
0.1896755663378339 7.219223096209123e-09
0.19207652287375584 7.28172112575313e-09
0.19447747940967777 7.345173644492213e-09
0.19687843594559973 7.4096056753921674e-09
0.19927939248152168 7.475042846732399e-09
0.20168034901744364 7.541511422925708e-09
0.20408130555336557 7.609038336144368e-09
0.20648226208928752 7.677651218846272e-09
0.20888321862520948 7.747378437259705e-09
0.21128417516113143 7.81824912593277e-09
0.21368513169705336 7.890293223418956e-09
0.21608608823297532 7.96354150919651e-09
0.21848704476889727 8.038025641899747e-09
0.22088800130481923 8.113778198976319e-09
0.22328895784074115 8.190832717860394e-09
0.2256899143766631 8.269223738755675e-09
0.22809087091258506 8.348986849168418e-09
0.230491827448507 8.430158730260332e-09
0.23289278398442895 8.51277720518842e-09
0.2352937405203509 8.596881289519626e-09
0.23769469705627286 8.682511243879897e-09
0.24009565359219479 8.769708628964675e-09
0.24249661012811674 8.858516363063882e-09
0.2448975666640387 8.94897878226291e-09
0.24729852319996065 9.041141703476296e-09
0.24969947973588258 9.135052490510467e-09
0.25210043627180456 9.230760123321943e-09
0.2545013928077265 9.328315270685097e-09
0.2569023493436484 9.427770366489858e-09
0.2593033058795704 9.529179689871775e-09
0.26170426241549233 9.632599449448065e-09
0.26410521895141426 9.73808787189542e-09
0.26650617548733624 9.845705295161446e-09
0.26890713202325817 9.955485226190454e-09
0.2713080885591801 1.0067550316929348e-08
0.2737090450951021 1.0181968716193336e-08
0.276110001631024 1.0298751294682822e-08
0.278510958166946 1.0417999858126874e-08
0.2809119147028679 1.0539789668695505e-08
0.28331287123878984 1.0664198909586817e-08
0.2857138277747118 1.0791308827896004e-08
0.28811478431063375 1.0921203885689045e-08
0.2905157408465557 1.1053971919850214e-08
0.29291669738247766 1.1189704311284517e-08
0.2953176539183996 1.1328496164151787e-08
0.2977186104543216 1.1470446495815031e-08
0.3001195669902435 1.1615658438256523e-08
0.30252052352616543 1.1764239451803553e-08
0.3049214800620874 1.1916301552020164e-08
0.30732243659800934 1.2071961550741371e-08
0.30972339313393127 1.2231341312281301e-08
0.31212434966985325 1.2394568025931069e-08
0.3145253062057752 1.2561774495973977e-08
0.3169262627416971 1.2733099450545324e-08
0.3193272192776191 1.2908687870757418e-08
0.321728175813541 1.3088691341675027e-08
0.324129132349463 1.3273268426815343e-08
0.32653008888538493 1.3462585068054205e-08
0.32893104542130686 1.3656815012947139e-08
0.33133200195722884 1.3856140271660931e-08
0.33373295849315077 1.4060751605935932e-08
0.3361339150290727 1.4270849052715169e-08
0.3385348715649947 1.4486642485306703e-08
0.3409358281009166 1.4708352215254517e-08
0.3433367846368386 1.4936209638356858e-08
0.3457377411727605 1.517045792865488e-08
0.34813869770868244 1.541135278454354e-08
0.3505396542446044 1.5659163231602813e-08
0.35294061078052635 1.5914172487216357e-08
0.3553415673164483 1.6176678892502685e-08
0.35774252385237026 1.644699691777822e-08
0.3601434803882922 1.6725458248248336e-08
0.3625444369242141 1.7012412957524623e-08
0.3649453934601361 1.730823077720656e-08
0.36734634999605803 1.761330247178332e-08
0.36974730653198 1.7928041329072892e-08
0.37214826306790194 1.8252884777549042e-08
0.37454921960382387 1.8588296143218563e-08
0.37695017613974585 1.89347665601126e-08
0.3793511326756678 1.929281705012674e-08
0.3817520892115897 1.9663000789754116e-08
0.3841530457475117 2.0045905583343662e-08
0.3865540022834336 2.0442156564885944e-08
0.38895495881935555 2.085241915301007e-08
0.39135591535527753 2.1277402286888936e-08
0.39375687189119946 2.17178619742911e-08
0.39615782842712144 2.217460518689979e-08
0.39855878496304337 2.2648494142594477e-08
0.4009597414989653 2.314045101956928e-08
0.4033606980348873 2.3651463153076327e-08
0.4057616545708092 2.4182588772450267e-08
0.40816261110673113 2.4734963343926172e-08
0.4105635676426531 2.5309806593754433e-08
0.41296452417857504 2.590843029678215e-08
0.415365480714497 2.653224692758201e-08
0.41776643725041895 2.7182779285484082e-08
0.4201673937863409 2.7861671221148993e-08
0.42256835032226286 2.8570699611497223e-08
0.4249693068581848 2.9311787752096455e-08
0.4273702633941067 3.008702036223436e-08
0.4297712199300287 3.0898660428714386e-08
0.43217217646595063 3.174916815042082e-08
0.43457313300187256 3.264122228846605e-08
0.43697408953779454 3.357774427715439e-08
0.43937504607371647 3.456192551092553e-08
0.44177600260963845 3.5597258293735323e-08
0.4441769591455604 3.668757102247561e-08
0.4465779156814823 3.783706827789001e-08
0.4489788722174043 3.905037661894896e-08
0.4513798287533262 4.033259702417853e-08
0.45378078528924815 4.168936510196357e-08
0.45618174182517013 4.312692040849983e-08
0.45858269836109206 4.465218647605921e-08
0.460983654897014 4.6272863477210626e-08
0.46338461143293597 4.799753584717043e-08
0.4657855679688579 4.983579767566099e-08
0.4681865245047799 5.179839928566147e-08
0.4705874810407018 5.389741917056936e-08
0.47298843757662373 5.614646640447635e-08
0.4753893941125457 5.856091982566385e-08
0.47779035064846764 6.115821179118065e-08
0.48019130718438957 6.39581662033368e-08
0.48259226372031155 6.69834029404564e-08
0.4849932202562335 7.025982395060491e-08
0.48739417679215546 7.38172003116412e-08
0.4897951333280774 7.76898848295546e-08
0.4921960898639993 8.191768165761846e-08
0.4945970463999213 8.654691355103645e-08
0.49699800293584323 9.163173953349359e-08
0.49939895947176516 9.723579208166815e-08
0.5017999160076871 1.0343422504918991e-07
0.5042008725436091 1.1031629377563774e-07
0.506601829079531 1.1798863052646692e-07
0.509002785615453 1.265794365221687e-07
0.511403742151375 1.362438936495174e-07
0.5138046986872968 1.4717121545110505e-07
0.5162056552232188 1.5959392473128352e-07
0.5186066117591408 1.7380018944490303e-07
0.5210075682950627 1.9015040859939153e-07
0.5234085248309847 2.0909977665477573e-07
0.5258094813669066 2.312293637125831e-07
0.5282104379028285 2.572894787141277e-07
0.5306113944387505 2.8826096425339257e-07
0.5330123509746725 3.254429485835189e-07
0.5354133075105943 3.705799249986411e-07
0.5378142640465163 4.2604734257223055e-07
0.5402152205824383 4.951231714960588e-07
0.5426161771183602 5.823806337649293e-07
0.5450171336542822 6.942328407075136e-07
0.5474180901902042 8.396031638957286e-07
0.5498190467261261 1.0304676215191299e-06
0.552220003262048 1.2813457380093123e-06
0.55462095979797 1.6054301827546711e-06
0.557021916333892 2.0042465246190583e-06
0.5594228728698138 2.4539363273453037e-06
0.5618238294057358 2.9070083157460332e-06
0.5642247859416578 3.3205069160247498e-06
0.5666257424775797 3.6779879465035093e-06
0.5690266990135017 3.981304865522057e-06
0.5714276555494237 4.234119198158564e-06
0.5738286120853455 4.434713251003446e-06
0.5762295686212675 4.575828616329884e-06
0.5786305251571895 4.646525682803211e-06
0.5810314816931114 4.634234833408306e-06
0.5834324382290333 4.526983442890742e-06
0.5858333947649553 4.3163934501821125e-06
0.5882343513008772 4.002201625578761e-06
0.5906353078367992 3.598432391982601e-06
0.5930362643727212 3.138458627855057e-06
0.5954372209086431 2.671293836896017e-06
0.597838177444565 2.2441938904099132e-06
0.600239133980487 1.883972298099134e-06
0.602640090516409 1.594359646388139e-06
0.6050410470523309 1.3660443385735949e-06
0.6074420035882528 1.1863265950989993e-06
0.6098429601241748 1.0437361647223564e-06
0.6122439166600967 9.292367516295609e-07
0.6146448731960187 8.360691111596441e-07
0.6170458297319407 7.592584777265077e-07
0.6194467862678625 6.951428941698699e-07
0.6218477428037845 6.410058188898187e-07
0.6242486993397065 5.948095805791249e-07
0.6266496558756284 5.550068053793877e-07
0.6290506124115504 5.204077281107904e-07
0.6314515689474723 4.900864557018703e-07
0.6338525254833942 4.6331418025609253e-07
0.6362534820193162 4.395110819347993e-07
0.6386544385552382 4.182112885084997e-07
0.6410553950911602 3.9903704546809585e-07
0.643456351627082 3.816794546735976e-07
0.645857308163004 3.658839503640512e-07
0.648258264698926 3.514392304450684e-07
0.6506592212348479 3.381687357352608e-07
0.6530601777707699 3.259240280861655e-07
0.6554611343066918 3.1457959804168e-07
0.6578620908426137 3.040287591317953e-07
0.6602630473785357 2.9418037574818885e-07
0.6626640039144577 2.849562360569438e-07
0.6650649604503795 2.762889281094746e-07
0.6674659169863015 2.681201116656167e-07
0.6698668735222235 2.6039910343098524e-07
0.6722678300581454 2.5308171207876983e-07
0.6746687865940674 2.4612927412737995e-07
0.6770697431299894 2.3950785174865737e-07
0.6794706996659112 2.3318756203607596e-07
0.6818716562018332 2.2714201495743692e-07
0.6842726127377552 2.213478371290772e-07
0.6866735692736772 2.1578427159618342e-07
0.689074525809599 2.1043283577659035e-07
0.691475482345521 2.0527703058737613e-07
0.693876438881443 2.0030209148423405e-07
0.6962773954173649 1.9549477480026838e-07
0.6986783519532869 1.9084317382176114e-07
0.7010793084892089 1.8633656000307306e-07
0.7034802650251307 1.8196524550454983e-07
0.7058812215610527 1.777204638740127e-07
0.7082821780969747 1.735942662129806e-07
0.7106831346328966 1.6957943059674748e-07
0.7130840911688185 1.656693828697557e-07
0.7154850477047405 1.618581272298186e-07
0.7178860042406624 1.581401852577202e-07
0.7202869607765844 1.545105422500939e-07
0.7226879173125064 1.5096459988303206e-07
0.7250888738484282 1.4749813437787476e-07
0.7274898303843502 1.4410725945035598e-07
0.7298907869202722 1.4078839345028983e-07
0.7322917434561941 1.3753823013767987e-07
0.7346926999921161 1.3435371267658027e-07
0.737093656528038 1.3123201042749658e-07
0.73949461306396 1.2817049821451522e-07
0.7418955695998819 1.2516673776869092e-07
0.7442965261358039 1.2221846109165055e-07
0.7466974826717259 1.193235555194959e-07
0.7490984392076477 1.1648005028988738e-07
0.7514993957435697 1.1368610444369719e-07
0.7539003522794917 1.109399959131385e-07
0.7563013088154136 1.082401116650021e-07
0.7587022653513356 1.0558493878493211e-07
0.7611032218872575 1.0297305640157922e-07
0.7635041784231794 1.0021321798356713e-07
0.7659051349591014 9.787389657864889e-08
0.7683060914950234 9.538417498196061e-08
0.7707070480309453 9.293284401100176e-08
0.7731080045668672 9.051884559387671e-08
0.7755089611027892 8.81411785653922e-08
0.7779099176387111 8.579889448280935e-08
0.7803108741746331 8.349109379249043e-08
0.7827118307105551 8.121692232554163e-08
0.785112787246477 7.897556808525502e-08
0.7875137437823989 7.676625829524683e-08
0.7899147003183209 7.45882566887968e-08
0.7923156568542429 7.244086101876282e-08
0.7947166133901648 7.03234007843148e-08
0.7971175699260867 6.823523507064564e-08
0.7995185264620087 6.617575062864745e-08
0.8019194829979306 6.414436018171806e-08
0.8043204395338526 6.214050051681293e-08
0.8067213960697746 6.016363119594825e-08
0.8091223526056964 5.8213233026551814e-08
0.8115233091416184 5.6288806762356916e-08
0.8139242656775404 5.438987189188719e-08
0.8163252222134623 5.251596551317801e-08
0.8187261787493842 5.066664127277842e-08
0.8211271352853062 4.884146841353779e-08
0.8235280918212281 4.704003086420849e-08
0.8259290483571501 4.5261926394551436e-08
0.8283300048930721 4.350676584164168e-08
0.830730961428994 4.1774172382935194e-08
0.8331319179649159 4.006378085700044e-08
0.8355328745008379 3.837523713416692e-08
0.8379338310367599 3.6708197528331454e-08
0.8403347875726818 3.506232824810559e-08
0.8427357441086037 3.343730488452959e-08
0.8451367006445257 3.183281193266337e-08
0.8475376571804476 3.024854234505469e-08
0.8499386137163696 2.8684197110065364e-08
0.8523395702522916 2.713948486605192e-08
0.8547405267882134 2.5614121536039526e-08
0.8571414833241354 2.4107829972589887e-08
0.8595424398600574 2.2620339646134042e-08
0.8619433963959793 2.1151386358138586e-08
0.8643443529319013 1.970071191992698e-08
0.8667453094678232 1.8268063922485847e-08
0.8691462660037451 1.6853195479033936e-08
0.8715472225396671 1.5455864977999874e-08
0.8739481790755891 1.4075835878924166e-08
0.8763491356115111 1.2712876498134181e-08
0.8787500921474329 1.1366759815166823e-08
0.8811510486833549 1.0037263287505073e-08
0.8835520052192769 8.724168690820893e-09
0.8859529617551988 7.427261875045499e-09
0.8883539182911208 6.146332921866246e-09
0.8907548748270427 4.8811754124067865e-09
0.8931558313629646 3.631586873141313e-09
0.8955567878988866 2.3973683533538835e-09
0.8979577444348086 1.1783243600187535e-09
0.9003587009707305 -2.5737236656074196e-11
0.9027596575066524 -1.2150053520003106e-09
0.9051606140425744 -2.389665759334389e-09
0.9075615705784963 -3.549901164341852e-09
0.9099625271144183 -4.69589138893893e-09
0.9123634836503403 -5.827813337789081e-09
0.9147644401862621 -6.945841160644791e-09
0.9171653967221841 -8.05014632703111e-09
0.9195663532581061 -9.140897666036165e-09
0.921967309794028 -1.0218261463727634e-08
0.92436826632995 -1.1282401522996374e-08
0.9267692228658719 -1.23334792278012e-08
0.9291701794017939 -1.3371653605272672e-08
0.9315711359377158 -1.439708138376874e-08
0.9339720924736378 -1.5409917048973096e-08
0.9363730490095598 -1.6410312898683246e-08
0.9387740055454816 -1.7398419086474853e-08
0.9411749620814036 -1.8374383680881862e-08
0.9435759186173256 -1.9338352695792198e-08
0.9459768751532475 -2.0290470168820184e-08
0.9483778316891694 -2.123087337551379e-08
0.9507787882250914 -2.2159716775726127e-08
0.9531797447610133 -2.307712434185054e-08
0.9555807012969353 -2.3983213877455243e-08
0.9579816578328573 -2.487819018272531e-08
0.9603826143687791 -2.5762080990043907e-08
0.9627835709047011 -2.6635145632943798e-08
0.9651845274406231 -2.7497409497716258e-08
0.967585483976545 -2.8349032925471012e-08
0.969986440512467 -2.9190144350541946e-08
0.972387397048389 -3.002086747682227e-08
0.9747883535843109 -3.084132520667829e-08
0.9771893101202328 -3.165163944579344e-08
0.9795902666561548 -3.245192859067203e-08
0.9819912231920768 -3.324231147816539e-08
0.9843921797279986 -3.4022904973274263e-08
0.9867931362639206 -3.479383676371571e-08
0.9891940927998426 -3.555519711404308e-08
0.9915950493357645 -3.630710035325062e-08
0.9939960058716865 -3.70496710298942e-08
0.9963969624076084 -3.7783027669308984e-08
0.9987979189435303 -3.850725984023263e-08
1.0011988754794523 -3.9222480908804777e-08
1.0035998320153743 -3.992879653769024e-08
1.0060007885512963 -4.0626311214147736e-08
1.0084017450872182 -4.131512808223287e-08
1.01080270162314 -4.199530353157638e-08
1.013203658159062 -4.2667074773761604e-08
1.015604614694984 -4.333040468022215e-08
1.018005571230906 -4.398543702528763e-08
1.020406527766828 -4.463226884155911e-08
1.02280748430275 -4.527099599745948e-08
1.0252084408386717 -4.5901713204391466e-08
1.0276093973745937 -4.652451402884742e-08
1.0300103539105157 -4.71394909104664e-08
1.0324113104464376 -4.7746735175627844e-08
1.0348122669823596 -4.834633705210562e-08
1.0372132235182816 -4.893838568400628e-08
1.0396141800542034 -4.9522969140629736e-08
1.0420151365901253 -5.0100174452151985e-08
1.0444160931260473 -5.0670087568334055e-08
1.0468170496619693 -5.123279345650832e-08
1.0492180061978913 -5.178837602167178e-08
1.0516189627338133 -5.233691820228692e-08
1.0540199192697353 -5.2878501923892243e-08
1.056420875805657 -5.341320813827284e-08
1.058821832341579 -5.3941116873812665e-08
1.061222788877501 -5.446230702987098e-08
1.063623745413423 -5.497685685202327e-08
1.066024701949345 -5.5484843367734546e-08
1.068425658485267 -5.598634290206187e-08
1.0708266150211887 -5.6481430737955015e-08
1.0732275715571107 -5.697018131844775e-08
1.0756285280930327 -5.745266818756345e-08
1.0780294846289546 -5.79289640963416e-08
1.0804304411648766 -5.8399140573478956e-08
1.0828313977007986 -5.886326885216129e-08
1.0852323542367204 -5.932141891549448e-08
1.0876333107726424 -5.977366007892312e-08
1.0900342673085643 -6.022006072669899e-08
1.0924352238444863 -6.066068854052823e-08
1.0948361803804083 -6.10956103332108e-08
1.0972371369163303 -6.152489213888613e-08
1.0996380934522523 -6.194859920092743e-08
1.102039049988174 -6.236679601890916e-08
1.104440006524096 -6.277954624032191e-08
1.106840963060018 -6.318691292073999e-08
1.10924191959594 -6.35900776372954e-08
1.111642876131862 -6.398574346433487e-08
1.114043832667784 -6.437732949789547e-08
1.1164447892037057 -6.476377645936993e-08
1.1188457457396277 -6.51451434341364e-08
1.1212467022755497 -6.552148920215518e-08
1.1236476588114717 -6.589287154381191e-08
1.1260486153473936 -6.625934774893379e-08
1.1284495718833156 -6.66209743329145e-08
1.1308505284192374 -6.697780716160394e-08
1.1332514849551594 -6.732990145345223e-08
1.1356524414910814 -6.767731174570492e-08
1.1380533980270033 -6.802009195462368e-08
1.1404543545629253 -6.835829534460293e-08
1.1428553110988473 -6.8691974553158e-08
1.1452562676347693 -6.902118159380895e-08
1.147657224170691 -6.934596786433453e-08
1.150058180706613 -6.966638415361357e-08
1.152459137242535 -6.998248065360284e-08
1.154860093778457 -7.029430694433291e-08
1.157261050314379 -7.060191207390525e-08
1.159662006850301 -7.090534440840419e-08
1.1620629633862227 -7.12046518788127e-08
1.1644639199221447 -7.149988167682345e-08
1.1668648764580667 -7.179108061858519e-08
1.1692658329939887 -7.207829485490247e-08
1.1716667895299107 -7.236157001944574e-08
1.1740677460658326 -7.264095120703054e-08
1.1764687026017544 -7.29164829801206e-08
1.1788696591376764 -7.318820937526954e-08
1.1812706156735984 -7.345617390947314e-08
1.1836715722095204 -7.372041958644348e-08
1.1860725287454423 -7.398098890282712e-08
1.1884734852813643 -7.423792385433596e-08
1.1908744418172863 -7.449126593952251e-08
1.193275398353208 -7.474105617890674e-08
1.19567635488913 -7.498733540172076e-08
1.198077311425052 -7.523014272948294e-08
