0.3973213749463701 0.0
0.39988462233225147 0.0
0.40244786971813284 0.0
0.40501111710401416 0.0
0.40757436448989554 0.0
0.4101376118757769 0.0
0.4127008592616583 0.0
0.41526410664753965 0.0
0.417827354033421 0.0
0.42039060141930235 0.0
0.4229538488051837 0.0
0.4255170961910651 0.0
0.4280803435769464 0.0
0.4306435909628278 0.0
0.43320683834870916 0.0
0.43577008573459053 0.0
0.43833333312047185 0.0
0.4408965805063532 0.0
0.4434598278922346 0.0
0.44602307527811597 0.0
0.44858632266399734 0.0
0.45114957004987866 0.0
0.45371281743576003 0.0
0.4562760648216414 0.0
0.4588393122075228 0.0
0.46140255959340415 0.0
0.46396580697928547 0.0
0.46652905436516684 0.0
0.4690923017510482 0.0
0.4716555491369296 0.0
0.47421879652281096 0.0
0.4767820439086923 0.0
0.47934529129457365 0.0
0.481908538680455 0.0
0.48447178606633634 0.0
0.4870350334522177 0.0
0.4895982808380991 0.0
0.49216152822398046 0.0
0.49472477560986183 0.0
0.49728802299574315 0.0
0.4998512703816245 0.0
0.5024145177675059 0.0
0.5049777651533872 0.0
0.5075410125392686 0.0
0.51010425992515 0.0
0.5126675073110314 0.0
0.5152307546969127 0.0
0.517794002082794 0.0
0.5203572494686755 0.0
0.5229204968545568 0.0
0.5254837442404381 0.0
0.5280469916263195 0.0
0.5306102390122008 0.0
0.5331734863980823 0.0
0.5357367337839636 0.0
0.538299981169845 0.0
0.5408632285557263 0.0
0.5434264759416076 0.0
0.5459897233274891 0.0
0.5485529707133704 0.0
0.5511162180992517 0.0
0.5536794654851331 0.0
0.5562427128710145 0.0
0.5588059602568958 0.0
0.5613692076427772 0.0
0.5639324550286586 0.0
0.56649570241454 0.0
0.5690589498004213 0.0
0.5716221971863027 0.0
0.574185444572184 0.0
0.5767486919580653 0.0
0.5793119393439468 0.0
0.5818751867298281 0.0
0.5844384341157094 0.0
0.5870016815015908 0.0
0.5895649288874721 0.0
0.5921281762733536 0.0
0.5946914236592349 1.5679008036462829e-06
0.5972546710451163 1.0877811316857566e-05
0.5998179184309976 1.453972025354691e-05
0.602381165816879 1.692175846578013e-05
0.6049444132027604 1.861956633583804e-05
0.6075076605886417 1.9878527659591864e-05
0.610070907974523 2.0829802804773756e-05
0.6126341553604044 2.1553463863682222e-05
0.6151974027462858 2.2102551448162947e-05
0.6177606501321671 2.2514206066118584e-05
0.6203238975180485 2.2815507087860527e-05
0.6228871449039299 2.302681777650987e-05
0.6254503922898113 2.3163831031036383e-05
0.6280136396756926 2.323888517639148e-05
0.630576887061574 2.3261844819100066e-05
0.6331401344474553 2.3240710054157698e-05
0.6357033818333366 2.3182049339056318e-05
0.6382666292192181 2.30913141699685e-05
0.6408298766050994 2.297307234611813e-05
0.6433931239909807 2.2831183838469118e-05
0.6459563713768621 2.266893536919631e-05
0.6485196187627436 2.2489144759181917e-05
0.6510828661486248 2.2294242791661772e-05
0.6536461135345062 2.2086338120676916e-05
0.6562093609203876 2.186726923350927e-05
0.6587726083062689 2.1638646416803296e-05
0.6613358556921503 2.1401885925090613e-05
0.6638991030780317 2.115823801014975e-05
0.666462350463913 2.0908810075656054e-05
0.6690255978497943 2.065458593073237e-05
0.6715888452356757 2.0396441898870824e-05
0.6741520926215571 2.0135160374894997e-05
0.6767153400074384 1.987144129788209e-05
0.6792785873933198 1.960591191211485e-05
0.6818418347792012 1.9339135113881406e-05
0.6844050821650826 1.9071616623981992e-05
0.6869683295509639 1.880381118023838e-05
0.6895315769368453 1.853612790824539e-05
0.6920948243227266 1.8268934999893653e-05
0.6946580717086079 1.800256380619921e-05
0.6972213190944894 1.7737312432460928e-05
0.6997845664803707 1.7473448908781377e-05
0.702347813866252 1.7211213996800317e-05
0.7049110612521334 1.6950823683535436e-05
0.7074743086380149 1.6692471405057827e-05
0.7100375560238961 1.6436330036002813e-05
0.7126008034097775 1.6182553675355355e-05
0.7151640507956589 1.5931279254334806e-05
0.7177272981815402 1.5682627988360068e-05
0.7202905455674216 1.54367066918686e-05
0.722853792953303 1.5193608972072154e-05
0.7254170403391843 1.4953416315472644e-05
0.7279802877250656 1.4716199079056811e-05
0.730543535110947 1.4482017396478709e-05
0.7331067824968284 1.4250922008175258e-05
0.7356700298827097 1.4022955023200354e-05
0.7382332772685911 1.37981506195772e-05
0.7407965246544725 1.3576535689124495e-05
0.7433597720403538 1.3358130431990734e-05
0.7459230194262352 1.314294890551179e-05
0.7484862668121166 1.2930999531473651e-05
0.7510495141979979 1.2722285565402525e-05
0.7536127615838792 1.2516805531106752e-05
0.7561760089697607 1.2314553623350815e-05
0.758739256355642 1.2115520081240974e-05
0.7613025037415233 1.1919691534641476e-05
0.7638657511274047 1.1727051325711637e-05
0.766428998513286 1.1537579807453429e-05
0.7689922458991674 1.1351254620983579e-05
0.7715554932850488 1.1168050953088244e-05
0.7741187406709302 1.0987941775481546e-05
0.7766819880568115 1.0810898067066732e-05
0.7792452354426929 1.0636889020390498e-05
0.7818084828285743 1.0465882233384197e-05
0.7843717302144556 1.0297843887398432e-05
0.7869349776003369 1.0132738912460135e-05
0.7894982249862184 9.970531140610285e-06
0.7920614723720997 9.811183448117562e-06
0.794624719757981 9.654657887305027e-06
0.7971879671438624 9.500915808674954e-06
0.7997512145297438 9.349917973968774e-06
0.802314461915625 9.201624660755736e-06
0.8048777093015065 9.055995759103542e-06
0.8074409566873879 8.912990860847614e-06
0.8100042040732692 8.772569341941407e-06
0.8125674514591505 8.634690438339013e-06
0.815130698845032 8.49931331583246e-06
0.8176939462309133 8.36639713423876e-06
0.8202571936167946 8.235901106307222e-06
0.822820441002676 8.107784551693851e-06
0.8253836883885574 7.98200694632867e-06
0.8279469357744387 7.858527967480546e-06
0.8305101831603201 7.73730753480631e-06
0.8330734305462015 7.618305847652514e-06
0.8356366779320828 7.501483418861964e-06
0.8381999253179642 7.386801105321575e-06
0.8407631727038456 7.274220135473486e-06
0.8433264200897269 7.1637021339980375e-06
0.8458896674756082 7.05520914386379e-06
0.8484529148614897 6.948703645928364e-06
0.851016162247371 6.8441485762621985e-06
0.8535794096332523 6.741507341356724e-06
0.8561426570191337 6.640743831368506e-06
0.8587059044050152 6.54182243154146e-06
0.8612691517908964 6.444708031940355e-06
0.8638323991767778 6.349366035620494e-06
0.8663956465626592 6.255762365350768e-06
0.8689588939485405 6.163863468999423e-06
0.8715221413344219 6.073636323685588e-06
0.8740853887203033 5.985048438792544e-06
0.8766486361061846 5.898067857932745e-06
0.8792118834920659 5.812663159948859e-06
0.8817751308779473 5.728803459029492e-06
0.8843383782638287 5.646458404013365e-06
0.88690162564971 5.565598176950598e-06
0.8894648730355914 5.486193490985367e-06
0.8920281204214728 5.408215587620112e-06
0.8945913678073542 5.331636233417001e-06
0.8971546151932355 5.256427716189088e-06
0.8997178625791169 5.182562840729751e-06
0.9022811099649982 5.110014924125683e-06
0.9048443573508795 5.038757790695794e-06
0.907407604736761 4.968765766595197e-06
0.9099708521226423 4.900013674120854e-06
0.9125340995085237 4.832476825752751e-06
0.915097346894405 4.766131017962302e-06
0.9176605942802863 4.700952524816942e-06
0.9202238416661678 4.6369180914083394e-06
0.9227870890520491 4.574004927129055e-06
0.9253503364379304 4.512190698821109e-06
0.9279135838238118 4.451453523817791e-06
0.9304768312096932 4.391771962898711e-06
0.9330400785955746 4.333125013176194e-06
0.9356033259814559 4.275492100930157e-06
0.9381665733673372 4.218853074406759e-06
0.9407298207532186 4.16318819659531e-06
0.9432930681391 4.10847813799632e-06
0.9458563155249814 4.054703969392939e-06
0.9484195629108627 4.001847154636539e-06
0.950982810296744 3.9498895434567015e-06
0.9535460576826255 3.898813364304482e-06
0.9561093050685068 3.848601217237579e-06
0.9586725524543882 3.7992360668545937e-06
0.9612357998402695 3.750701235285537e-06
0.9637990472261508 3.7029803952444805e-06
0.9663622946120323 3.6560575631499383e-06
0.9689255419979136 3.6099170923180843e-06
0.971488789383795 3.5645436662329147e-06
0.9740520367696763 3.5199222918975187e-06
0.9766152841555577 3.4760382932698047e-06
0.9791785315414391 3.4328773047856405e-06
0.9817417789273204 3.3904252649721333e-06
0.9843050263132017 3.3486684101531908e-06
0.9868682736990831 3.3075932682493615e-06
0.9894315210849645 3.267186652673466e-06
0.9919947684708459 3.2274356563233883e-06
0.9945580158567272 3.188327645673002e-06
0.9971212632426085 3.149850254962058e-06
0.99968451062849 3.111991380485572e-06
1.0022477580143714 3.0747391749831147e-06
1.0048110054002528 3.038082042128078e-06
1.007374252786134 3.0020086311169785e-06
1.0099375001720152 2.9665078313585715e-06
1.0125007475578967 2.9315687672625645e-06
1.015063994943778 2.897180793127311e-06
1.0176272423296595 2.8633334881260577e-06
1.020190489715541 2.8300166513910264e-06
1.0227537371014221 2.797220297194465e-06
1.0253169844873036 2.764934650225964e-06
1.0278802318731848 2.7331501409649487e-06
1.0304434792590662 2.7018574011473772e-06
1.0330067266449476 2.6710472593255943e-06
1.035569974030829 2.640710736520152e-06
1.0381332214167105 2.610839041962442e-06
1.0406964688025917 2.581423568926883e-06
1.043259716188473 2.552455890651417e-06
1.0458229635743543 2.523927756345005e-06
1.0483862109602358 2.4958310872808106e-06
1.0509494583461172 2.468157972973652e-06
1.0535127057319986 2.4409006674404675e-06
1.0560759531178798 2.414051585542293e-06
1.0586392005037613 2.387603299406446e-06
1.0612024478896425 2.361548534927482e-06
1.063765695275524 2.335880168345439e-06
1.0663289426614053 2.3105912229001433e-06
1.0688921900472867 2.2856748655599715e-06
1.0714554374331682 2.261124403823752e-06
1.0740186848190494 2.2369332825944498e-06
1.0765819322049308 2.213095081123106e-06
1.079145179590812 2.1896035100217916e-06
1.0817084269766934 2.1664524083440873e-06
1.0842716743625749 2.1436357407318074e-06
1.0868349217484563 2.1211475946265032e-06
1.0893981691343375 2.0989821775445543e-06
1.091961416520219 2.0771338144144e-06
1.0945246639061001 2.0555969449746315e-06
1.0970879112919816 2.0343661212317107e-06
1.099651158677863 2.0134360049759664e-06
1.1022144060637444 1.9928013653546243e-06
1.1047776534496259 1.972457076500673e-06
1.107340900835507 1.952398115216322e-06
1.1099041482213885 1.9326195587097767e-06
1.1124673956072697 1.9131165823843172e-06
1.1150306429931511 1.8938844576783218e-06
1.1175938903790326 1.8749185499552538e-06
1.120157137764914 1.856214316442377e-06
1.1227203851507954 1.8377673042171479e-06
1.1252836325366766 1.819573148240228e-06
1.1278468799225578 1.8016275694339703e-06
1.1304101273084393 1.78392637280541e-06
1.1329733746943207 1.7664654456127284e-06
1.1355366220802021 1.7492407555741486e-06
1.1380998694660835 1.7322483491183147e-06
1.1406631168519648 1.71548434967519e-06
1.1432263642378462 1.6989449560065058e-06
1.1457896116237274 1.6826264405748819e-06
1.1483528590096088 1.6665251479506553e-06
1.1509161063954902 1.6506374932555946e-06
1.1534793537813717 1.6349599606426077e-06
1.156042601167253 1.6194891018105522e-06
1.1586058485531343 1.6042215345533815e-06
1.1611690959390155 1.5891539413428508e-06
1.163732343324897 1.5742830679438088e-06
1.1662955907107784 1.559605722061562e-06
1.1688588380966598 1.5451187720202902e-06
1.1714220854825412 1.530819145472025e-06
1.1739853328684224 1.5167038281352141e-06
1.1765485802543039 1.5027698625623826e-06
1.179111827640185 1.4890143469360724e-06
1.1816750750260665 1.475434433892413e-06
1.184238322411948 1.462027329371681e-06
1.1868015697978294 1.4487902914952018e-06
1.1893648171837108 1.435720629467935e-06
1.191928064569592 1.4228157025061542e-06
1.1944913119554732 1.4100729187896455e-06
1.1970545593413546 1.397489734437762e-06
1.199617806727236 1.3850636525088395e-06
1.2021810541131175 1.3727922220223915e-06
1.204744301498999 1.3606730370034981e-06
1.2073075488848801 1.3487037355489352e-06
1.2098707962707616 1.336881998914434e-06
1.2124340436566428 1.32520555062266e-06
1.2149972910425242 1.3136721555913032e-06
1.2175605384284056 1.3022796192809457e-06
1.220123785814287 1.2910257868620394e-06
1.2226870332001685 1.279908542400778e-06
1.2252502805860497 1.2689258080631406e-06
1.227813527971931 1.2580755433369332e-06
1.2303767753578123 1.2473557442712067e-06
1.2329400227436937 1.2367644427327188e-06
1.2355032701295752 1.226299705679037e-06
1.2380665175154566 1.2159596344478773e-06
1.240629764901338 1.205742364062243e-06
1.2431930122872192 1.1956460625510689e-06
1.2457562596731004 1.185668930284965e-06
1.2483195070589819 1.1758091993266625e-06
1.2508827544448633 1.1660651327958799e-06
1.2534460018307447 1.1564350242482237e-06
1.2560092492166262 1.1469171970678128e-06
1.2585724966025074 1.1375100038732707e-06
1.2611357439883888 1.1282118259368075e-06
1.26369899137427 1.119021072616061e-06
1.2662622387601514 1.1099361807984032e-06
1.2688254861460329 1.100955614357387e-06
1.2713887335319143 1.092077863621116e-06
1.2739519809177957 1.0833014448521793e-06
1.276515228303677 1.0746248997389402e-06
1.2790784756895581 1.0660467948978521e-06
1.2816417230754396 1.0575657213866128e-06
1.284204970461321 1.0491802942278524e-06
1.2867682178472024 1.0408891519431002e-06
1.2893314652330838 1.0326909560968695e-06
1.291894712618965 1.0245843908504857e-06
1.2944579600048465 1.016568162525603e-06
1.2970212073907277 1.0086409991770057e-06
1.299584454776609 1.000801650174646e-06
1.3021477021624905 9.930488857945426e-07
1.304710949548372 9.853814968184845e-07
1.3072741969342534 9.7779829414223e-07
1.3098374443201346 9.702981083920343e-07
1.3124006917060158 9.62879789549352e-07
1.3149639390918972 9.555422065834492e-07
1.3175271864777787 9.482842470918294e-07
1.32009043386366 9.411048169482372e-07
1.3226536812495415 9.340028399580484e-07
1.3252169286354227 9.269772575209583e-07
1.3277801760213042 9.200270283007173e-07
1.3303434234071854 9.131511279018005e-07
1.3329066707930668 9.063485485528162e-07
1.3354699181789482 8.996182987965674e-07
1.3380331655648297 8.929594031865132e-07
1.340596412950711 8.863709019895905e-07
1.3431596603365923 8.798518508951597e-07
1.3457229077224737 8.734013207300142e-07
1.348286155108355 8.670183971792609e-07
1.3508494024942364 8.607021805129526e-07
1.3534126498801178 8.544517853183525e-07
1.3559758972659992 8.482663402377229e-07
1.3585391446518804 8.421449877114693e-07
1.3611023920377618 8.360868837265115e-07
1.363665639423643 8.30091197569873e-07
1.3662288868095245 8.241571115872067e-07
1.368792134195406 8.182838209462947e-07
1.3713553815812873 8.124705334053168e-07
1.3739186289671688 8.067164690858382e-07
1.37648187635305 8.010208602503556e-07
1.3790451237389314 7.953829510843664e-07
1.3816083711248126 7.898019974828065e-07
1.384171618510694 7.842772668407914e-07
1.3867348658965755 7.788080378485457e-07
1.389298113282457 7.733936002904431e-07
1.3918613606683383 7.680332548480707e-07
1.3944246080542195 7.627263129072009e-07
1.3969878554401007 7.57472096368614e-07
1.3995511028259822 7.522699374626816e-07
1.4021143502118636 7.471191785676239e-07
1.404677597597745 7.420191720313555e-07
1.4072408449836264 7.36969279996849e-07
1.4098040923695079 7.319688742309517e-07
1.4123673397553889 7.270173359565344e-07
1.4149305871412703 7.22114055687981e-07
1.4174938345271517 7.172584330698556e-07
1.4200570819130331 7.124498767187514e-07
1.4226203292989146 7.076878040682145e-07
1.425183576684796 7.029716412166597e-07
1.4277468240706774 6.98300822778292e-07
1.4303100714565584 6.936747917368806e-07
1.4328733188424398 6.890929993023568e-07
1.4354365662283213 6.84554904770205e-07
1.4379998136142027 6.800599753835522e-07
1.4405630610000841 6.756076861978982e-07
1.4431263083859656 6.711975199484516e-07
1.4456895557718465 6.668289669200027e-07
1.448252803157728 6.625015248192886e-07
1.4508160505436094 6.582146986497793e-07
1.4533792979294908 6.539680005888579e-07
1.4559425453153723 6.497609498673374e-07
1.4585057927012537 6.455930726512331e-07
1.4610690400871351 6.41463901925811e-07
1.463632287473016 6.373729773817963e-07
1.4661955348588975 6.333198453037274e-07
1.468758782244779 6.293040584604285e-07
1.4713220296306604 6.25325175997509e-07
1.4738852770165418 6.213827633319058e-07
1.4764485244024232 6.174763920483618e-07
1.4790117717883042 6.136056397978723e-07
1.4815750191741857 6.097700901979855e-07
1.484138266560067 6.059693327349741e-07
1.4867015139459485 6.022029626678265e-07
1.48926476133183 5.984705809339932e-07
1.4918280087177114 5.947717940568845e-07
1.4943912561035928 5.911062140550714e-07
1.4969545034894738 5.874734583531607e-07
1.4995177508753552 5.838731496942908e-07
1.5020809982612366 5.803049160542407e-07
1.504644245647118 5.767683905571099e-07
1.5072074930329995 5.732632113925297e-07
1.509770740418881 5.697890217343755e-07
1.512333987804762 5.663454696609758e-07
1.5148972351906433 5.629322080767459e-07
1.5174604825765248 5.595488946352458e-07
1.5200237299624062 5.561951916636303e-07
1.5225869773482876 5.528707660884672e-07
1.525150224734169 5.495752893628651e-07
1.5277134721200505 5.463084373949323e-07
1.5302767195059315 5.430698904775116e-07
1.532839966891813 5.398593332191529e-07
1.5354032142776943 5.366764544763497e-07
1.5379664616635758 5.335209472869461e-07
1.5405297090494572 5.303925088047568e-07
1.5430929564353386 5.272908402353253e-07
1.54565620382122 5.242156467728247e-07
1.548219451207101 5.211666375380803e-07
1.5507826985929825 5.181435255176739e-07
1.5533459459788639 5.15146027504122e-07
1.5559091933647453 5.121738640371028e-07
1.5584724407506267 5.092267593457259e-07
1.5610356881365082 5.063044412917836e-07
1.5635989355223892 5.034066413140182e-07
1.5661621829082706 5.005330943733486e-07
1.568725430294152 4.976835388990442e-07
1.5712886776800334 4.94857716735845e-07
1.5738519250659149 4.920553730919858e-07
1.5764151724517963 4.892762564881218e-07
1.5789784198376777 4.865201187071338e-07
1.5815416672235587 4.837867147447956e-07
1.5841049146094401 4.810758027612981e-07
1.5866681619953216 4.783871440335908e-07
1.589231409381203 4.7572050290854236e-07
1.5917946567670844 4.730756467569054e-07
1.5943579041529659 4.7045234592806215e-07
1.5969211515388468 4.678503737055401e-07
1.5994843989247283 4.6526950626327874e-07
1.6020476463106097 4.6270952262264095e-07
1.6046108936964911 4.6017020461015407e-07
1.6071741410823726 4.576513368159553e-07
1.609737388468254 4.551527065529381e-07
1.6123006358541354 4.5267410381659863e-07
1.6148638832400164 4.502153212455352e-07
1.6174271306258978 4.477761540826198e-07
1.6199903780117793 4.4535640013681814e-07
1.6225536253976607 4.429558597456465e-07
1.625116872783542 4.405743357382476e-07
1.6276801201694235 4.382116333990858e-07
1.6302433675553045 4.358675604322432e-07
1.632806614941186 4.335419269262967e-07
1.6353698623270674 4.3123454531979755e-07
1.6379331097129488 4.289452303672845e-07
1.6404963570988302 4.2667379910590126e-07
1.6430596044847117 4.2442007082251296e-07
1.645622851870593 4.221838670214009e-07
1.648186099256474 4.199650113924656e-07
1.6507493466423555 4.177633297799495e-07
1.653312594028237 4.155786501516781e-07
1.6558758414141184 4.134108025687907e-07
1.6584390887999998 4.1125961915597205e-07
1.6610023361858812 4.091249340721541e-07
1.6635655835717622 4.070065834817077e-07
1.6661288309576436 4.049044055260794e-07
1.668692078343525 4.028182402959016e-07
1.6712553257294065 4.0074792980354304e-07
1.673818573115288 3.986933179560988e-07
1.6763818205011694 3.966542505288183e-07
