0.3973213749463701 0.0
0.39988462233225147 0.0
0.40244786971813284 0.0
0.40501111710401416 0.0
0.40757436448989554 0.0
0.4101376118757769 0.0
0.4127008592616583 0.0
0.41526410664753965 0.0
0.417827354033421 0.0
0.42039060141930235 0.0
0.4229538488051837 0.0
0.4255170961910651 0.0
0.4280803435769464 0.0
0.4306435909628278 0.0
0.43320683834870916 0.0
0.43577008573459053 0.0
0.43833333312047185 0.0
0.4408965805063532 0.0
0.4434598278922346 0.0
0.44602307527811597 0.0
0.44858632266399734 0.0
0.45114957004987866 0.0
0.45371281743576003 0.0
0.4562760648216414 0.0
0.4588393122075228 0.0
0.46140255959340415 0.0
0.46396580697928547 0.0
0.46652905436516684 0.0
0.4690923017510482 0.0
0.4716555491369296 0.0
0.47421879652281096 0.0
0.4767820439086923 0.0
0.47934529129457365 0.0
0.481908538680455 0.0
0.48447178606633634 0.0
0.4870350334522177 0.0
0.4895982808380991 0.0
0.49216152822398046 0.0
0.49472477560986183 0.0
0.49728802299574315 0.0
0.4998512703816245 0.0
0.5024145177675059 0.0
0.5049777651533872 0.0
0.5075410125392686 0.0
0.51010425992515 0.0
0.5126675073110314 0.0
0.5152307546969127 0.0
0.517794002082794 0.0
0.5203572494686755 0.0
0.5229204968545568 0.0
0.5254837442404381 0.0
0.5280469916263195 0.0
0.5306102390122008 0.0
0.5331734863980823 0.0
0.5357367337839636 0.0
0.538299981169845 0.0
0.5408632285557263 0.0
0.5434264759416076 0.0
0.5459897233274891 0.0
0.5485529707133704 0.0
0.5511162180992517 0.0
0.5536794654851331 0.0
0.5562427128710145 0.0
0.5588059602568958 0.0
0.5613692076427772 0.0
0.5639324550286586 0.0
0.56649570241454 0.0
0.5690589498004213 0.0
0.5716221971863027 0.0
0.574185444572184 0.0
0.5767486919580653 0.0
0.5793119393439468 0.0
0.5818751867298281 0.0
0.5844384341157094 0.0
0.5870016815015908 0.0
0.5895649288874721 0.0
0.5921281762733536 0.0
0.5946914236592349 1.3124549293938545e-06
0.5972546710451163 8.967623110959544e-06
0.5998179184309976 1.1801371671817629e-05
0.602381165816879 1.3519056691504788e-05
0.6049444132027604 1.4638341458641784e-05
0.6075076605886417 1.5375802045804538e-05
0.610070907974523 1.5848654942560544e-05
0.6126341553604044 1.612919519763245e-05
0.6151974027462858 1.6265706966498107e-05
0.6177606501321671 1.6292211906926037e-05
0.6203238975180485 1.6233619098956384e-05
0.6228871449039299 1.610869563164474e-05
0.6254503922898113 1.5931895768662032e-05
0.6280136396756926 1.571454567465428e-05
0.630576887061574 1.5465642362309383e-05
0.6331401344474553 1.5192410600797696e-05
0.6357033818333366 1.4900702000931413e-05
0.6382666292192181 1.4595287813577472e-05
0.6408298766050994 1.4280078152109313e-05
0.6433931239909807 1.395828905580923e-05
0.6459563713768621 1.363257179747627e-05
0.6485196187627436 1.3305114351095184e-05
0.6510828661486248 1.2977721988751861e-05
0.6536461135345062 1.2651881996266573e-05
0.6562093609203876 1.2328816139651274e-05
0.6587726083062689 1.2009523566737865e-05
0.6613358556921503 1.1694816155592025e-05
0.6638991030780317 1.138534783659991e-05
0.666462350463913 1.108163906101441e-05
0.6690255978497943 1.0784097326758185e-05
0.6715888452356757 1.0493034476133341e-05
0.6741520926215571 1.0208681331595329e-05
0.6767153400074384 9.931200122155762e-06
0.6792785873933198 9.66069506522088e-06
0.6818418347792012 9.397221400238197e-06
0.6844050821650826 9.140793116682403e-06
0.6869683295509639 8.891389576194243e-06
0.6895315769368453 8.648961194521577e-06
0.6920948243227266 8.413434321380471e-06
0.6946580717086079 8.184715434007914e-06
0.6972213190944894 7.962694741917672e-06
0.6997845664803707 7.74724928535329e-06
0.702347813866252 7.538245597508075e-06
0.7049110612521334 7.335541990245659e-06
0.7074743086380149 7.138990514410281e-06
0.7100375560238961 6.948438638551372e-06
0.7126008034097775 6.763730683755366e-06
0.7151640507956589 6.584709047080353e-06
0.7177272981815402 6.4112152416663475e-06
0.7202905455674216 6.2430907778199324e-06
0.722853792953303 6.080177906137622e-06
0.7254170403391843 5.922320240955644e-06
0.7279802877250656 5.769363280022105e-06
0.730543535110947 5.621154834223204e-06
0.7331067824968284 5.4775453794097006e-06
0.7356700298827097 5.338388340821577e-06
0.7382332772685911 5.2035403192662865e-06
0.7407965246544725 5.072861267036899e-06
0.7433597720403538 4.946214620539893e-06
0.7459230194262352 4.823467395715577e-06
0.7484862668121166 4.704490251560498e-06
0.7510495141979979 4.5891575263854274e-06
0.7536127615838792 4.477347250851657e-06
0.7561760089697607 4.368941141312058e-06
0.758739256355642 4.263824576530557e-06
0.7613025037415233 4.161886560458027e-06
0.7638657511274047 4.063019673395696e-06
0.766428998513286 3.96712001357296e-06
0.7689922458991674 3.874087130900368e-06
0.7715554932850488 3.7838239544248196e-06
0.7741187406709302 3.6962367148095948e-06
0.7766819880568115 3.611234862982238e-06
0.7792452354426929 3.528730985936296e-06
0.7818084828285743 3.448640720535196e-06
0.7843717302144556 3.3708826660458438e-06
0.7869349776003369 3.2953782960242153e-06
0.7894982249862184 3.2220518700824787e-06
0.7920614723720997 3.1508303459869135e-06
0.794624719757981 3.0816432924649654e-06
0.7971879671438624 3.014422803038478e-06
0.7997512145297438 2.9491034111462555e-06
0.802314461915625 2.885622006772647e-06
0.8048777093015065 2.8239177547578967e-06
0.8074409566873879 2.7639320149310398e-06
0.8100042040732692 2.705608264175254e-06
0.8125674514591505 2.64889202050934e-06
0.815130698845032 2.5937307692462146e-06
0.8176939462309133 2.5400738912694893e-06
0.8202571936167946 2.4878725934526353e-06
0.822820441002676 2.437079841230628e-06
0.8253836883885574 2.3876502933220394e-06
0.8279469357744387 2.3395402385888296e-06
0.8305101831603201 2.2927075350127538e-06
0.8330734305462015 2.247111550759817e-06
0.8356366779320828 2.202713107298273e-06
0.8381999253179642 2.1594744245307473e-06
0.8407631727038456 2.1173590678970635e-06
0.8433264200897269 2.076331897401322e-06
0.8458896674756082 2.0363590185141243e-06
0.8484529148614897 1.9974077348992725e-06
0.851016162247371 1.95944650291286e-06
0.8535794096332523 1.922444887821835e-06
0.8561426570191337 1.8863735216887617e-06
0.8587059044050152 1.8512040628693464e-06
0.8612691517908964 1.8169091570695122e-06
0.8638323991767778 1.7834623999092084e-06
0.8663956465626592 1.750838300940849e-06
0.8689588939485405 1.719012249070885e-06
0.8715221413344219 1.687960479334179e-06
0.8740853887203033 1.657660040971729e-06
0.8766486361061846 1.6280887667634791e-06
0.8792118834920659 1.5992252435691533e-06
0.8817751308779473 1.5710487840312953e-06
0.8843383782638287 1.5435393993960305e-06
0.88690162564971 1.516677773408333e-06
0.8894648730355914 1.4904452372399126e-06
0.8920281204214728 1.464823745409305e-06
0.8945913678073542 1.4397958526548752e-06
0.8971546151932355 1.415344691722989e-06
0.8997178625791169 1.3914539520348003e-06
0.9022811099649982 1.3681078591964243e-06
0.9048443573508795 1.3452911553185967e-06
0.907407604736761 1.3229890801131175e-06
0.9099708521226423 1.3011873527346245e-06
0.9125340995085237 1.2798721543374342e-06
0.915097346894405 1.2590301113183954e-06
0.9176605942802863 1.2386482792177283e-06
0.9202238416661678 1.218714127251065e-06
0.9227870890520491 1.199215523446836e-06
0.9253503364379304 1.180140720364275e-06
0.9279135838238118 1.161478341368263e-06
0.9304768312096932 1.143217367438221e-06
0.9330400785955746 1.1253471244891447e-06
0.9356033259814559 1.1078572711838628e-06
0.9381665733673372 1.0907377872163436e-06
0.9407298207532186 1.0739789620468218e-06
0.9432930681391 1.0575713840702078e-06
0.9458563155249814 1.0415059302001232e-06
0.9484195629108627 1.025773755851536e-06
0.950982810296744 1.0103662853057826e-06
0.9535460576826255 9.952752024423198e-07
0.9561093050685068 9.804924418223807e-07
0.9586725524543882 9.660101801101071e-07
0.9612357998402695 9.518208278175843e-07
0.9637990472261508 9.379170213605597e-07
0.9663622946120323 9.24291615412303e-07
0.9689255419979136 9.109376755436181e-07
0.971488789383795 8.978484711373789e-07
0.9740520367696763 8.850174685666251e-07
0.9766152841555577 8.724383246256045e-07
0.9791785315414391 8.601048802036198e-07
0.9817417789273204 8.480111541919913e-07
0.9843050263132017 8.361513376148229e-07
0.9868682736990831 8.245197879746781e-07
0.9894315210849645 8.131110238046144e-07
0.9919947684708459 8.01919719418428e-07
0.9945580158567272 7.909406998512473e-07
0.9971212632426085 7.801689359829958e-07
0.99968451062849 7.695995398375247e-07
1.0022477580143714 7.59227760050536e-07
1.0048110054002528 7.490489774996825e-07
1.007374252786134 7.390587010905215e-07
1.0099375001720152 7.292525636922656e-07
1.0125007475578967 7.196263182175305e-07
1.015063994943778 7.101758338404739e-07
1.0176272423296595 7.008970923480227e-07
1.020190489715541 6.917861846190581e-07
1.0227537371014221 6.828393072266282e-07
1.0253169844873036 6.740527591585246e-07
1.0278802318731848 6.654229386516738e-07
1.0304434792590662 6.569463401360264e-07
1.0330067266449476 6.486195512838016e-07
1.035569974030829 6.404392501600927e-07
1.0381332214167105 6.324022024710203e-07
1.0406964688025917 6.245052589057639e-07
1.043259716188473 6.167453525689566e-07
1.0458229635743543 6.091194965000732e-07
1.0483862109602358 6.016247812765695e-07
1.0509494583461172 5.942583726976511e-07
1.0535127057319986 5.870175095457193e-07
1.0560759531178798 5.798995014225905e-07
1.0586392005037613 5.729017266577729e-07
1.0612024478896425 5.660216302861434e-07
1.063765695275524 5.592567220924746e-07
1.0663289426614053 5.526045747204147e-07
1.0688921900472867 5.460628218435442e-07
1.0714554374331682 5.396291563962686e-07
1.0740186848190494 5.333013288624144e-07
1.0765819322049308 5.270771456194081e-07
1.079145179590812 5.209544673360891e-07
1.0817084269766934 5.149312074222093e-07
1.0842716743625749 5.090053305277974e-07
1.0868349217484563 5.031748510905919e-07
1.0893981691343375 4.974378319298763e-07
1.091961416520219 4.91792382885051e-07
1.0945246639061001 4.862366594973703e-07
1.0970879112919816 4.807688617333506e-07
1.099651158677863 4.753872327483771e-07
1.1022144060637444 4.7009005768910243e-07
1.1047776534496259 4.648756625333123e-07
1.107340900835507 4.597424129659469e-07
1.1099041482213885 4.5468871329001825e-07
1.1124673956072697 4.4971300537126e-07
1.1150306429931511 4.4481376761531065e-07
1.1175938903790326 4.399895139763519e-07
1.120157137764914 4.352387929961106e-07
1.1227203851507954 4.30560186872198e-07
1.1252836325366766 4.2595231055480657e-07
1.1278468799225578 4.214138108707841e-07
1.1304101273084393 4.1694336567418153e-07
1.1329733746943207 4.1253968302238716e-07
1.1355366220802021 4.082015003769825e-07
1.1380998694660835 4.0392758382850295e-07
1.1406631168519648 3.9971672734431166e-07
1.1432263642378462 3.95567752038813e-07
1.1457896116237274 3.9147950546528193e-07
1.1483528590096088 3.874508609285837e-07
1.1509161063954902 3.8348071681811137e-07
1.1534793537813717 3.795679959602796e-07
1.156042601167253 3.7571164498992344e-07
1.1586058485531343 3.7191063374000236e-07
1.1611690959390155 3.681639546490327e-07
1.163732343324897 3.6447062218562167e-07
1.1662955907107784 3.60829672289629e-07
1.1688588380966598 3.572401618293484e-07
1.1714220854825412 3.5370116807426727e-07
1.1739853328684224 3.502117881828389e-07
1.1765485802543039 3.4677113870485045e-07
1.179111827640185 3.4337835509789224e-07
1.1816750750260665 3.4003259125748545e-07
1.184238322411948 3.3673301906045017e-07
1.1868015697978294 3.334788279210939e-07
1.1893648171837108 3.30269224359813e-07
1.191928064569592 3.2710343158372843e-07
1.1944913119554732 3.239806890789859e-07
1.1970545593413546 3.20900252214342e-07
1.199617806727236 3.178613918557056e-07
1.2021810541131175 3.148633939912959e-07
1.204744301498999 3.119055593670726e-07
1.2073075488848801 3.0898720313215464e-07
1.2098707962707616 3.061076544938929e-07
1.2124340436566428 3.0326625638232824e-07
1.2149972910425242 3.004623651237278e-07
1.2175605384284056 2.976953501229541e-07
1.220123785814287 2.9496459355435953e-07
1.2226870332001685 2.9226949006100687e-07
1.2252502805860497 2.8960944646189994e-07
1.227813527971931 2.869838814670502e-07
1.2303767753578123 2.843922254001005e-07
1.2329400227436937 2.81833919928298e-07
1.2355032701295752 2.7930841779960536e-07
1.2380665175154566 2.768151825867333e-07
1.240629764901338 2.7435368843788136e-07
1.2431930122872192 2.7192341983401133e-07
1.2457562596731004 2.695238713524502e-07
1.2483195070589819 2.671545474366325e-07
1.2508827544448633 2.648149621718174e-07
1.2534460018307447 2.625046390666013e-07
1.2560092492166262 2.6022311084005725e-07
1.2585724966025074 2.579699192143398e-07
1.2611357439883888 2.5574461471260066e-07
1.26369899137427 2.53546756462065e-07
1.2662622387601514 2.513759120021159e-07
1.2688254861460329 2.492316570972442e-07
1.2713887335319143 2.4711357555473743e-07
1.2739519809177957 2.450212590469571e-07
1.276515228303677 2.4295430693809136e-07
1.2790784756895581 2.409123261152395e-07
1.2816417230754396 2.388949308237264e-07
1.284204970461321 2.3690174250651612e-07
1.2867682178472024 2.3493238964760906e-07
1.2893314652330838 2.329865076193278e-07
1.291894712618965 2.3106373853335747e-07
1.2944579600048465 2.2916373109547083e-07
1.2970212073907277 2.2728614046379916e-07
1.299584454776609 2.2543062811059132e-07
1.3021477021624905 2.235968616873233e-07
1.304710949548372 2.2178451489310758e-07
1.3072741969342534 2.1999326734628427e-07
1.3098374443201346 2.1822280445911622e-07
1.3124006917060158 2.164728173155109e-07
1.3149639390918972 2.1474300255167464e-07
1.3175271864777787 2.130330622396334e-07
1.32009043386366 2.1134270377353714e-07
1.3226536812495415 2.096716397586641e-07
1.3252169286354227 2.0801958790307483e-07
1.3277801760213042 2.063862709118252e-07
1.3303434234071854 2.0477141638368075e-07
1.3329066707930668 2.0317475671026037e-07
1.3354699181789482 2.0159602897755728e-07
1.3380331655648297 2.0003497486975475e-07
1.340596412950711 1.984913405752987e-07
1.3431596603365923 1.969648766951477e-07
1.3457229077224737 1.9545533815316156e-07
1.348286155108355 1.9396248410856126e-07
1.3508494024942364 1.924860778704069e-07
1.3534126498801178 1.9102588681404654e-07
1.3559758972659992 1.8958168229948887e-07
1.3585391446518804 1.8815323959163885e-07
1.3611023920377618 1.867403377823466e-07
1.363665639423643 1.8534275971425097e-07
1.3662288868095245 1.8396029190632995e-07
1.368792134195406 1.825927244811521e-07
1.3713553815812873 1.8123985109376135e-07
1.3739186289671688 1.7990146886216847e-07
1.37648187635305 1.7857737829939602e-07
1.3790451237389314 1.7726738324705233e-07
1.3816083711248126 1.759712908103823e-07
1.384171618510694 1.7468891129476842e-07
1.3867348658965755 1.7342005814363807e-07
1.389298113282457 1.721645478777475e-07
1.3918613606683383 1.7092220003580862e-07
1.3944246080542195 1.6969283711641788e-07
1.3969878554401007 1.6847628452126352e-07
1.3995511028259822 1.6727237049957832e-07
1.4021143502118636 1.6608092609380266e-07
1.404677597597745 1.6490178508643272e-07
1.4072408449836264 1.6373478394802186e-07
1.4098040923695079 1.6257976178631236e-07
1.4123673397553889 1.6143656029645802e-07
1.4149305871412703 1.6030502371233108e-07
1.4174938345271517 1.5918499875886478e-07
1.4200570819130331 1.5807633460542547e-07
1.4226203292989146 1.5697888282017778e-07
1.425183576684796 1.5589249732541844e-07
1.4277468240706774 1.548170343538704e-07
1.4303100714565584 1.5375235240589683e-07
1.4328733188424398 1.5269831220761765e-07
1.4354365662283213 1.5165477666991695e-07
1.4379998136142027 1.5062161084830897e-07
1.4405630610000841 1.4959868190364537e-07
1.4431263083859656 1.4858585906364658e-07
1.4456895557718465 1.475830135852357e-07
1.448252803157728 1.4659001871765783e-07
1.4508160505436094 1.4560674966636358e-07
1.4533792979294908 1.44633083557641e-07
1.4559425453153723 1.4366889940398134e-07
1.4585057927012537 1.4271407807015178e-07
1.4610690400871351 1.417685022399734e-07
1.463632287473016 1.4083205638377524e-07
1.4661955348588975 1.3990462672651366e-07
1.468758782244779 1.389861012165464e-07
1.4713220296306604 1.3807636949503593e-07
1.4738852770165418 1.3717532286598048e-07
1.4764485244024232 1.3628285426684386e-07
1.4790117717883042 1.3539885823978645e-07
1.4815750191741857 1.3452323090346856e-07
1.484138266560067 1.3365586992542385e-07
1.4867015139459485 1.3279667449498748e-07
1.48926476133183 1.3194554529676202e-07
1.4918280087177114 1.3110238448461338e-07
1.4943912561035928 1.3026709565618558e-07
1.4969545034894738 1.2943958382792062e-07
1.4995177508753552 1.2861975541057035e-07
1.5020809982612366 1.278075181851937e-07
1.504644245647118 1.2700278127962798e-07
1.5072074930329995 1.2620545514541906e-07
1.509770740418881 1.2541545153520447e-07
1.512333987804762 1.2463268348054155e-07
1.5148972351906433 1.238570652701638e-07
1.5174604825765248 1.2308851242866146e-07
1.5200237299624062 1.223269416955767e-07
1.5225869773482876 1.2157227100490477e-07
1.525150224734169 1.2082441946498536e-07
1.5277134721200505 1.2008330733878732e-07
1.5302767195059315 1.1934885602457015e-07
1.532839966891813 1.1862098803691233e-07
1.5354032142776943 1.1789962698811053e-07
1.5379664616635758 1.1718469756992487e-07
1.5405297090494572 1.1647612553567866e-07
1.5430929564353386 1.1577383768269273e-07
1.54565620382122 1.1507776183505503e-07
1.548219451207101 1.1438782682671592e-07
1.5507826985929825 1.1370396248490082e-07
1.5533459459788639 1.1302609961383532e-07
1.5559091933647453 1.1235416997877523e-07
1.5584724407506267 1.1168810629033772e-07
1.5610356881365082 1.1102784218911993e-07
1.5635989355223892 1.1037331223060977e-07
1.5661621829082706 1.0972445187037373e-07
1.568725430294152 1.0908119744951889e-07
1.5712886776800334 1.0844348618042719e-07
1.5738519250659149 1.0781125613274895e-07
1.5764151724517963 1.0718444621965697e-07
1.5789784198376777 1.065629961843508e-07
1.5815416672235587 1.0594684658681007e-07
1.5841049146094401 1.0533593879079045e-07
1.5866681619953216 1.0473021495105436e-07
1.589231409381203 1.0412961800083554e-07
1.5917946567670844 1.0353409163953143e-07
1.5943579041529659 1.0294358032061776e-07
1.5969211515388468 1.0235802923978208e-07
1.5994843989247283 1.0177738432327025e-07
1.6020476463106097 1.0120159221644333e-07
1.6046108936964911 1.0063060027254066e-07
1.6071741410823726 1.0006435654164174e-07
1.609737388468254 9.950280975982684e-08
1.6123006358541354 9.894590933853223e-08
1.6148638832400164 9.839360535409144e-08
1.6174271306258978 9.784584853746414e-08
1.6199903780117793 9.730259026414667e-08
1.6225536253976607 9.676378254426075e-08
1.625116872783542 9.62293780128166e-08
1.6276801201694235 9.569932992014668e-08
1.6302433675553045 9.517359212250942e-08
1.632806614941186 9.465211907285383e-08
1.6353698623270674 9.413486581175016e-08
1.6379331097129488 9.362178795847242e-08
1.6404963570988302 9.311284170224427e-08
1.6430596044847117 9.26079837936272e-08
1.645622851870593 9.21071715360656e-08
1.648186099256474 9.161036277757435e-08
1.6507493466423555 9.111751590256935e-08
1.653312594028237 9.062858982384051e-08
1.6558758414141184 9.01435439746605e-08
1.6584390887999998 8.966233830103051e-08
1.6610023361858812 8.918493325405583e-08
1.6635655835717622 8.871128978245526e-08
1.6661288309576436 8.824136932519341e-08
1.668692078343525 8.777513380424188e-08
1.6712553257294065 8.731254561746116e-08
1.673818573115288 8.685356763160291e-08
1.6763818205011694 8.63981631754311e-08
