0.0 nan
0.002400956535921948 1.3582857016963723e-08
0.004801913071843896 1.4151877724784272e-08
0.0072028696077658435 1.4731619176006162e-08
0.009603826143687792 1.5321468236711135e-08
0.01200478267960974 1.592076962299227e-08
0.014405739215531687 1.652882833222532e-08
0.016806695751453635 1.7144912436862104e-08
0.019207652287375584 1.7768256234872958e-08
0.021608608823297532 1.839806374818335e-08
0.02400956535921948 1.9033512557633987e-08
0.02641052189514143 1.967375795992431e-08
0.028811478431063374 2.031793742870436e-08
0.031212434966985322 2.0965175358332314e-08
0.03361339150290727 2.161458806481237e-08
0.03601434803882922 2.226528901395479e-08
0.03841530457475117 2.2916394241863275e-08
0.040816261110673116 2.3567027927502223e-08
0.043217217646595064 2.4216328071319174e-08
0.04561817418251701 2.4863452227834248e-08
0.04801913071843896 2.5507583233988106e-08
0.05042008725436091 2.6147934869036374e-08
0.05282104379028286 2.6783757376224595e-08
0.055222000326204806 2.74143427718265e-08
0.05762295686212675 2.803902986364362e-08
0.060023913398048696 2.865720889933284e-08
0.062424869933970645 2.9268325765299478e-08
0.0648258264698926 2.987188565967626e-08
0.06722678300581454 3.046745616854176e-08
0.0696277395417365 3.105466968296211e-08
0.07202869607765844 3.163322510579444e-08
0.0744296526135804 3.2202888811166017e-08
0.07683060914950234 3.27634948357677e-08
0.07923156568542428 3.331494429895026e-08
0.08163252222134623 3.3857204067370124e-08
0.08403347875726817 3.4390304698669796e-08
0.08643443529319013 3.491433771660158e-08
0.08883539182911207 3.542945228609233e-08
0.09123634836503403 3.593585137036637e-08
0.09363730490095597 3.643378746268198e-08
0.09603826143687792 3.692355799203791e-08
0.09843921797279986 3.740550050534819e-08
0.10084017450872182 3.7879987727902235e-08
0.10324113104464376 3.83474225998379e-08
0.10564208758056572 3.880823337924413e-08
0.10804304411648766 3.926286889296811e-08
0.11044400065240961 3.971179400487794e-08
0.11284495718833155 4.0155485358948896e-08
0.1152459137242535 4.059442744166384e-08
0.11764687026017545 4.102910899561354e-08
0.12004782679609739 4.146001980410663e-08
0.12244878333201935 4.1887647855676833e-08
0.12484973986794129 4.231247688773852e-08
0.12725069640386324 4.2734984300428405e-08
0.1296516529397852 4.3155639425131514e-08
0.13205260947570713 4.357490212699247e-08
0.13445356601162908 4.399322171711554e-08
0.13685452254755104 4.441103614771215e-08
0.139255479083473 4.4828771462242086e-08
0.14165643561939492 4.524684147227086e-08
0.14405739215531688 4.5665647633239744e-08
0.14645834869123883 4.608557909243834e-08
0.1488593052271608 4.650701288399126e-08
0.15126026176308272 4.6930314247458834e-08
0.15366121829900467 4.735583704875264e-08
0.15606217483492663 4.7783924284103257e-08
0.15846313137084855 4.821490864998911e-08
0.1608640879067705 4.864911316399532e-08
0.16326504444269246 4.9086851823559676e-08
0.16566600097861442 4.952843029142632e-08
0.16806695751453635 4.997414659834797e-08
0.1704679140504583 5.042429185514385e-08
0.17286887058638026 5.087915096762337e-08
0.1752698271223022 5.1339003349139905e-08
0.17767078365822414 5.180412362667927e-08
0.1800717401941461 5.227478233726064e-08
0.18247269673006805 5.275124661239191e-08
0.18487365326599 5.323378084892646e-08
0.18727460980191193 5.3722647365341914e-08
0.1896755663378339 5.421810704295384e-08
0.19207652287375584 5.472041995202266e-08
0.19447747940967777 5.522984596305852e-08
0.19687843594559973 5.574664534393768e-08
0.19927939248152168 5.6271079343680644e-08
0.20168034901744364 5.680341076393794e-08
0.20408130555336557 5.73439045193962e-08
0.20648226208928752 5.7892828188434436e-08
0.20888321862520948 5.845045255546825e-08
0.21128417516113143 5.9017052146486e-08
0.21368513169705336 5.959290575936754e-08
0.21608608823297532 6.017829699059947e-08
0.21848704476889727 6.077351476004306e-08
0.22088800130481923 6.137885383547633e-08
0.22328895784074115 6.199461535861031e-08
0.2256899143766631 6.262110737433036e-08
0.22809087091258506 6.325864536496189e-08
0.230491827448507 6.39075527913248e-08
0.23289278398442895 6.456816164244073e-08
0.2352937405203509 6.524081299573412e-08
0.23769469705627286 6.592585758962748e-08
0.24009565359219479 6.662365641048568e-08
0.24249661012811674 6.733458129589197e-08
0.2448975666640387 6.80590155563091e-08
0.24729852319996065 6.879735461723886e-08
0.24969947973588258 6.95500066840714e-08
0.25210043627180456 7.03173934319104e-08
0.2545013928077265 7.109995072272626e-08
0.2569023493436484 7.189812935234988e-08
0.2593033058795704 7.27123958298758e-08
0.26170426241549233 7.354323319223992e-08
0.26410521895141426 7.439114185684105e-08
0.26650617548733624 7.525664051527841e-08
0.26890713202325817 7.614026707142075e-08
0.2713080885591801 7.70425796272682e-08
0.2737090450951021 7.796415752026281e-08
0.276110001631024 7.89056024159493e-08
0.278510958166946 7.98675394601876e-08
0.2809119147028679 8.085061849536176e-08
0.28331287123878984 8.185551534542042e-08
0.2857138277747118 8.28829331748861e-08
0.28811478431063375 8.393360392738223e-08
0.2905157408465557 8.500828984968068e-08
0.29291669738247766 8.610778510769025e-08
0.2953176539183996 8.723291750138085e-08
0.2977186104543216 8.838455028616974e-08
0.3001195669902435 8.956358410892352e-08
0.30252052352616543 9.077095906743941e-08
0.3049214800620874 9.200765690297736e-08
0.30732243659800934 9.327470333630349e-08
0.30972339313393127 9.457317055854347e-08
0.31212434966985325 9.590417988920547e-08
0.3145253062057752 9.726890461483474e-08
0.3169262627416971 9.866857302291805e-08
0.3193272192776191 1.0010447164708624e-07
0.321728175813541 1.015779487410954e-07
0.324129132349463 1.0309041800072315e-07
0.32653008888538493 1.0464336255452373e-07
0.32893104542130686 1.0623833924643714e-07
0.33133200195722884 1.0787698323540259e-07
0.33373295849315077 1.0956101293969747e-07
0.3361339150290727 1.1129223535636899e-07
0.3385348715649947 1.1307255178926221e-07
0.3409358281009166 1.14903964022509e-07
0.3433367846368386 1.1678858098010035e-07
0.3457377411727605 1.1872862591645285e-07
0.34813869770868244 1.2072644418750616e-07
0.3505396542446044 1.2278451165721765e-07
0.35294061078052635 1.2490544380013624e-07
0.3553415673164483 1.2709200556738725e-07
0.35774252385237026 1.2934712209070663e-07
0.3601434803882922 1.3167389030750736e-07
0.3625444369242141 1.3407559159919374e-07
0.3649453934601361 1.3655570554546363e-07
0.36734634999605803 1.391179249090239e-07
0.36974730653198 1.417661719784793e-07
0.37214826306790194 1.4450461641210055e-07
0.37454921960382387 1.4733769474204032e-07
0.37695017613974585 1.5027013171777112e-07
0.3793511326756678 1.53306963689133e-07
0.3817520892115897 1.5645356425392596e-07
0.3841530457475117 1.597156724229323e-07
0.3865540022834336 1.6309942358692922e-07
0.38895495881935555 1.6661138360635033e-07
0.39135591535527753 1.702585863854818e-07
0.39375687189119946 1.7404857533999325e-07
0.39615782842712144 1.779894492204425e-07
0.39855878496304337 1.8208991281584862e-07
0.4009597414989653 1.8635933313209643e-07
0.4033606980348873 1.9080780172095282e-07
0.4057616545708092 1.9544620392878805e-07
0.40816261110673113 2.002862959416712e-07
0.4105635676426531 2.053407906275757e-07
0.41296452417857504 2.106234533201407e-07
0.415365480714497 2.161492088547912e-07
0.41776643725041895 2.219342613613561e-07
0.4201673937863409 2.2799622854216856e-07
0.42256835032226286 2.343542924269086e-07
0.4249693068581848 2.4102936890198354e-07
0.4273702633941067 2.4804429867127167e-07
0.4297712199300287 2.554240627268011e-07
0.43217217646595063 2.6319602590450133e-07
0.43457313300187256 2.713902126862716e-07
0.43697408953779454 2.8003962010378426e-07
0.43937504607371647 2.8918057342358335e-07
0.44177600260963845 2.988531312747819e-07
0.4441769591455604 3.091015480538842e-07
0.4465779156814823 3.199748028481692e-07
0.4489788722174043 3.315272058118908e-07
0.4513798287533262 3.438190949744457e-07
0.45378078528924815 3.5691763893872035e-07
0.45618174182517013 3.7089776394595285e-07
0.45858269836109206 3.8584322747252837e-07
0.460983654897014 4.0184786505327964e-07
0.46338461143293597 4.1901704261101994e-07
0.4657855679688579 4.3746935349131463e-07
0.4681865245047799 4.573386080150925e-07
0.4705874810407018 4.78776174137219e-07
0.47298843757662373 5.019537413493675e-07
0.4753893941125457 5.270665970954734e-07
0.47779035064846764 5.543375267435257e-07
0.48019130718438957 5.840214759985729e-07
0.48259226372031155 6.164111504508876e-07
0.4849932202562335 6.518437733003372e-07
0.48739417679215546 6.907092826762986e-07
0.4897951333280774 7.334603291697868e-07
0.4921960898639993 7.806245388224392e-07
0.4945970463999213 8.328196460857446e-07
0.49699800293584323 8.907722881102532e-07
0.49939895947176516 9.55341504495587e-07
0.5017999160076871 1.027548331563801e-06
0.5042008725436091 1.1086133552778504e-06
0.506601829079531 1.200004747442836e-06
0.509002785615453 1.3035002375165853e-06
0.511403742151375 1.421267788907682e-06
0.5138046986872968 1.5559716373824567e-06
0.5162056552232188 1.7109130890621563e-06
0.5186066117591408 1.8902194949765361e-06
0.5210075682950627 2.0991007821008948e-06
0.5234085248309847 2.344201861938683e-06
0.5258094813669066 2.634092772834895e-06
0.5282104379028285 2.9799590502447597e-06
0.5306113944387505 3.3965863772390812e-06
0.5330123509746725 3.903781559778451e-06
0.5354133075105943 4.528443260404627e-06
0.5378142640465163 5.307596020501645e-06
0.5402152205824383 6.292820332046419e-06
0.5426161771183602 7.556579432156513e-06
0.5450171336542822 9.200683693280762e-06
0.5474180901902042 1.1365646751719932e-05
0.5498190467261261 1.4234446605470668e-05
0.552220003262048 1.8009725569498983e-05
0.55462095979797 2.2815744374959398e-05
0.557021916333892 2.8469516476461253e-05
0.5594228728698138 3.422282571214447e-05
0.5618238294057358 3.891605082371729e-05
0.5642247859416578 4.171174663474871e-05
0.5666257424775797 4.256286169179525e-05
0.5690266990135017 4.1920629911991395e-05
0.5714276555494237 4.0290005473782996e-05
0.5738286120853455 3.804756002727197e-05
0.5762295686212675 3.543780682992939e-05
0.5786305251571895 3.261366059001591e-05
0.5810314816931114 2.9671703018232653e-05
0.5834324382290333 2.667620318285565e-05
0.5858333947649553 2.3676232069546277e-05
0.5882343513008772 2.072046357434604e-05
0.5906353078367992 1.787144409387852e-05
0.5930362643727212 1.52141126058731e-05
0.5954372209086431 1.2844119280279236e-05
0.597838177444565 1.0830625167136119e-05
0.600239133980487 9.184629986444802e-06
0.602640090516409 7.865896999619481e-06
0.6050410470523309 6.813100754214506e-06
0.6074420035882528 5.966963354176067e-06
0.6098429601241748 5.279114484901036e-06
0.6122439166600967 4.7127294058152705e-06
0.6146448731960187 4.240441762511935e-06
0.6170458297319407 3.8419708560714624e-06
0.6194467862678625 3.5021794528473787e-06
0.6218477428037845 3.209639320270843e-06
0.6242486993397065 2.955609748005713e-06
0.6266496558756284 2.73331706130957e-06
0.6290506124115504 2.5374450059128298e-06
0.6314515689474723 2.3637711561658174e-06
0.6338525254833942 2.208904556489551e-06
0.6362534820193162 2.0700940625997973e-06
0.6386544385552382 1.945086571637621e-06
0.6410553950911602 1.8320208687097944e-06
0.643456351627082 1.7293472088519964e-06
0.645857308163004 1.635765718431567e-06
0.648258264698926 1.5501787191070143e-06
0.6506592212348479 1.4716534665874173e-06
0.6530601777707699 1.3993927627330885e-06
0.6554611343066918 1.3327115791344666e-06
0.6578620908426137 1.2710183141205937e-06
0.6602630473785357 1.213799652304273e-06
0.6626640039144577 1.1606082488404881e-06
0.6650649604503795 1.1110526455510543e-06
0.6674659169863015 1.06478896383342e-06
0.6698668735222235 1.0215140215062934e-06
0.6722678300581454 9.80959598573453e-07
0.6746687865940674 9.428876355492472e-07
0.6770697431299894 9.070861932409352e-07
0.6794706996659112 8.733660375916865e-07
0.6818716562018332 8.41557740448455e-07
0.6842726127377552 8.115092081050726e-07
0.6866735692736772 7.830835663593835e-07
0.689074525809599 7.561573438304968e-07
0.691475482345521 7.306189061010867e-07
0.693876438881443 7.063671014025965e-07
0.6962773954173649 6.833100855514213e-07
0.6986783519532869 6.613642992779931e-07
0.7010793084892089 6.404535755766112e-07
0.7034802650251307 6.205083583601989e-07
0.7058812215610527 6.014650167047439e-07
0.7082821780969747 5.832652414363075e-07
0.7106831346328966 5.65855512866798e-07
0.7130840911688185 5.491866301682837e-07
0.7154850477047405 5.332132942975658e-07
0.7178860042406624 5.178937375768969e-07
0.7202869607765844 5.03189394002378e-07
0.7226879173125064 4.890646052122428e-07
0.7250888738484282 4.754863577456808e-07
0.7274898303843502 4.6242404780084667e-07
0.7298907869202722 4.498492702578055e-07
0.7322917434561941 4.3773562909561104e-07
0.7346926999921161 4.260585667700668e-07
0.737093656528038 4.147952103852151e-07
0.73949461306396 4.03924232793878e-07
0.7418955695998819 3.9342572697006136e-07
0.7442965261358039 3.83281092238086e-07
0.7466974826717259 3.734729310637256e-07
0.7490984392076477 3.6398495531057785e-07
0.7514993957435697 3.5480190097274967e-07
0.7539003522794917 3.4590945051255093e-07
0.7563013088154136 3.372941620335987e-07
0.7587022653513356 3.289434046121509e-07
0.7611032218872575 3.208452991701116e-07
0.7635041784231794 3.1298866435878576e-07
0.7659051349591014 3.053629669639262e-07
0.7683060914950234 2.979582764125558e-07
0.7707070480309453 2.9076522298439097e-07
0.7731080045668672 2.837749593992688e-07
0.7755089611027892 2.7697912544584165e-07
0.7779099176387111 2.7036981547236954e-07
0.7803108741746331 2.6393954822046883e-07
0.7827118307105551 2.576812392242976e-07
0.785112787246477 2.515881751226987e-07
0.7875137437823989 2.456539899935986e-07
0.7899147003183209 2.3987264339756793e-07
0.7923156568542429 2.3423840008097807e-07
0.7947166133901648 2.2874581112154563e-07
0.7971175699260867 2.2338969647159181e-07
0.7995185264620087 2.1816512866980476e-07
0.8019194829979306 2.1306741779321447e-07
0.8043204395338526 2.0809209739298712e-07
0.8067213960697746 2.0323491144165402e-07
0.8091223526056964 1.9849180210859187e-07
0.8115233091416184 1.9385889846764238e-07
0.8139242656775404 1.8933250585676286e-07
0.8163252222134623 1.8490909600148608e-07
0.8187261787493842 1.8058529777125507e-07
0.8211271352853062 1.7635788851489085e-07
0.8235280918212281 1.7222378608901383e-07
0.8259290483571501 1.6818004106203762e-07
0.8283300048930721 1.6422382984992884e-07
0.830730961428994 1.6035244795689784e-07
0.8331319179649159 1.5656330376328805e-07
0.8355328745008379 1.5285391267142888e-07
0.8379338310367599 1.4922189161540518e-07
0.8403347875726818 1.4566495389463923e-07
0.8427357441086037 1.4218090431846693e-07
0.8451367006445257 1.387676346454757e-07
0.8475376571804476 1.3542311927506489e-07
0.8499386137163696 1.3214541120845055e-07
0.8523395702522916 1.2893263823023593e-07
0.8547405267882134 1.257829993133098e-07
0.8571414833241354 1.2269476122704475e-07
0.8595424398600574 1.1966625533636404e-07
0.8619433963959793 1.1669587457944285e-07
0.8643443529319013 1.1378207061262129e-07
0.8667453094678232 1.1092335111201368e-07
0.8691462660037451 1.0811827721621116e-07
0.8715472225396671 1.0536546113395668e-07
0.8739481790755891 1.0266356382741119e-07
0.8763491356115111 1.0001129287658506e-07
0.8787500921474329 9.740740040780427e-08
0.8811510486833549 9.485068116239419e-08
0.8835520052192769 9.233997068502e-08
0.8859529617551988 8.987414349236522e-08
0.8883539182911208 8.745211151563647e-08
0.8907548748270427 8.50728224592932e-08
0.8931558313629646 8.273525833377179e-08
0.8955567878988866 8.043843402804785e-08
0.8979577444348086 7.818139596057865e-08
0.9003587009707305 7.596322079548477e-08
0.9027596575066524 7.378301422125525e-08
0.9051606140425744 7.163990978846978e-08
0.9075615705784963 6.95330678032698e-08
0.9099625271144183 6.746167427351199e-08
0.9123634836503403 6.542493990294201e-08
0.9147644401862621 6.342209914046182e-08
0.9171653967221841 6.14524092591761e-08
0.9195663532581061 5.951514948786476e-08
0.921967309794028 5.760962019753251e-08
0.92436826632995 5.5735142070294895e-08
0.9267692228658719 5.38910553851532e-08
0.9291701794017939 5.207671926967825e-08
0.9315711359377158 5.0291511018470716e-08
0.9339720924736378 4.853482542074992e-08
0.9363730490095598 4.680607417035761e-08
0.9387740055454816 4.510468518947709e-08
0.9411749620814036 4.343010211952532e-08
0.9435759186173256 4.1781783735045964e-08
0.9459768751532475 4.015920342299714e-08
0.9483778316891694 3.856184867357625e-08
0.9507787882250914 3.6989220596409985e-08
0.9531797447610133 3.544083345515055e-08
0.9555807012969353 3.39162142217132e-08
0.9579816578328573 3.241490214885242e-08
0.9603826143687791 3.0936448360233216e-08
0.9627835709047011 2.9480415457433982e-08
0.9651845274406231 2.804637714555642e-08
0.967585483976545 2.66339178567042e-08
0.969986440512467 2.5242632427023886e-08
0.972387397048389 2.387212574140737e-08
0.9747883535843109 2.252201242105115e-08
0.9771893101202328 2.1191916513441086e-08
0.9795902666561548 1.988147119653992e-08
0.9819912231920768 1.8590318495054456e-08
0.9843921797279986 1.731810898513719e-08
0.9867931362639206 1.606450162837631e-08
0.9891940927998426 1.4829163289707196e-08
0.9915950493357645 1.3611768787880253e-08
0.9939960058716865 1.2412000448799776e-08
0.9963969624076084 1.122954795352304e-08
0.9987979189435303 1.0064108113301033e-08
1.0011988754794523 8.915384657922728e-09
1.0035998320153743 7.783088032837476e-09
1.0060007885512963 6.666935203731151e-09
1.0084017450872182 5.566649468157389e-09
1.01080270162314 4.4819602738164396e-09
1.013203658159062 3.412603043282939e-09
1.015604614694984 2.3583190048689785e-09
1.018005571230906 1.318855029359903e-09
1.020406527766828 2.9396347244690446e-10
1.02280748430275 -7.16597977461984e-10
1.0252084408386717 -1.7130664466317241e-09
1.0276093973745937 -2.6956740158901876e-09
1.0300103539105157 -3.6646478618460886e-09
1.0324113104464376 -4.620210385790773e-09
1.0348122669823596 -5.562579341890171e-09
1.0372132235182816 -6.491967967543816e-09
1.0396141800542034 -7.408585090806293e-09
1.0420151365901253 -8.31263541627403e-09
1.0444160931260473 -9.204318841498728e-09
1.0468170496619693 -1.0083832146344257e-08
1.0492180061978913 -1.0951367518389409e-08
1.0516189627338133 -1.1807113444431207e-08
1.0540199192697353 -1.2651254650996969e-08
1.056420875805657 -1.3483972199708999e-08
1.058821832341579 -1.4305443579655343e-08
1.061222788877501 -1.511584279689181e-08
1.063623745413423 -1.5915341277807808e-08
1.066024701949345 -1.6704103870040832e-08
1.068425658485267 -1.7482297090242767e-08
1.0708266150211887 -1.8250081036820443e-08
1.0732275715571107 -1.9007613549709665e-08
1.0756285280930327 -1.975504946805712e-08
1.0780294846289546 -2.049254070270752e-08
1.0804304411648766 -2.1220236307104656e-08
1.0828313977007986 -2.1938282534809368e-08
1.0852323542367204 -2.2646822929788113e-08
1.0876333107726424 -2.3345998364527252e-08
1.0900342673085643 -2.4035947118603863e-08
1.0924352238444863 -2.4716804920072912e-08
1.0948361803804083 -2.5388705036278575e-08
1.0972371369163303 -2.6051778299495732e-08
1.0996380934522523 -2.670615317704865e-08
1.102039049988174 -2.7351955822584477e-08
1.104440006524096 -2.7989310128163374e-08
1.106840963060018 -2.8618337775067473e-08
1.10924191959594 -2.9239158283219907e-08
1.111642876131862 -2.985189083959404e-08
1.114043832667784 -3.0456645442971175e-08
1.1164447892037057 -3.105354075329649e-08
1.1188457457396277 -3.1642686331984075e-08
1.1212467022755497 -3.222419158687251e-08
1.1236476588114717 -3.279816403372176e-08
1.1260486153473936 -3.3364709336944424e-08
1.1284495718833156 -3.392393134929079e-08
1.1308505284192374 -3.447593215050472e-08
1.1332514849551594 -3.502081208485986e-08
1.1356524414910814 -3.5558669797840825e-08
1.1380533980270033 -3.6089602273583e-08
1.1404543545629253 -3.661370486088638e-08
1.1428553110988473 -3.713107132427712e-08
1.1452562676347693 -3.764179386052809e-08
1.147657224170691 -3.814596313773455e-08
1.150058180706613 -3.8643668326965165e-08
1.152459137242535 -3.913499713139759e-08
1.154860093778457 -3.962003581666263e-08
1.157261050314379 -4.009886963034162e-08
1.159662006850301 -4.057158087775461e-08
1.1620629633862227 -4.103825285457693e-08
1.1644639199221447 -4.1498965968908745e-08
1.1668648764580667 -4.195379971995657e-08
1.1692658329939887 -4.2402832333253836e-08
1.1716667895299107 -4.284614078569543e-08
1.1740677460658326 -4.328380084120435e-08
1.1764687026017544 -4.371588701839577e-08
1.1788696591376764 -4.414247272628415e-08
1.1812706156735984 -4.4563630174602854e-08
1.1836715722095204 -4.49794304522655e-08
1.1860725287454423 -4.538994353788299e-08
1.1884734852813643 -4.5795238321189623e-08
1.1908744418172863 -4.619538262376049e-08
1.193275398353208 -4.6590443214226406e-08
1.19567635488913 -4.698048582820086e-08
1.198077311425052 -4.736557522286833e-08
