0.0 nan
0.002400956535921948 1.7847761248430163e-08
0.004801913071843896 1.869843790816626e-08
0.0072028696077658435 1.9573152804380972e-08
0.009603826143687792 2.0471559870542097e-08
0.01200478267960974 2.1393253201264822e-08
0.014405739215531687 2.2337767931510445e-08
0.016806695751453635 2.330458143271563e-08
0.019207652287375584 2.4293114812438075e-08
0.021608608823297532 2.5302734701326395e-08
0.02400956535921948 2.633275530877451e-08
0.02641052189514143 2.738244072667816e-08
0.028811478431063374 2.8451007459258385e-08
0.031212434966985322 2.9537627155937068e-08
0.03361339150290727 3.0641429523898035e-08
0.03601434803882922 3.1761505397015686e-08
0.03841530457475117 3.289690993854595e-08
0.040816261110673116 3.4046665956046196e-08
0.043217217646595064 3.520976730863864e-08
0.04561817418251701 3.638518238867274e-08
0.04801913071843896 3.7571857662231075e-08
0.05042008725436091 3.8768721255530876e-08
0.05282104379028286 3.997468657708567e-08
0.055222000326204806 4.118865596843117e-08
0.05762295686212675 4.240952437915587e-08
0.060023913398048696 4.3636183064841275e-08
0.062424869933970645 4.486752330912624e-08
0.0648258264698926 4.6102440173482055e-08
0.06722678300581454 4.733983628010076e-08
0.0696277395417365 4.857862563465636e-08
0.07202869607765844 4.981773749627654e-08
0.0744296526135804 5.105612030183448e-08
0.07683060914950234 5.229274565057054e-08
0.07923156568542428 5.3526612352826335e-08
0.08163252222134623 5.475675054345303e-08
0.08403347875726817 5.5982225856017055e-08
0.08643443529319013 5.720214364841398e-08
0.08883539182911207 5.841565326390004e-08
0.09123634836503403 5.962195230404798e-08
0.09363730490095597 6.082029088189259e-08
0.09603826143687792 6.200997581487019e-08
0.09843921797279986 6.319037470846797e-08
0.10084017450872182 6.436091987318508e-08
0.10324113104464376 6.552111201005865e-08
0.10564208758056572 6.667052359408652e-08
0.10804304411648766 6.780880188107968e-08
0.11044400065240961 6.893567146214494e-08
0.11284495718833155 7.00509362918197e-08
0.1152459137242535 7.115448112090671e-08
0.11764687026017545 7.224627227367908e-08
0.12004782679609739 7.332635772105287e-08
0.12244878333201935 7.439486641647623e-08
0.12484973986794129 7.54520068788655e-08
0.12725069640386324 7.649806502643463e-08
0.1296516529397852 7.753340128563827e-08
0.13205260947570713 7.855844701963972e-08
0.13445356601162908 7.957370033982313e-08
0.13685452254755104 8.057972138069692e-08
0.139255479083473 8.15771271323917e-08
0.14165643561939492 8.256658593505458e-08
0.14405739215531688 8.354881174543642e-08
0.14645834869123883 8.45245582877422e-08
0.1488593052271608 8.549461319839747e-08
0.15126026176308272 8.645979226828717e-08
0.15366121829900467 8.74209338766883e-08
0.15606217483492663 8.837889369934763e-08
0.15846313137084855 8.933453975965503e-08
0.1608640879067705 9.028874787742909e-08
0.16326504444269246 9.124239755526529e-08
0.16566600097861442 9.219636832818761e-08
0.16806695751453635 9.315153658922763e-08
0.1704679140504583 9.410877289171791e-08
0.17286887058638026 9.506893971895572e-08
0.1752698271223022 9.603288970349638e-08
0.17767078365822414 9.70014642717272e-08
0.1800717401941461 9.797549268455284e-08
0.18247269673006805 9.895579144175045e-08
0.18487365326599 9.99431640157127e-08
0.18727460980191193 1.0093840087974428e-07
0.1896755663378339 1.0194227979643246e-07
0.19207652287375584 1.0295556633289951e-07
0.19447747940967777 1.0397901457150064e-07
0.19687843594559973 1.0501336798688205e-07
0.19927939248152168 1.0605936046276481e-07
0.20168034901744364 1.0711771742460355e-07
0.20408130555336557 1.081891570669404e-07
0.20648226208928752 1.0927439165703679e-07
0.20888321862520948 1.1037412889894599e-07
0.21128417516113143 1.114890733446536e-07
0.21368513169705336 1.1261992784124504e-07
0.21608608823297532 1.1376739500514687e-07
0.21848704476889727 1.1493217871640764e-07
0.22088800130481923 1.1611498562772901e-07
0.22328895784074115 1.1731652668449783e-07
0.2256899143766631 1.1853751865343263e-07
0.22809087091258506 1.1977868565866817e-07
0.230491827448507 1.2104076072516707e-07
0.23289278398442895 1.223244873302938e-07
0.2352937405203509 1.236306209651635e-07
0.23769469705627286 1.2495993070815352e-07
0.24009565359219479 1.2631320081355483e-07
0.24249661012811674 1.2769123231891034e-07
0.2448975666640387 1.2909484467514722e-07
0.24729852319996065 1.3052487740398415e-07
0.24969947973588258 1.3198219178761277e-07
0.25210043627180456 1.334676725960098e-07
0.2545013928077265 1.3498222985764648e-07
0.2569023493436484 1.3652680067974387e-07
0.2593033058795704 1.3810235112464757e-07
0.26170426241549233 1.3970987814925206e-07
0.26410521895141426 1.4135041161487642e-07
0.26650617548733624 1.4302501637542475e-07
0.26890713202325817 1.44734794452132e-07
0.2713080885591801 1.4648088730377335e-07
0.2737090450951021 1.4826447820170874e-07
0.276110001631024 1.5008679471984852e-07
0.278510958166946 1.5194911135020653e-07
0.2809119147028679 1.5385275225557972e-07
0.28331287123878984 1.5579909417160152e-07
0.2857138277747118 1.5778956947144605e-07
0.28811478431063375 1.5982566940734961e-07
0.2905157408465557 1.6190894754436618e-07
0.29291669738247766 1.6404102340286312e-07
0.2953176539183996 1.662235863277533e-07
0.2977186104543216 1.6845839960384397e-07
0.3001195669902435 1.707473048384393e-07
0.30252052352616543 1.7309222663410858e-07
0.3049214800620874 1.7549517757657046e-07
0.30732243659800934 1.7795826356488943e-07
0.30972339313393127 1.8048368951368956e-07
0.31212434966985325 1.8307376545973765e-07
0.3145253062057752 1.8573091310841533e-07
0.3169262627416971 1.8845767285885354e-07
0.3193272192776191 1.9125671135025237e-07
0.321728175813541 1.9413082957606207e-07
0.324129132349463 1.9708297161723735e-07
0.32653008888538493 2.0011623405084044e-07
0.32893104542130686 2.0323387609591595e-07
0.33133200195722884 2.064393305647673e-07
0.33373295849315077 2.0973621569471965e-07
0.3361339150290727 2.1312834794310537e-07
0.3385348715649947 2.1661975583681162e-07
0.3409358281009166 2.2021469497716706e-07
0.3433367846368386 2.2391766431157724e-07
0.3457377411727605 2.277334237950083e-07
0.34813869770868244 2.316670135775881e-07
0.3505396542446044 2.3572377486907457e-07
0.35294061078052635 2.399093726472391e-07
0.3553415673164483 2.4422982039527755e-07
0.35774252385237026 2.4869150707352087e-07
0.3601434803882922 2.533012265531985e-07
0.3625444369242141 2.580662097650916e-07
0.3649453934601361 2.629941598439205e-07
0.36734634999605803 2.6809329058054467e-07
0.36974730653198 2.7337236852893844e-07
0.37214826306790194 2.7884075915399745e-07
0.37454921960382387 2.8450847744976516e-07
0.37695017613974585 2.9038624350650217e-07
0.3793511326756678 2.9648554355971054e-07
0.3817520892115897 3.0281869711537933e-07
0.3841530457475117 3.093989308144666e-07
0.3865540022834336 3.162404597766866e-07
0.38895495881935555 3.2335857725042405e-07
0.39135591535527753 3.307697534931431e-07
0.39375687189119946 3.38491744916772e-07
0.39615782842712144 3.465437146569249e-07
0.39855878496304337 3.549463658656424e-07
0.4009597414989653 3.6372208918725234e-07
0.4033606980348873 3.728951260588714e-07
0.4057616545708092 3.8249174968496756e-07
0.40816261110673113 3.9254046577321724e-07
0.4105635676426531 4.030722353925784e-07
0.41296452417857504 4.1412072262996337e-07
0.415365480714497 4.257225700873823e-07
0.41776643725041895 4.3791770568628963e-07
0.4201673937863409 4.5074968474178937e-07
0.42256835032226286 4.6426607185050875e-07
0.4249693068581848 4.785188678195242e-07
0.4273702633941067 4.935649876708702e-07
0.4297712199300287 5.094667967123086e-07
0.43217217646595063 5.262927128017452e-07
0.43457313300187256 5.441178842877735e-07
0.43697408953779454 5.630249547292002e-07
0.43937504607371647 5.831049274388295e-07
0.44177600260963845 6.044581452313731e-07
0.4441769591455604 6.271954035677318e-07
0.4465779156814823 6.51439218684377e-07
0.4489788722174043 6.773252764081642e-07
0.4513798287533262 7.050040923473149e-07
0.45378078528924815 7.346429202228019e-07
0.45618174182517013 7.664279525187125e-07
0.45858269836109206 8.005668667106911e-07
0.460983654897014 8.372917814935489e-07
0.46338461143293597 8.768627012033391e-07
0.4657855679688579 9.195715437002159e-07
0.4681865245047799 9.65746868232464e-07
0.4705874810407018 1.0157594463942963e-06
0.47298843757662373 1.0700288527336379e-06
0.4753893941125457 1.1290312938565128e-06
0.47779035064846764 1.1933089486564231e-06
0.48019130718438957 1.2634811611008134e-06
0.48259226372031155 1.340257915572358e-06
0.4849932202562335 1.4244561395016018e-06
0.48739417679215546 1.5170195276713526e-06
0.4897951333280774 1.619042779105162e-06
0.4921960898639993 1.731801397448443e-06
0.4945970463999213 1.8567885523288787e-06
0.49699800293584323 1.995760964864006e-06
0.49939895947176516 2.150796411427406e-06
0.5017999160076871 2.3243663021165167e-06
0.5042008725436091 2.519427979726656e-06
0.506601829079531 2.739543041119654e-06
0.509002785615453 2.9890303117697095e-06
0.511403742151375 3.2731654130827315e-06
0.5138046986872968 3.5984436130587136e-06
0.5162056552232188 3.972929546350987e-06
0.5186066117591408 4.4067275063178975e-06
0.5210075682950627 4.91262101079112e-06
0.5234085248309847 5.50695279980649e-06
0.5258094813669066 6.210850322153619e-06
0.5282104379028285 7.051953206521931e-06
0.5306113944387505 8.066877243198703e-06
0.5330123509746725 9.304766485645346e-06
0.5354133075105943 1.0832455131643366e-05
0.5378142640465163 1.2741987974395215e-05
0.5402152205824383 1.5161484470231532e-05
0.5426161771183602 1.8270337991313868e-05
0.5450171336542822 2.231866704735133e-05
0.5474180901902042 2.7646145281907933e-05
0.5498190467261261 3.467974856562455e-05
0.552220003262048 4.384927126354837e-05
0.55462095979797 5.528841991869818e-05
0.557021916333892 6.820091623092849e-05
0.5594228728698138 8.027100608142801e-05
0.5618238294057358 8.8392680135286e-05
0.5642247859416578 9.088272570520128e-05
0.5666257424775797 8.847542727785193e-05
0.5690266990135017 8.305356428882143e-05
0.5714276555494237 7.626657221332345e-05
0.5738286120853455 6.913023884552665e-05
0.5762295686212675 6.215904114758588e-05
0.5786305251571895 5.557240934533822e-05
0.5810314816931114 4.943856330468754e-05
0.5834324382290333 4.375680144126966e-05
0.5858333947649553 3.8502841347767014e-05
0.5882343513008772 3.36561514282197e-05
0.5906353078367992 2.9219034347376664e-05
0.5930362643727212 2.5226127970105082e-05
0.5954372209086431 2.1731479474992342e-05
0.597838177444565 1.876895482625789e-05
0.600239133980487 1.6318756376848363e-05
0.602640090516409 1.4314097728246111e-05
0.6050410470523309 1.2671677539564476e-05
0.6074420035882528 1.1314645621142023e-05
0.6098429601241748 1.018079551210793e-05
0.6122439166600967 9.222413076580343e-06
0.6146448731960187 8.403498241641237e-06
0.6170458297319407 7.69685342386356e-06
0.6194467862678625 7.081738805946134e-06
0.6218477428037845 6.542140311039991e-06
0.6242486993397065 6.065527298767758e-06
0.6266496558756284 5.6419665556908454e-06
0.6290506124115504 5.263487095314842e-06
0.6314515689474723 4.92362008957973e-06
0.6338525254833942 4.617061504570143e-06
0.6362534820193162 4.339421476448276e-06
0.6386544385552382 4.087035710629628e-06
0.6410553950911602 3.856821786183085e-06
0.643456351627082 3.6461683849957423e-06
0.645857308163004 3.4528489615624488e-06
0.648258264698926 3.2749537716369617e-06
0.6506592212348479 3.110835846897036e-06
0.6530601777707699 2.959067676403211e-06
0.6554611343066918 2.8184061883002486e-06
0.6578620908426137 2.687764228672878e-06
0.6602630473785357 2.5661871670440875e-06
0.6626640039144577 2.4528335826575624e-06
0.6650649604503795 2.346959221439281e-06
0.6674659169863015 2.2479035952055077e-06
0.6698668735222235 2.1550787271581583e-06
0.6722678300581454 2.067959653529636e-06
0.6746687865940674 1.9860763694624695e-06
0.6770697431299894 1.9090069696043657e-06
0.6794706996659112 1.836371781879228e-06
0.6818716562018332 1.7678283309923543e-06
0.6842726127377552 1.7030669983070636e-06
0.6866735692736772 1.6418072686397642e-06
0.689074525809599 1.5837944739445992e-06
0.691475482345521 1.5287969588141567e-06
0.693876438881443 1.4766036062806639e-06
0.6962773954173649 1.4270216714037831e-06
0.6986783519532869 1.3798748794711159e-06
0.7010793084892089 1.335001752031794e-06
0.7034802650251307 1.2922541298011255e-06
0.7058812215610527 1.2514958661671974e-06
0.7082821780969747 1.2126016689381281e-06
0.7106831346328966 1.175456071255669e-06
0.7130840911688185 1.1399525153621846e-06
0.7154850477047405 1.10599253510293e-06
0.7178860042406624 1.0734850252336676e-06
0.7202869607765844 1.0423455869585223e-06
0.7226879173125064 1.0124959407505097e-06
0.7250888738484282 9.838633986008594e-07
0.7274898303843502 9.563803888726386e-07
0.7298907869202722 9.299840278198819e-07
0.7322917434561941 9.046157325816876e-07
0.7346926999921161 8.802208711063479e-07
0.737093656528038 8.567484449930596e-07
0.73949461306396 8.341508017950763e-07
0.7418955695998819 8.123833735698471e-07
0.7442965261358039 7.914044391398675e-07
0.7466974826717259 7.711749074606405e-07
0.7490984392076477 7.516581200659413e-07
0.7514993957435697 7.328196706636693e-07
0.7539003522794917 7.146272401981611e-07
0.7563013088154136 6.970504458570494e-07
0.7587022653513356 6.800607027373322e-07
0.7611032218872575 6.636310969094855e-07
0.7635041784231794 6.477362688542514e-07
0.7659051349591014 6.323523063020159e-07
0.7683060914950234 6.174566456091608e-07
0.7707070480309453 6.030279809129112e-07
0.7731080045668672 5.890461803596729e-07
0.7755089611027892 5.754922087885538e-07
0.7779099176387111 5.623480563049522e-07
0.7803108741746331 5.495966722364954e-07
0.7827118307105551 5.372219040103188e-07
0.785112787246477 5.252084405275389e-07
0.7875137437823989 5.135417597411438e-07
0.7899147003183209 5.022080798358114e-07
0.7923156568542429 4.911943141378384e-07
0.7947166133901648 4.804880290074506e-07
0.7971175699260867 4.700774049146063e-07
0.7995185264620087 4.599511997903404e-07
0.8019194829979306 4.5009871543421634e-07
0.8043204395338526 4.405097657877104e-07
0.8067213960697746 4.311746475971916e-07
0.8091223526056964 4.220841127637762e-07
0.8115233091416184 4.1322934283886744e-07
0.8139242656775404 4.046019249463068e-07
0.8163252222134623 3.961938293669225e-07
0.8187261787493842 3.879973885341539e-07
0.8211271352853062 3.800052772334473e-07
0.8235280918212281 3.7221049487893535e-07
0.8259290483571501 3.6460634683683966e-07
0.8283300048930721 3.5718642962323525e-07
0.830730961428994 3.499446149917015e-07
0.8331319179649159 3.4287503578733147e-07
0.8355328745008379 3.359720725215273e-07
0.8379338310367599 3.2923034074649427e-07
0.8403347875726818 3.226446791896149e-07
0.8427357441086037 3.162101385563988e-07
0.8451367006445257 3.0992197103798044e-07
0.8475376571804476 3.0377562034044084e-07
0.8499386137163696 2.9776671238358245e-07
0.8523395702522916 2.9189104645683995e-07
0.8547405267882134 2.8614458690171004e-07
0.8571414833241354 2.8052345525439964e-07
0.8595424398600574 2.7502392282410077e-07
0.8619433963959793 2.6964240367946225e-07
0.8643443529319013 2.643754480177694e-07
0.8667453094678232 2.5921973589307597e-07
0.8691462660037451 2.541720712812594e-07
0.8715472225396671 2.492293764612638e-07
0.8739481790755891 2.4438868668392937e-07
0.8763491356115111 2.3964714518047913e-07
0.8787500921474329 2.3500199828030408e-07
0.8811510486833549 2.3045059093463976e-07
0.8835520052192769 2.2599036260294475e-07
0.8859529617551988 2.2161884270399368e-07
0.8883539182911208 2.1733364722215914e-07
0.8907548748270427 2.131324747854895e-07
0.8931558313629646 2.0901310321704184e-07
0.8955567878988866 2.0497338621132457e-07
0.8979577444348086 2.010112501762611e-07
0.9003587009707305 1.9712469122220586e-07
0.9027596575066524 1.9331177230377637e-07
0.9051606140425744 1.895706204956936e-07
0.9075615705784963 1.8589942439928296e-07
0.9099625271144183 1.8229643167187467e-07
0.9123634836503403 1.7875994667249695e-07
0.9147644401862621 1.7528832821757465e-07
0.9171653967221841 1.7187998744085644e-07
0.9195663532581061 1.6853338575197837e-07
0.921967309794028 1.6524703288850356e-07
0.92436826632995 1.6201948505623457e-07
0.9267692228658719 1.5884934315560686e-07
0.9291701794017939 1.5573525108229785e-07
0.9315711359377158 1.5267589411119755e-07
0.9339720924736378 1.496699973452746e-07
0.9363730490095598 1.4671632423739256e-07
0.9387740055454816 1.4381367517291215e-07
0.9411749620814036 1.4096088611669626e-07
0.9435759186173256 1.381568273172243e-07
0.9459768751532475 1.3540040206647203e-07
0.9483778316891694 1.3269054551260965e-07
0.9507787882250914 1.300262235229694e-07
0.9531797447610133 1.2740643159477875e-07
0.9555807012969353 1.2483019381140603e-07
0.9579816578328573 1.2229656184182594e-07
0.9603826143687791 1.1980461398141145e-07
0.9627835709047011 1.1735345423382763e-07
0.9651845274406231 1.1494221143616257e-07
0.967585483976545 1.1257003837974392e-07
0.969986440512467 1.1023611104072762e-07
0.972387397048389 1.0793962778170784e-07
0.9747883535843109 1.0567980859162396e-07
0.9771893101202328 1.0345589438497819e-07
0.9795902666561548 1.0126714629913768e-07
0.9819912231920768 9.911284503562393e-08
0.9843921797279986 9.699229021876404e-08
0.9867931362639206 9.490479978570576e-08
0.9891940927998426 9.28497093908362e-08
0.9915950493357645 9.082637184327602e-08
0.9939960058716865 8.883415655791315e-08
0.9963969624076084 8.687244903344217e-08
0.9987979189435303 8.494065034070163e-08
1.0011988754794523 8.303817664044605e-08
1.0035998320153743 8.11644587131283e-08
1.0060007885512963 7.931894150715924e-08
1.0084017450872182 7.750108370383956e-08
1.01080270162314 7.571035729811823e-08
1.013203658159062 7.394624719457005e-08
1.015604614694984 7.220825081784358e-08
1.018005571230906 7.049587773712228e-08
1.020406527766828 6.880864930398827e-08
1.02280748430275 6.714609830296789e-08
1.0252084408386717 6.550776861189184e-08
1.0276093973745937 6.389321488952553e-08
1.0300103539105157 6.230200223668707e-08
1.0324113104464376 6.073370591632521e-08
1.0348122669823596 5.9187911051867244e-08
1.0372132235182816 5.766421234416163e-08
1.0396141800542034 5.6162213799803954e-08
1.0420151365901253 5.4681528467117847e-08
1.0444160931260473 5.322177818145078e-08
1.0468170496619693 5.1782593318834266e-08
1.0492180061978913 5.0363612557848946e-08
1.0516189627338133 4.8964482649607026e-08
1.0540199192697353 4.7584858195103306e-08
1.056420875805657 4.622440142996013e-08
1.058821832341579 4.488278201618477e-08
1.061222788877501 4.3559676840697694e-08
1.063623745413423 4.2254764764437555e-08
1.066024701949345 4.09677517132557e-08
1.068425658485267 3.9698319936108204e-08
1.0708266150211887 3.8446178387382706e-08
1.0732275715571107 3.7211037275983064e-08
1.0756285280930327 3.599261295547974e-08
1.0780294846289546 3.479062776109432e-08
1.0804304411648766 3.360480986159695e-08
1.0828313977007986 3.243489310609347e-08
1.0852323542367204 3.1280616859359206e-08
1.0876333107726424 3.014172588875961e-08
1.0900342673085643 2.9017970197456508e-08
1.0924352238444863 2.7909104964284994e-08
1.0948361803804083 2.6814890273400534e-08
1.0972371369163303 2.5735091127407888e-08
1.0996380934522523 2.466947726094023e-08
1.102039049988174 2.3617823032977292e-08
1.104440006524096 2.257990731349352e-08
1.106840963060018 2.1555513372427663e-08
1.10924191959594 2.0544428771799778e-08
1.111642876131862 1.9546434237626667e-08
1.114043832667784 1.856135867638253e-08
1.1164447892037057 1.7588968840235716e-08
1.1188457457396277 1.6629079467425148e-08
1.1212467022755497 1.5681498071170875e-08
1.1236476588114717 1.474603587285959e-08
1.1260486153473936 1.3822507691489568e-08
1.1284495718833156 1.2910731972569575e-08
1.1308505284192374 1.2010530476436311e-08
1.1332514849551594 1.1121728426661095e-08
1.1356524414910814 1.0244154317097802e-08
1.1380533980270033 9.377639847689873e-09
1.1404543545629253 8.522019904788123e-09
1.1428553110988473 7.677132381195156e-09
1.1452562676347693 6.842818211097222e-09
1.147657224170691 6.0189212561177944e-09
1.150058180706613 5.205288238676302e-09
1.152459137242535 4.4017686859051734e-09
1.154860093778457 3.6082148647580633e-09
1.157261050314379 2.824481716740032e-09
1.159662006850301 2.050426804544558e-09
1.1620629633862227 1.2859102512473392e-09
1.1644639199221447 5.307946838590556e-10
1.1668648764580667 -2.150548209936063e-10
1.1692658329939887 -9.5177079083771e-10
1.1716667895299107 -1.6794834093751748e-09
1.1740677460658326 -2.398320567150301e-09
1.1764687026017544 -3.108407910979087e-09
1.1788696591376764 -3.80986889207371e-09
1.1812706156735984 -4.502824812971919e-09
1.1836715722095204 -5.1873948735406095e-09
1.1860725287454423 -5.863696211410854e-09
1.1884734852813643 -6.5318439561354485e-09
1.1908744418172863 -7.191951259459559e-09
1.193275398353208 -7.844129342368005e-09
1.19567635488913 -8.488487535245467e-09
1.198077311425052 -9.125133323470262e-09
