0.5038716357254187 0.0
0.5063688869564299 0.0
0.5088661381874411 0.0
0.5113633894184523 0.0
0.5138606406494635 0.0
0.5163578918804747 0.0
0.5188551431114858 0.0
0.521352394342497 0.0
0.5238496455735082 0.0
0.5263468968045194 0.0
0.5288441480355306 0.0
0.5313413992665418 0.0
0.533838650497553 0.0
0.5363359017285642 0.0
0.5388331529595753 0.0
0.5413304041905864 0.0
0.5438276554215977 0.0
0.5463249066526088 0.0
0.54882215788362 0.0
0.5513194091146312 0.0
0.5538166603456424 0.0
0.5563139115766536 0.0
0.5588111628076647 0.0
0.5613084140386759 0.0
0.5638056652696871 0.0
0.5663029165006983 0.0
0.5688001677317095 0.0
0.5712974189627207 0.0
0.5737946701937319 0.0
0.5762919214247431 0.0
0.5787891726557542 0.0
0.5812864238867654 0.0
0.5837836751177766 0.0
0.5862809263487878 0.0
0.588778177579799 0.0
0.5912754288108102 0.0
0.5937726800418214 0.0
0.5962699312728326 0.0
0.5987671825038438 0.0
0.6012644337348549 0.0
0.6037616849658661 0.0
0.6062589361968773 0.0
0.6087561874278885 0.0
0.6112534386588997 0.0
0.6137506898899109 0.0
0.6162479411209221 0.0
0.6187451923519331 0.0
0.6212424435829444 0.0
0.6237396948139555 0.0
0.6262369460449668 0.0
0.6287341972759779 0.0
0.6312314485069892 0.0
0.6337286997380003 0.0
0.6362259509690115 0.0
0.6387232022000227 0.0
0.6412204534310338 0.0
0.643717704662045 0.0
0.6462149558930562 0.0
0.6487122071240674 0.0
0.6512094583550786 0.0
0.6537067095860898 0.0
0.656203960817101 0.0
0.6587012120481122 0.0
0.6611984632791233 0.0
0.6636957145101345 0.0
0.6661929657411457 0.0
0.6686902169721569 0.0
0.6711874682031681 0.0
0.6736847194341793 0.0
0.6761819706651905 0.0
0.6786792218962017 0.0
0.6811764731272129 0.0
0.683673724358224 0.0
0.6861709755892352 0.0
0.6886682268202464 0.0
0.6911654780512576 0.0
0.6936627292822688 0.0
0.6961599805132799 0.0
0.6986572317442912 0.0
0.7011544829753023 0.0
0.7036517342063136 0.0
0.7061489854373246 0.0
0.7086462366683359 0.0
0.711143487899347 0.0
0.7136407391303583 0.0
0.7161379903613694 0.0
0.7186352415923806 0.0
0.7211324928233918 0.0
0.723629744054403 0.0
0.7261269952854141 0.0
0.7286242465164253 0.0
0.7311214977474365 0.0
0.7336187489784477 0.0
0.7361160002094589 0.0
0.7386132514404701 0.0
0.7411105026714813 0.0
0.7436077539024925 0.0
0.7461050051335036 0.0
0.7486022563645148 7.557379641926264e-06
0.751099507595526 1.4313748489981642e-05
0.7535967588265372 1.8134014292285003e-05
0.7560940100575484 2.0799880101082465e-05
0.7585912612885596 2.278696171870716e-05
0.7610885125195708 2.4313413555671668e-05
0.763585763750582 2.5502597138815636e-05
0.7660830149815931 2.643287414347347e-05
0.7685802662126042 2.7157874740880612e-05
0.7710775174436155 2.7716263214096505e-05
0.7735747686746266 2.8137007929648693e-05
0.7760720199056379 2.8442467685474644e-05
0.778569271136649 2.8650314536059706e-05
0.7810665223676603 2.8774791055362937e-05
0.7835637735986714 2.8827564895681305e-05
0.7860610248296827 2.8818328343879637e-05
0.7885582760606937 2.875523022059504e-05
0.791055527291705 2.8645194021968255e-05
0.7935527785227161 2.8494156783367276e-05
0.7960500297537274 2.8307251411623957e-05
0.7985472809847385 2.8088947897082447e-05
0.8010445322157498 2.7843164092471576e-05
0.8035417834467609 2.7573353622459746e-05
0.806039034677772 2.7282576374879686e-05
0.8085362859087832 2.697355556554646e-05
0.8110335371397944 2.6648724342307983e-05
0.8135307883708056 2.6310264160044567e-05
0.8160280396018168 2.596013662556091e-05
0.818525290832828 2.5600110119273552e-05
0.8210225420638392 2.523178220851968e-05
0.8235197932948504 2.4856598647239474e-05
0.8260170445258616 2.4475869589246163e-05
0.8285142957568727 2.4090783513543154e-05
0.8310115469878839 2.370241926034132e-05
0.8335087982188951 2.3311756498451035e-05
0.8360060494499063 2.2919684883358046e-05
0.8385033006809175 2.252701211668341e-05
0.8410005519119287 2.213447107899358e-05
0.8434978031429399 2.1742726176893526e-05
0.845995054373951 2.1352379020352072e-05
0.8484923056049622 2.0963973526005672e-05
0.8509895568359733 2.0578000525786407e-05
0.8534868080669846 2.0194901946857825e-05
0.8559840592979957 1.981507461792414e-05
0.858481310529007 1.9438873748028254e-05
0.8609785617600181 1.906661611660245e-05
0.8634758129910294 1.869858300748112e-05
0.8659730642220405 1.8335022914589615e-05
0.8684703154530518 1.797615404289265e-05
0.8709675666840628 1.7622166624766334e-05
0.8734648179150741 1.727322506911909e-05
0.8759620691460852 1.6929469958229365e-05
0.8784593203770965 1.6591019905302532e-05
0.8809565716081076 1.6257973284112586e-05
0.8834538228391188 1.5930409840722213e-05
0.88595107407013 1.5608392196126328e-05
0.8884483253011412 1.529196724769818e-05
0.8909455765321523 1.4981167476500959e-05
0.8934428277631635 1.4676012166837106e-05
0.8959400789941747 1.4376508543819183e-05
0.8984373302251859 1.4082652834242943e-05
0.9009345814561971 1.3794431255609239e-05
0.9034318326872083 1.351182093776653e-05
0.9059290839182195 1.3234790781317382e-05
0.9084263351492307 1.2963302256644495e-05
0.9109235863802418 1.2697310147155398e-05
0.913420837611253 1.2436763240117777e-05
0.9159180888422642 1.218160496825004e-05
0.9184153400732754 1.193177400504598e-05
0.9209125913042866 1.1687204816640456e-05
0.9234098425352978 1.1447828172865783e-05
0.925907093766309 1.121357162000151e-05
0.92840434499732 1.0984359917584695e-05
0.9309015962283314 1.0760115441518482e-05
0.9333988474593424 1.0540758555597429e-05
0.9358960986903537 1.0326207953452675e-05
0.9383933499213648 1.0116380972813322e-05
0.9408906011523761 9.911193883876255e-06
0.9433878523833872 9.710562153480408e-06
0.9458851036143985 9.514400686686513e-06
0.9483823548454096 9.322624047276468e-06
0.9508796060764209 9.13514665859971e-06
0.9533768573074319 8.9518829861148e-06
0.9558741085384432 8.772747702895697e-06
0.9583713597694543 8.597655839299773e-06
0.9608686110004656 8.426522917923215e-06
0.9633658622314767 8.25926507490358e-06
0.9658631134624879 8.09579916856453e-06
0.9683603646934991 7.936042876338005e-06
0.9708576159245103 7.779914780840483e-06
0.9733548671555214 7.627334445926089e-06
0.9758521183865326 7.478222483486473e-06
0.9783493696175438 7.332500611718832e-06
0.980846620848555 7.190091705536186e-06
0.9833438720795662 7.050919839750026e-06
0.9858411233105774 6.9149103256139165e-06
0.9883383745415886 6.781989741276554e-06
0.9908356257725998 6.652085956656408e-06
0.993332877003611 6.525128153214208e-06
0.9958301282346221 6.401046839066836e-06
0.9983273794656333 6.279773859855231e-06
1.0008246306966444 6.161242405749247e-06
1.0033218819276557 6.045387014945318e-06
1.005819133158667 5.932143573986878e-06
1.008316384389678 5.821449315213305e-06
1.0108136356206892 5.71324281162028e-06
1.0133108868517005 5.607463969393905e-06
1.0158081380827118 5.5040540183603145e-06
1.0183053893137228 5.402955500574417e-06
1.020802640544734 5.304112257253992e-06
1.0232998917757452 5.20746941424933e-06
1.0257971430067563 5.112973366223203e-06
1.0282943942377676 5.020571759702072e-06
1.0307916454687787 4.930213475146748e-06
1.0332888966997897 4.841848608177641e-06
1.035786147930801 4.7554284500794685e-06
1.0382833991618123 4.670905467698789e-06
1.0407806503928234 4.588233282838859e-06
1.0432779016238345 4.507366651246332e-06
1.0457751528548458 4.428261441276728e-06
1.048272404085857 4.3508746123174035e-06
1.0507696553168682 4.275164193039259e-06
1.0532669065478792 4.20108925954259e-06
1.0557641577788905 4.128609913455215e-06
1.0582614090099018 4.0576872600363895e-06
1.060758660240913 3.988283386333919e-06
1.063255911471924 3.920361339437292e-06
1.0657531627029353 3.8538851048654955e-06
1.0682504139339466 3.788819585123577e-06
1.0707476651649577 3.725130578458333e-06
1.0732449163959688 3.662784757840309e-06
1.07574216762698 3.6017496501956575e-06
1.0782394188579913 3.5419936159087752e-06
1.0807366700890024 3.4834858286138634e-06
1.0832339213200135 3.4261962552908038e-06
1.0857311725510248 3.3700956366791006e-06
1.088228423782036 3.315155468020864e-06
1.0907256750130472 3.2613479801424536e-06
1.0932229262440583 3.2086461208822882e-06
1.0957201774750696 3.1570235368712562e-06
1.0982174287060809 3.1064545556701206e-06
1.100714679937092 3.056914168267562e-06
1.103211931168103 3.0083780119409675e-06
1.105709182399114 2.960822353481326e-06
1.1082064336301254 2.914224072782302e-06
1.1107036848611367 2.8685606467930563e-06
1.1132009360921478 2.8238101338332638e-06
1.1156981873231588 2.7799511582684414e-06
1.1181954385541701 2.7369628955427694e-06
1.1206926897851814 2.6948250575662523e-06
1.1231899410161925 2.6535178784525764e-06
1.1256871922472036 2.6130221006033512e-06
1.128184443478215 2.573318961134492e-06
1.1306816947092262 2.5343901786397136e-06
1.1331789459402373 2.496217940286176e-06
1.1356761971712483 2.458784889236825e-06
1.1381734484022596 2.422074112394014e-06
1.140670699633271 2.386069128458636e-06
1.143167950864282 2.3507538762988933e-06
1.145665202095293 2.316112703622792e-06
1.1481624533263044 2.2821303559483265e-06
1.1506597045573157 2.2487919658652877e-06
1.1531569557883268 2.216083042582387e-06
1.1556542070193379 2.1839894617537377e-06
1.1581514582503492 2.1524974555784218e-06
1.1606487094813605 2.121593603166967e-06
1.1631459607123715 2.0912648211686302e-06
1.1656432119433826 2.0614983546533434e-06
1.168140463174394 2.0322817682423043e-06
1.1706377144054052 2.0036029374811966e-06
1.1731349656364163 1.975450040450066e-06
1.1756322168674274 1.9478115496039795e-06
1.1781294680984387 1.9206762238387574e-06
1.18062671932945 1.894033100775931e-06
1.183123970560461 1.8678714892614288e-06
1.1856212217914721 1.8421809620723528e-06
1.1881184730224832 1.8169513488264914e-06
1.1906157242534945 1.7921727290891964e-06
1.1931129754845058 1.7678354256723528e-06
1.1956102267155169 1.7439299981203682e-06
1.198107477946528 1.7204472363780964e-06
1.2006047291775392 1.697378154635791e-06
1.2031019804085505 1.6747139853462972e-06
1.2055992316395616 1.6524461734096867e-06
1.2080964828705727 1.6305663705207983e-06
1.210593734101584 1.6090664296751681e-06
1.2130909853325953 1.587938399828932e-06
1.2155882365636064 1.5671745207083985e-06
1.2180854877946174 1.5467672177651326e-06
1.2205827390256287 1.5267090972724884e-06
1.22307999025664 1.5069929415595039e-06
1.2255772414876511 1.487611704378417e-06
1.2280744927186622 1.468558506401877e-06
1.2305717439496735 1.4498266308462817e-06
1.2330689951806848 1.431409519217607e-06
1.2355662464116959 1.413300767176203e-06
1.238063497642707 1.3954941205172014e-06
1.2405607488737183 1.3779834712632183e-06
1.2430580001047296 1.3607628538661115e-06
1.2455552513357406 1.3438264415146691e-06
1.2480525025667517 1.3271685425452033e-06
1.250549753797763 1.3107835969520682e-06
1.2530470050287743 1.2946661729952107e-06
1.2555442562597854 1.2788109639019812e-06
1.2580415074907965 1.2632127846604863e-06
1.2605387587218078 1.247866568901805e-06
1.2630360099528188 1.2327673658685583e-06
1.2655332611838301 1.217910337467252e-06
1.2680305124148412 1.2032907554020721e-06
1.2705277636458523 1.1889039983877082e-06
1.2730250148768636 1.1747455494389114e-06
1.275522266107875 1.1608109932346473e-06
1.278019517338886 1.1470960135545896e-06
1.280516768569897 1.1335963907859361e-06
1.2830140198009083 1.1203079994984516e-06
1.2855112710319196 1.1072268060858383e-06
1.2880085222629307 1.0943488664714656e-06
1.2905057734939418 1.0816703238765954e-06
1.293003024724953 1.0691874066493455e-06
1.2955002759559644 1.0568964261526103e-06
1.2979975271869755 1.0447937747092148e-06
1.3004947784179866 1.032875923602713e-06
1.3029920296489979 1.0211394211321924e-06
1.3054892808800092 1.0095808907195043e-06
1.3079865321110202 9.981970290674945e-07
1.3104837833420313 9.869846043676816e-07
1.3129810345730426 9.759404545560103e-07
1.315478285804054 9.650614856153214e-07
1.317975537035065 9.543446699231563e-07
1.320472788266076 9.437870446436108e-07
1.3229700394970874 9.333857101620222e-07
1.3254672907280987 9.231378285611912e-07
1.3279645419591097 9.130406221380507e-07
1.3304617931901208 9.03091371959537e-07
1.332959044421132 8.932874164566134e-07
1.3354562956521434 8.836261500553363e-07
1.3379535468831545 8.741050218439348e-07
1.3404507981141656 8.647215342748405e-07
1.3429480493451769 8.55473241900731e-07
1.345445300576188 8.463577501436106e-07
1.3479425518071992 8.37372714095983e-07
1.3504398030382103 8.285158373532073e-07
1.3529370542692214 8.197848708762107e-07
1.3554343055002327 8.111776118836517e-07
1.357931556731244 8.026919027727212e-07
1.360428807962255 7.943256300678182e-07
1.3629260591932661 7.860767233962665e-07
1.3654233104242774 7.779431544903622e-07
1.3679205616552887 7.699229362149863e-07
1.3704178128862998 7.62014121620124e-07
1.372915064117311 7.542148030175143e-07
1.3754123153483222 7.465231110808561e-07
1.3779095665793335 7.389372139688717e-07
1.3804068178103446 7.314553164705695e-07
1.3829040690413557 7.240756591721714e-07
1.385401320272367 7.167965176450412e-07
1.3878985715033783 7.096162016540659e-07
1.3903958227343893 7.025330543859333e-07
1.3928930739654004 6.955454516967562e-07
1.3953903251964117 6.886518013785001e-07
1.397887576427423 6.818505424437367e-07
1.400384827658434 6.751401444282011e-07
1.4028820788894452 6.685191067106648e-07
1.4053793301204565 6.619859578496714e-07
1.4078765813514678 6.555392549366856e-07
1.4103738325824788 6.491775829651816e-07
1.41287108381349 6.428995542152611e-07
1.4153683350445012 6.367038076534112e-07
1.4178655862755125 6.30589008346934e-07
1.4203628375065236 6.245538468927193e-07
1.4228600887375347 6.18597038859918e-07
1.4253573399685457 6.127173242462068e-07
1.427854591199557 6.069134669472449e-07
1.4303518424305683 6.011842542389425e-07
1.4328490936615794 5.95528496272311e-07
1.4353463448925905 5.899450255804206e-07
1.4378435961236018 5.844326965972479e-07
1.440340847354613 5.789903851880759e-07
1.4428380985856242 5.73616988191113e-07
1.4453353498166353 5.683114229700744e-07
1.4478326010476466 5.630726269774198e-07
1.4503298522786578 5.57899557327962e-07
1.452827103509669 5.527911903826177e-07
1.45532435474068 5.477465213419644e-07
1.4578216059716913 5.427645638494267e-07
1.4603188572027026 5.378443496037841e-07
1.4628161084337137 5.329849279808044e-07
1.4653133596647248 5.281853656637087e-07
1.467810610895736 5.234447462823281e-07
1.4703078621267474 5.187621700606248e-07
1.4728051133577584 5.141367534724633e-07
1.4753023645887695 5.095676289053396e-07
1.4777996158197808 5.050539443319145e-07
1.480296867050792 5.00594862989151e-07
1.4827941182818032 4.961895630648082e-07
1.4852913695128143 4.918372373912044e-07
1.4877886207438256 4.875370931459571e-07
1.4902858719748369 4.832883515595895e-07
1.492783123205848 4.790902476298374e-07
1.495280374436859 4.7494202984244086e-07
1.4977776256678703 4.708429598982783e-07
1.5002748768988816 4.667923124467149e-07
1.5027721281298927 4.6278937482497476e-07
1.5052693793609038 4.5883344680337146e-07
1.507766630591915 4.549238403363201e-07
1.5102638818229261 4.5105987931890854e-07
1.5127611330539374 4.4724089934893713e-07
1.5152583842849485 4.4346624749428537e-07
1.5177556355159598 4.39735282065459e-07
1.520252886746971 4.3604737239320766e-07
1.5227501379779822 4.324018986110803e-07
1.5252473892089933 4.2879825144278577e-07
1.5277446404400046 4.2523583199427383e-07
1.5302418916710157 4.2171405155038423e-07
1.532739142902027 4.182323313759812e-07
1.535236394133038 4.1479010252143965e-07
1.5377336453640493 4.1138680563241066e-07
1.5402308965950604 4.0802189076371937e-07
1.5427281478260717 4.04694817197334e-07
1.5452253990570828 4.0140505326430016e-07
1.5477226502880939 3.9815207617051426e-07
1.5502199015191052 3.949353718262926e-07
1.5527171527501162 3.9175443467960893e-07
1.5552144039811275 3.8860876755292237e-07
1.5577116552121386 3.854978814835264e-07
1.56020890644315 3.824212955672966e-07
1.562706157674161 3.7937853680582165e-07
1.5652034089051723 3.763691399567479e-07
1.5677006601361834 3.7339264738735717e-07
1.5701979113671947 3.704486089312239e-07
1.5726951625982057 3.675365817479276e-07
1.575192413829217 3.646561301857268e-07
1.5776896650602281 3.618068256471331e-07
1.5801869162912394 3.589882464573149e-07
1.5826841675222505 3.5619997773526165e-07
1.5851814187532618 3.534416112676598e-07
1.5876786699842729 3.5071274538538665e-07
1.5901759212152842 3.4801298484260014e-07
1.5926731724462952 3.453419406983391e-07
1.5951704236773065 3.42699230200572e-07
1.5976676749083176 3.400844766726699e-07
1.600164926139329 3.3749730940220357e-07
1.60266217737034 3.349373635320439e-07
1.6051594286013513 3.3240427995371076e-07
1.6076566798323624 3.298977052029075e-07
1.6101539310633737 3.2741729135717725e-07
1.6126511822943848 3.249626959356868e-07
1.615148433525396 3.225335818010213e-07
1.6176456847564071 3.2012961706299726e-07
1.6201429359874184 3.1775047498441674e-07
1.6226401872184295 3.1539583388874265e-07
1.6251374384494406 3.1306537706962685e-07
1.6276346896804519 3.107587927022714e-07
1.630131940911463 3.084757737565747e-07
1.6326291921424743 3.0621601791201276e-07
1.6351264433734853 3.0397922747423104e-07
1.6376236946044966 3.0176510929330716e-07
1.6401209458355077 2.995733746836367e-07
1.642618197066519 2.9740373934541036e-07
1.64511544829753 2.9525592328766853e-07
1.6476126995285414 2.931296507528521e-07
1.6501099507595525 2.9102465014287244e-07
1.6526072019905638 2.8894065394661727e-07
1.6551044532215748 2.8687739866889924e-07
1.6576017044525861 2.848346247607853e-07
1.6600989556835972 2.82812076551307e-07
1.6625962069146085 2.808095021804911e-07
1.6650934581456196 2.788266535337068e-07
1.667590709376631 2.768632861772819e-07
1.670087960607642 2.749191592953779e-07
1.6725852118386533 2.729940356280847e-07
1.6750824630696644 2.7108768141070746e-07
1.6775797143006757 2.691998663142343e-07
1.6800769655316867 2.673303633869462e-07
1.682574216762698 2.654789489971384e-07
1.685071467993709 2.636454027769602e-07
1.6875687192247204 2.6182950756731e-07
1.6900659704557315 2.6003104936379094e-07
1.6925632216867428 2.5824981726369554e-07
1.6950604729177539 2.564856034139957e-07
1.6975577241487652 2.547382029603182e-07
1.7000549753797762 2.5300741399688975e-07
1.7025522266107873 2.512930375174206e-07
1.7050494778417986 2.495948773669209e-07
1.7075467290728097 2.479127401944132e-07
1.710043980303821 2.4624643540654533e-07
1.712541231534832 2.4459577512205806e-07
1.7150384827658434 2.429605741271098e-07
1.7175357339968544 2.413406498314368e-07
1.7200329852278657 2.397358222253202e-07
1.7225302364588768 2.3814591383736163e-07
1.7250274876898881 2.3657074969302944e-07
1.7275247389208992 2.3501015727398413e-07
1.7300219901519105 2.3346396647814418e-07
1.7325192413829216 2.3193200958048668e-07
1.7350164926139329 2.3041412119457398e-07
1.737513743844944 2.289101382347835e-07
1.7400109950759552 2.2741989987922228e-07
1.7425082463069663 2.259432475333259e-07
1.7450054975379776 2.2448002479411672e-07
1.7475027487689887 2.2303007741510927e-07
1.75 2.2159325327185886e-07
