0.5038716357254187 0.0
0.5063688869564299 0.0
0.5088661381874411 0.0
0.5113633894184523 0.0
0.5138606406494635 0.0
0.5163578918804747 0.0
0.5188551431114858 0.0
0.521352394342497 0.0
0.5238496455735082 0.0
0.5263468968045194 0.0
0.5288441480355306 0.0
0.5313413992665418 0.0
0.533838650497553 0.0
0.5363359017285642 0.0
0.5388331529595753 0.0
0.5413304041905864 0.0
0.5438276554215977 0.0
0.5463249066526088 0.0
0.54882215788362 0.0
0.5513194091146312 0.0
0.5538166603456424 0.0
0.5563139115766536 0.0
0.5588111628076647 0.0
0.5613084140386759 0.0
0.5638056652696871 0.0
0.5663029165006983 0.0
0.5688001677317095 0.0
0.5712974189627207 0.0
0.5737946701937319 0.0
0.5762919214247431 0.0
0.5787891726557542 0.0
0.5812864238867654 0.0
0.5837836751177766 0.0
0.5862809263487878 0.0
0.588778177579799 0.0
0.5912754288108102 0.0
0.5937726800418214 0.0
0.5962699312728326 0.0
0.5987671825038438 0.0
0.6012644337348549 0.0
0.6037616849658661 0.0
0.6062589361968773 0.0
0.6087561874278885 0.0
0.6112534386588997 0.0
0.6137506898899109 0.0
0.6162479411209221 0.0
0.6187451923519331 0.0
0.6212424435829444 0.0
0.6237396948139555 0.0
0.6262369460449668 0.0
0.6287341972759779 0.0
0.6312314485069892 0.0
0.6337286997380003 0.0
0.6362259509690115 0.0
0.6387232022000227 0.0
0.6412204534310338 0.0
0.643717704662045 0.0
0.6462149558930562 0.0
0.6487122071240674 0.0
0.6512094583550786 0.0
0.6537067095860898 0.0
0.656203960817101 0.0
0.6587012120481122 0.0
0.6611984632791233 0.0
0.6636957145101345 0.0
0.6661929657411457 0.0
0.6686902169721569 0.0
0.6711874682031681 0.0
0.6736847194341793 0.0
0.6761819706651905 0.0
0.6786792218962017 0.0
0.6811764731272129 0.0
0.683673724358224 0.0
0.6861709755892352 0.0
0.6886682268202464 0.0
0.6911654780512576 0.0
0.6936627292822688 0.0
0.6961599805132799 0.0
0.6986572317442912 0.0
0.7011544829753023 0.0
0.7036517342063136 0.0
0.7061489854373246 0.0
0.7086462366683359 0.0
0.711143487899347 0.0
0.7136407391303583 0.0
0.7161379903613694 0.0
0.7186352415923806 0.0
0.7211324928233918 0.0
0.723629744054403 0.0
0.7261269952854141 0.0
0.7286242465164253 0.0
0.7311214977474365 0.0
0.7336187489784477 0.0
0.7361160002094589 0.0
0.7386132514404701 0.0
0.7411105026714813 0.0
0.7436077539024925 0.0
0.7461050051335036 0.0
0.7486022563645148 7.809781811241998e-06
0.751099507595526 1.4833498122984723e-05
0.7535967588265372 1.8847604415650533e-05
0.7560940100575484 2.168422178814702e-05
0.7585912612885596 2.3830779884444988e-05
0.7610885125195708 2.5510191620920755e-05
0.763585763750582 2.6848144452004047e-05
0.7660830149815931 2.792424032328079e-05
0.7685802662126042 2.8792787312814432e-05
0.7710775174436155 2.9492806593444733e-05
0.7735747686746266 3.005342756572504e-05
0.7760720199056379 3.0497045010882672e-05
0.778569271136649 3.084128479574605e-05
0.7810665223676603 3.1100288586657376e-05
0.7835637735986714 3.128558681718024e-05
0.7860610248296827 3.1406711084468784e-05
0.7885582760606937 3.147163530758938e-05
0.791055527291705 3.14871007342679e-05
0.7935527785227161 3.14588600105302e-05
0.7960500297537274 3.139186352961163e-05
0.7985472809847385 3.129040378050126e-05
0.8010445322157498 3.115822859190716e-05
0.8035417834467609 3.099863098018664e-05
0.806039034677772 3.081452115510303e-05
0.8085362859087832 3.060848475043176e-05
0.8110335371397944 3.038283030141394e-05
0.8135307883708056 3.0139628244301563e-05
0.8160280396018168 2.988074317156407e-05
0.818525290832828 2.9607860678018435e-05
0.8210225420638392 2.93225098365877e-05
0.8235197932948504 2.9026082119054923e-05
0.8260170445258616 2.871984740720495e-05
0.8285142957568727 2.840496760912059e-05
0.8310115469878839 2.8082508294104757e-05
0.8335087982188951 2.775344868049146e-05
0.8360060494499063 2.7418690248183078e-05
0.8385033006809175 2.7079064198197793e-05
0.8410005519119287 2.673533794190493e-05
0.8434978031429399 2.6388220770770052e-05
0.845995054373951 2.603836883165839e-05
0.8484923056049622 2.5686389511776316e-05
0.8509895568359733 2.53328453201835e-05
0.8534868080669846 2.4978257338718853e-05
0.8559840592979957 2.4623108303556066e-05
0.858481310529007 2.4267845368967238e-05
0.8609785617600181 2.391288259685846e-05
0.8634758129910294 2.3558603208950038e-05
0.8659730642220405 2.320536163287303e-05
0.8684703154530518 2.2853485368748868e-05
0.8709675666840628 2.250327669886111e-05
0.8734648179150741 2.2155014259686514e-05
0.8759620691460852 2.180895449273093e-05
0.8784593203770965 2.1465332988223365e-05
0.8809565716081076 2.1124365733696586e-05
0.8834538228391188 2.0786250277761024e-05
0.88595107407013 2.045116681791793e-05
0.8884483253011412 2.011927922001521e-05
0.8909455765321523 1.979073597589276e-05
0.8934428277631635 1.9465671104864877e-05
0.8959400789941747 1.914420500392301e-05
0.8984373302251859 1.882644525089149e-05
0.9009345814561971 1.851248736421517e-05
0.9034318326872083 1.820241552258835e-05
0.9059290839182195 1.7896303247233916e-05
0.9084263351492307 1.759421404930304e-05
0.9109235863802418 1.7296202044576316e-05
0.913420837611253 1.7002312537404517e-05
0.9159180888422642 1.6712582575618025e-05
0.9184153400732754 1.6427041477959427e-05
0.9209125913042866 1.614571133544401e-05
0.9234098425352978 1.5868607487926893e-05
0.925907093766309 1.55957389770475e-05
0.92840434499732 1.5327108976631966e-05
0.9309015962283314 1.5062715201554973e-05
0.9333988474593424 1.4802550295997686e-05
0.9358960986903537 1.454660220197986e-05
0.9383933499213648 1.4294854508997045e-05
0.9408906011523761 1.4047286785549375e-05
0.9433878523833872 1.3803874893313363e-05
0.9458851036143985 1.3564591284673133e-05
0.9483823548454096 1.3329405284300902e-05
0.9508796060764209 1.3098283355448069e-05
0.9533768573074319 1.2871189351586378e-05
0.9558741085384432 1.2648084754015289e-05
0.9583713597694543 1.2428928896032584e-05
0.9608686110004656 1.2213679174244791e-05
0.9633658622314767 1.200229124757721e-05
0.9658631134624879 1.1794719224524556e-05
0.9683603646934991 1.159091583916763e-05
0.9708576159245103 1.1390832616463798e-05
0.9733548671555214 1.119442002730431e-05
0.9758521183865326 1.1001627633814607e-05
0.9783493696175438 1.0812404225359322e-05
0.980846620848555 1.0626697945697775e-05
0.9833438720795662 1.0444456411720909e-05
0.9858411233105774 1.0265626824186058e-05
0.9883383745415886 1.0090156070850528e-05
0.9908356257725998 9.917990822391563e-06
0.993332877003611 9.749077621484931e-06
0.9958301282346221 9.583362965400807e-06
0.9983273794656333 9.420793382461941e-06
1.0008246306966444 9.261315502694833e-06
1.0033218819276557 9.104876122991887e-06
1.005819133158667 8.95142226708908e-06
1.008316384389678 8.800901240650898e-06
1.0108136356206892 8.653260681741448e-06
1.0133108868517005 8.508448606949223e-06
1.0158081380827118 8.366413453419995e-06
1.0183053893137228 8.227104117041436e-06
1.020802640544734 8.090469987011437e-06
1.0232998917757452 7.956460977011472e-06
1.0257971430067563 7.82502755319524e-06
1.0282943942377676 7.696120759192812e-06
1.0307916454687787 7.5696922383210404e-06
1.0332888966997897 7.445694253180312e-06
1.035786147930801 7.324079702809871e-06
1.0382833991618123 7.2048021375636425e-06
1.0407806503928234 7.087815771861381e-06
1.0432779016238345 6.973075494960351e-06
1.0457751528548458 6.860536879886031e-06
1.048272404085857 6.750156190652318e-06
1.0507696553168682 6.641890387894031e-06
1.0532669065478792 6.535697133028789e-06
1.0557641577788905 6.431534791057266e-06
1.0582614090099018 6.329362432105973e-06
1.060758660240913 6.229139831809601e-06
1.063255911471924 6.1308274706245815e-06
1.0657531627029353 6.034386532160515e-06
1.0682504139339466 5.939778900610347e-06
1.0707476651649577 5.846967157355242e-06
1.0732449163959688 5.755914576816023e-06
1.07574216762698 5.666585121617864e-06
1.0782394188579913 5.5789434371312045e-06
1.0807366700890024 5.492954845447752e-06
1.0832339213200135 5.408585338846234e-06
1.0857311725510248 5.325801572799859e-06
1.088228423782036 5.244570858573096e-06
1.0907256750130472 5.164861155452857e-06
1.0932229262440583 5.086641062655632e-06
1.0957201774750696 5.0098798109499436e-06
1.0982174287060809 4.934547254029929e-06
1.100714679937092 4.860613859674056e-06
1.103211931168103 4.788050700720113e-06
1.105709182399114 4.716829445885685e-06
1.1082064336301254 4.646922350460887e-06
1.1107036848611367 4.57830224689844e-06
1.1132009360921478 4.510942535323985e-06
1.1156981873231588 4.444817173988112e-06
1.1181954385541701 4.379900669679554e-06
1.1206926897851814 4.316168068117723e-06
1.1231899410161925 4.2535949443413014e-06
1.1256871922472036 4.192157393107811e-06
1.128184443478215 4.131832019318591e-06
1.1306816947092262 4.072595928481577e-06
1.1331789459402373 4.01442671722375e-06
1.1356761971712483 3.957302463863726e-06
1.1381734484022596 3.901201719054239e-06
1.140670699633271 3.8461034965031734e-06
1.143167950864282 3.7919872637809283e-06
1.145665202095293 3.7388329332212726e-06
1.1481624533263044 3.6866208529219926e-06
1.1506597045573157 3.635331797851033e-06
1.1531569557883268 3.584946961062857e-06
1.1556542070193379 3.535447945029746e-06
1.1581514582503492 3.4868167530917226e-06
1.1606487094813605 3.4390357810283935e-06
1.1631459607123715 3.3920878087556317e-06
1.1656432119433826 3.345955992149449e-06
1.168140463174394 3.3006238549991077e-06
1.1706377144054052 3.256075281091083e-06
1.1731349656364163 3.2122945064251346e-06
1.1756322168674274 3.169266111563386e-06
1.1781294680984387 3.1269750141132573e-06
1.18062671932945 3.085406461344373e-06
1.183123970560461 3.0445460229398425e-06
1.1856212217914721 3.0043795838815997e-06
1.1881184730224832 2.9648933374696726e-06
1.1906157242534945 2.9260737784748253e-06
1.1931129754845058 2.887907696423862e-06
1.1956102267155169 2.8503821690168617e-06
1.198107477946528 2.8134845556753248e-06
1.2006047291775392 2.777202491220128e-06
1.2031019804085505 2.7415238796781696e-06
1.2055992316395616 2.706436888216242e-06
1.2080964828705727 2.671929941200834e-06
1.210593734101584 2.6379917143823776e-06
1.2130909853325953 2.6046111292023113e-06
1.2155882365636064 2.571777347221347e-06
1.2180854877946174 2.5394797646672717e-06
1.2205827390256287 2.507708007100624e-06
1.22307999025664 2.4764519241962736e-06
1.2255772414876511 2.4457015846393315e-06
1.2280744927186622 2.4154472711333385e-06
1.2305717439496735 2.3856794755190127e-06
1.2330689951806848 2.356388894001659e-06
1.2355662464116959 2.3275664224852477e-06
1.238063497642707 2.2992031520113498e-06
1.2405607488737183 2.271290364301006e-06
1.2430580001047296 2.243819527397594e-06
1.2455552513357406 2.216782291408766e-06
1.2480525025667517 2.190170484345624e-06
1.250549753797763 2.1639761080571642e-06
1.2530470050287743 2.1381913342581128e-06
1.2555442562597854 2.1128085006482943e-06
1.2580415074907965 2.0878201071216872e-06
1.2605387587218078 2.063218812063261e-06
1.2630360099528188 2.0389974287318473e-06
1.2655332611838301 2.015148921727122e-06
1.2680305124148412 1.9916664035390455e-06
1.2705277636458523 1.968543131177912e-06
1.2730250148768636 1.94577250288321e-06
1.275522266107875 1.9233480549097607e-06
1.278019517338886 1.901263458389216e-06
1.280516768569897 1.8795125162654096e-06
1.2830140198009083 1.8580891603017975e-06
1.2855112710319196 1.8369874481594895e-06
1.2880085222629307 1.8162015605441975e-06
1.2905057734939418 1.7957257984205106e-06
1.293003024724953 1.775554580292064e-06
1.2955002759559644 1.7556824395460162e-06
1.2979975271869755 1.7361040218603283e-06
1.3004947784179866 1.716814082672481e-06
1.3029920296489979 1.6978074847081394e-06
1.3054892808800092 1.6790791955683366e-06
1.3079865321110202 1.6606242853739135e-06
1.3104837833420313 1.642437924465742e-06
1.3129810345730426 1.6245153811594873e-06
1.315478285804054 1.60685201955364e-06
1.317975537035065 1.5894432973894886e-06
1.320472788266076 1.5722847639618136e-06
1.3229700394970874 1.5553720580791625e-06
1.3254672907280987 1.5387009060723854e-06
1.3279645419591097 1.5222671198504339e-06
1.3304617931901208 1.5060665950021524e-06
1.332959044421132 1.4900953089430283e-06
1.3354562956521434 1.4743493191057947e-06
1.3379535468831545 1.4588247611738578e-06
1.3404507981141656 1.4435178473564339e-06
1.3429480493451769 1.4284248647044694e-06
1.345445300576188 1.4135421734663406e-06
1.3479425518071992 1.3988662054823276e-06
1.3504398030382103 1.384393462616916e-06
1.3529370542692214 1.3701205152280933e-06
1.3554343055002327 1.356044000672636e-06
1.357931556731244 1.3421606218465485e-06
1.360428807962255 1.3284671457598332e-06
1.3629260591932661 1.3149604021446868e-06
1.3654233104242774 1.3016372820963617e-06
1.3679205616552887 1.2884947367458491e-06
1.3704178128862998 1.2755297759636815e-06
1.372915064117311 1.2627394670939657e-06
1.3754123153483222 1.2501209337180454e-06
1.3779095665793335 1.2376713544470052e-06
1.3804068178103446 1.2253879617422552e-06
1.3829040690413557 1.213268040763637e-06
1.385401320272367 1.2013089282442697e-06
1.3878985715033783 1.189508011391516e-06
1.3903958227343893 1.1778627268134569e-06
1.3928930739654004 1.1663705594702185e-06
1.3953903251964117 1.155029041649529e-06
1.397887576427423 1.143835751965975e-06
1.400384827658434 1.132788314383327e-06
1.4028820788894452 1.1218843972593732e-06
1.4053793301204565 1.111121712412727e-06
1.4078765813514678 1.1004980142110964e-06
1.4103738325824788 1.090011098680427e-06
1.41287108381349 1.0796588026344525e-06
1.4153683350445012 1.0694390028241888e-06
1.4178655862755125 1.059349615106799e-06
1.4203628375065236 1.0493885936334522e-06
1.4228600887375347 1.0395539300556146e-06
1.4253573399685457 1.0298436527494438e-06
1.427854591199557 1.0202558260577567e-06
1.4303518424305683 1.010788549549125e-06
1.4328490936615794 1.001439957293842e-06
1.4353463448925905 9.922082171561245e-07
1.4378435961236018 9.830915301023357e-07
1.440340847354613 9.740881295247843e-07
1.4428380985856242 9.65196280580689e-07
1.4453353498166353 9.564142795459973e-07
1.4478326010476466 9.47740453183674e-07
1.4503298522786578 9.391731581260893e-07
1.452827103509669 9.307107802712527e-07
1.45532435474068 9.223517341924287e-07
1.4578216059716913 9.140944625609411e-07
1.4603188572027026 9.059374355817625e-07
1.4628161084337137 8.978791504416479e-07
1.4653133596647248 8.89918130769428e-07
1.467810610895736 8.820529261082956e-07
1.4703078621267474 8.74282111399653e-07
1.4728051133577584 8.666042864783891e-07
1.4753023645887695 8.59018075579194e-07
1.4777996158197808 8.515221268537229e-07
1.480296867050792 8.441151118983525e-07
1.4827941182818032 8.367957252921908e-07
1.4852913695128143 8.295626841452548e-07
1.4877886207438256 8.224147276564116e-07
1.4902858719748369 8.153506166809409e-07
1.492783123205848 8.08369133307523e-07
1.495280374436859 8.014690804443401e-07
1.4977776256678703 7.946492814141154e-07
1.5002748768988816 7.879085795579308e-07
1.5027721281298927 7.812458378475593e-07
1.5052693793609038 7.746599385060864e-07
1.507766630591915 7.681497826367413e-07
1.5102638818229261 7.617142898596183e-07
1.5127611330539374 7.553523979561782e-07
1.5152583842849485 7.490630625213451e-07
1.5177556355159598 7.428452566229868e-07
1.520252886746971 7.36697970468648e-07
1.5227501379779822 7.306202110793485e-07
1.5252473892089933 7.246110019702641e-07
1.5277446404400046 7.186693828381873e-07
1.5302418916710157 7.127944092555503e-07
1.532739142902027 7.069851523709067e-07
1.535236394133038 7.012406986156768e-07
1.5377336453640493 6.955601494170806e-07
1.5402308965950604 6.899426209170324e-07
1.5427281478260717 6.843872436969287e-07
1.5452253990570828 6.788931625081865e-07
1.5477226502880939 6.734595360083438e-07
1.5502199015191052 6.680855365026775e-07
1.5527171527501162 6.627703496911576e-07
1.5552144039811275 6.575131744206279e-07
1.5577116552121386 6.523132224421224e-07
1.56020890644315 6.471697181731393e-07
1.562706157674161 6.420818984648696e-07
1.5652034089051723 6.370490123741148e-07
1.5677006601361834 6.320703209399527e-07
1.5701979113671947 6.271450969649165e-07
1.5726951625982057 6.222726248006568e-07
1.575192413829217 6.174522001379633e-07
1.5776896650602281 6.126831298010518e-07
1.5801869162912394 6.079647315460224e-07
1.5826841675222505 6.032963338633866e-07
1.5851814187532618 5.986772757846027e-07
1.5876786699842729 5.941069066924788e-07
1.5901759212152842 5.895845861354195e-07
1.5926731724462952 5.851096836453886e-07
1.5951704236773065 5.806815785595068e-07
1.5976676749083176 5.762996598452466e-07
1.600164926139329 5.719633259290806e-07
1.60266217737034 5.676719845285557e-07
1.6051594286013513 5.634250524877173e-07
1.6076566798323624 5.592219556157925e-07
1.6101539310633737 5.55062128529033e-07
1.6126511822943848 5.50945014495743e-07
1.615148433525396 5.468700652843074e-07
1.6176456847564071 5.428367410142459e-07
1.6201429359874184 5.388445100101668e-07
1.6226401872184295 5.348928486586076e-07
1.6251374384494406 5.309812412676535e-07
1.6276346896804519 5.27109179929308e-07
1.630131940911463 5.232761643845503e-07
1.6326291921424743 5.194817018909965e-07
1.6351264433734853 5.157253070931449e-07
1.6376236946044966 5.120065018951356e-07
1.6401209458355077 5.083248153359582e-07
1.642618197066519 5.046797834670632e-07
1.64511544829753 5.01070949232359e-07
1.6476126995285414 4.97497862350469e-07
1.6501099507595525 4.939600791992888e-07
1.6526072019905638 4.904571627027222e-07
1.6551044532215748 4.869886822195982e-07
1.6576017044525861 4.835542134346902e-07
1.6600989556835972 4.801533382518276e-07
1.6625962069146085 4.767856446890158e-07
1.6650934581456196 4.7345072677556013e-07
1.667590709376631 4.701481844511179e-07
1.670087960607642 4.6687762346667213e-07
1.6725852118386533 4.6363865528736247e-07
1.6750824630696644 4.6043089699713584e-07
1.6775797143006757 4.5725397120520056e-07
1.6800769655316867 4.5410750595422405e-07
1.682574216762698 4.5099113463023203e-07
1.685071467993709 4.479044958742189e-07
1.6875687192247204 4.448472334953722e-07
1.6900659704557315 4.41818996385926e-07
1.6925632216867428 4.388194384375889e-07
1.6950604729177539 4.358482184595165e-07
1.6975577241487652 4.329050000977968e-07
1.7000549753797762 4.299894517564274e-07
1.7025522266107873 4.27101246519732e-07
1.7050494778417986 4.242400620762165e-07
1.7075467290728097 4.214055806438036e-07
1.710043980303821 4.1859748889645287e-07
1.712541231534832 4.158154778921023e-07
1.7150384827658434 4.1305924300192925e-07
1.7175357339968544 4.1032848384090276e-07
1.7200329852278657 4.0762290419958303e-07
1.7225302364588768 4.0494221197716865e-07
1.7250274876898881 4.0228611911573804e-07
1.7275247389208992 3.996543415356957e-07
1.7300219901519105 3.970465990723663e-07
1.7325192413829216 3.94462615413726e-07
1.7350164926139329 3.9190211803926137e-07
1.737513743844944 3.8936483815991777e-07
1.7400109950759552 3.868505106591123e-07
1.7425082463069663 3.843588740348069e-07
1.7450054975379776 3.81889670342612e-07
1.7475027487689887 3.7944264513989043e-07
1.75 3.7701754743086604e-07
