0.5038716357254187 0.0
0.5063688869564299 0.0
0.5088661381874411 0.0
0.5113633894184523 0.0
0.5138606406494635 0.0
0.5163578918804747 0.0
0.5188551431114858 0.0
0.521352394342497 0.0
0.5238496455735082 0.0
0.5263468968045194 0.0
0.5288441480355306 0.0
0.5313413992665418 0.0
0.533838650497553 0.0
0.5363359017285642 0.0
0.5388331529595753 0.0
0.5413304041905864 0.0
0.5438276554215977 0.0
0.5463249066526088 0.0
0.54882215788362 0.0
0.5513194091146312 0.0
0.5538166603456424 0.0
0.5563139115766536 0.0
0.5588111628076647 0.0
0.5613084140386759 0.0
0.5638056652696871 0.0
0.5663029165006983 0.0
0.5688001677317095 0.0
0.5712974189627207 0.0
0.5737946701937319 0.0
0.5762919214247431 0.0
0.5787891726557542 0.0
0.5812864238867654 0.0
0.5837836751177766 0.0
0.5862809263487878 0.0
0.588778177579799 0.0
0.5912754288108102 0.0
0.5937726800418214 0.0
0.5962699312728326 0.0
0.5987671825038438 0.0
0.6012644337348549 0.0
0.6037616849658661 0.0
0.6062589361968773 0.0
0.6087561874278885 0.0
0.6112534386588997 0.0
0.6137506898899109 0.0
0.6162479411209221 0.0
0.6187451923519331 0.0
0.6212424435829444 0.0
0.6237396948139555 0.0
0.6262369460449668 0.0
0.6287341972759779 0.0
0.6312314485069892 0.0
0.6337286997380003 0.0
0.6362259509690115 0.0
0.6387232022000227 0.0
0.6412204534310338 0.0
0.643717704662045 0.0
0.6462149558930562 0.0
0.6487122071240674 0.0
0.6512094583550786 0.0
0.6537067095860898 0.0
0.656203960817101 0.0
0.6587012120481122 0.0
0.6611984632791233 0.0
0.6636957145101345 0.0
0.6661929657411457 0.0
0.6686902169721569 0.0
0.6711874682031681 0.0
0.6736847194341793 0.0
0.6761819706651905 0.0
0.6786792218962017 0.0
0.6811764731272129 0.0
0.683673724358224 0.0
0.6861709755892352 0.0
0.6886682268202464 0.0
0.6911654780512576 0.0
0.6936627292822688 0.0
0.6961599805132799 0.0
0.6986572317442912 0.0
0.7011544829753023 0.0
0.7036517342063136 0.0
0.7061489854373246 0.0
0.7086462366683359 0.0
0.711143487899347 0.0
0.7136407391303583 0.0
0.7161379903613694 0.0
0.7186352415923806 0.0
0.7211324928233918 0.0
0.723629744054403 0.0
0.7261269952854141 0.0
0.7286242465164253 0.0
0.7311214977474365 0.0
0.7336187489784477 0.0
0.7361160002094589 0.0
0.7386132514404701 0.0
0.7411105026714813 0.0
0.7436077539024925 0.0
0.7461050051335036 0.0
0.7486022563645148 3.187117338372854e-06
0.751099507595526 5.756260337141796e-06
0.7535967588265372 6.957551556754432e-06
0.7560940100575484 7.618054059230981e-06
0.7585912612885596 7.971897119796892e-06
0.7610885125195708 8.130304260955574e-06
0.763585763750582 8.157240509053393e-06
0.7660830149815931 8.09337002577641e-06
0.7685802662126042 7.96614265498686e-06
0.7710775174436155 7.79481644733469e-06
0.7735747686746266 7.593254078169327e-06
0.7760720199056379 7.371608295632157e-06
0.778569271136649 7.137399085661521e-06
0.7810665223676603 6.896233443115157e-06
0.7835637735986714 6.652303238352514e-06
0.7860610248296827 6.408739097733364e-06
0.7885582760606937 6.1678674636683176e-06
0.791055527291705 5.93140062049304e-06
0.7935527785227161 5.700579175809278e-06
0.7960500297537274 5.476280136896213e-06
0.7985472809847385 5.259099668627088e-06
0.8010445322157498 5.049416954207266e-06
0.8035417834467609 4.847443781825012e-06
0.806039034677772 4.653263239375701e-06
0.8085362859087832 4.466860026042587e-06
0.8110335371397944 4.288144264108456e-06
0.8135307883708056 4.116970239676215e-06
0.8160280396018168 3.953151165934041e-06
0.818525290832828 3.796470812791508e-06
0.8210225420638392 3.6466926584940332e-06
0.8235197932948504 3.5035670756873604e-06
0.8260170445258616 3.3668369546539498e-06
0.8285142957568727 3.2362420816717324e-06
0.8310115469878839 3.1115225245392912e-06
0.8335087982188951 2.9924212257722075e-06
0.8360060494499063 2.878685963460327e-06
0.8385033006809175 2.7700708077786567e-06
0.8410005519119287 2.666337175768846e-06
0.8434978031429399 2.5672545668084245e-06
0.845995054373951 2.472601045052397e-06
0.8484923056049622 2.382163522208793e-06
0.8509895568359733 2.295737883631219e-06
0.8534868080669846 2.2131289923567433e-06
0.8559840592979957 2.134150598979198e-06
0.858481310529007 2.058625179803229e-06
0.8609785617600181 1.986383721319498e-06
0.8634758129910294 1.9172654654731473e-06
0.8659730642220405 1.8511176273048044e-06
0.8684703154530518 1.7877950941965693e-06
0.8709675666840628 1.72716011405156e-06
0.8734648179150741 1.669081978190345e-06
0.8759620691460852 1.6134367034947913e-06
0.8784593203770965 1.5601067173140544e-06
0.8809565716081076 1.5089805478256317e-06
0.8834538228391188 1.4599525218798648e-06
0.88595107407013 1.4129224718206808e-06
0.8884483253011412 1.3677954523446603e-06
0.8909455765321523 1.324481468115488e-06
0.8934428277631635 1.2828952125756777e-06
0.8959400789941747 1.2429558181794545e-06
0.8984373302251859 1.204586618098986e-06
0.9009345814561971 1.1677149193224056e-06
0.9034318326872083 1.132271786959082e-06
0.9059290839182195 1.0981918394895415e-06
0.9084263351492307 1.065413054639652e-06
0.9109235863802418 1.0338765855171054e-06
0.913420837611253 1.0035265866200066e-06
0.9159180888422642 9.743100493093202e-07
0.9184153400732754 9.461766463275511e-07
0.9209125913042866 9.190785849430354e-07
0.9234098425352978 8.929704683015129e-07
0.925907093766309 8.67809164572826e-07
0.92840434499732 8.435536834899899e-07
0.9309015962283314 8.201650598893025e-07
0.9333988474593424 7.976062438734798e-07
0.9358960986903537 7.758419972340128e-07
0.9383933499213648 7.548387957841421e-07
0.9408906011523761 7.345647372691515e-07
0.9433878523833872 7.149894545364826e-07
0.9458851036143985 6.960840336635205e-07
0.9483823548454096 6.778209367564749e-07
0.9508796060764209 6.601739291485985e-07
0.9533768573074319 6.43118010740751e-07
0.9558741085384432 6.266293512413051e-07
0.9583713597694543 6.106852290760711e-07
0.9608686110004656 5.952639737518627e-07
0.9633658622314767 5.80344911469833e-07
0.9658631134624879 5.659083137965173e-07
0.9683603646934991 5.519353492118384e-07
0.9708576159245103 5.384080373639719e-07
0.9733548671555214 5.253092058711626e-07
0.9758521183865326 5.12622449520083e-07
0.9783493696175438 5.003320917194547e-07
0.980846620848555 4.884231480761165e-07
0.9833438720795662 4.768812919687943e-07
0.9858411233105774 4.6569282200240796e-07
0.9883383745415886 4.548446312328285e-07
0.9908356257725998 4.4432417805875943e-07
0.993332877003611 4.341194586836531e-07
0.9958301282346221 4.242189810565021e-07
0.9983273794656333 4.1461174020591645e-07
1.0008246306966444 4.0528719488706784e-07
1.0033218819276557 3.962352454659976e-07
1.005819133158667 3.874462129703614e-07
1.008316384389678 3.7891081923998164e-07
1.0108136356206892 3.7062016811460027e-07
1.0133108868517005 3.6256572760003825e-07
1.0158081380827118 3.547393129574754e-07
1.0183053893137228 3.4713307066390853e-07
1.020802640544734 3.3973946319495375e-07
1.0232998917757452 3.3255125458409755e-07
1.0257971430067563 3.2556149671521105e-07
1.0282943942377676 3.187635163077199e-07
1.0307916454687787 3.1215090255626675e-07
1.0332888966997897 3.057174953888862e-07
1.035786147930801 2.994573743099156e-07
1.0382833991618123 2.933648477957704e-07
1.0407806503928234 2.8743444321365093e-07
1.0432779016238345 2.816608972349265e-07
1.0457751528548458 2.7603914671663514e-07
1.048272404085857 2.705643200260584e-07
1.0507696553168682 2.65231728784752e-07
1.0532669065478792 2.600368600098219e-07
1.0557641577788905 2.549753686314439e-07
1.0582614090099018 2.500430703668883e-07
1.060758660240913 2.452359349323785e-07
1.063255911471924 2.4055007957518925e-07
1.0657531627029353 2.3598176290939838e-07
1.0682504139339466 2.315273790396154e-07
1.0707476651649577 2.271834519578794e-07
1.0732449163959688 2.2294663019978037e-07
1.07574216762698 2.1881368174658828e-07
1.0782394188579913 2.147814891609324e-07
1.0807366700890024 2.1084704494425762e-07
1.0832339213200135 2.070074471048953e-07
1.0857311725510248 2.032598949262573e-07
1.088228423782036 1.9960168492516544e-07
1.0907256750130472 1.9603020699091787e-07
1.0932229262440583 1.9254294069616574e-07
1.0957201774750696 1.8913745177118684e-07
1.0982174287060809 1.8581138873355465e-07
1.100714679937092 1.8256247966565726e-07
1.103211931168103 1.7938852913290088e-07
1.105709182399114 1.7628741523582484e-07
1.1082064336301254 1.7325708678969487e-07
1.1107036848611367 1.702955606254961e-07
1.1132009360921478 1.674009190065437e-07
1.1156981873231588 1.6457130715524878e-07
1.1181954385541701 1.618049308848418e-07
1.1206926897851814 1.5910005433113287e-07
1.1231899410161925 1.5645499777964382e-07
1.1256871922472036 1.538681355836639e-07
1.128184443478215 1.5133789416903828e-07
1.1306816947092262 1.4886275012168139e-07
1.1331789459402373 1.4644122835402704e-07
1.1356761971712483 1.4407190034680438e-07
1.1381734484022596 1.417533824627238e-07
1.140670699633271 1.3948433432881136e-07
1.143167950864282 1.372634572842996e-07
1.145665202095293 1.3508949289113354e-07
1.1481624533263044 1.329612215042971e-07
1.1506597045573157 1.3087746089930072e-07
1.1531569557883268 1.2883706495428836e-07
1.1556542070193379 1.2683892238437037e-07
1.1581514582503492 1.2488195552588233e-07
1.1606487094813605 1.2296511916838652e-07
1.1631459607123715 1.210873994323422e-07
1.1656432119433826 1.1924781269046266e-07
1.168140463174394 1.1744540453087572e-07
1.1706377144054052 1.1567924876029303e-07
1.1731349656364163 1.139484464454741e-07
1.1756322168674274 1.1225212499135324e-07
1.1781294680984387 1.1058943725427952e-07
1.18062671932945 1.0895956068887956e-07
1.183123970560461 1.0736169652713551e-07
1.1856212217914721 1.057950689883234e-07
1.1881184730224832 1.0425892451852866e-07
1.1906157242534945 1.027525310585102e-07
1.1931129754845058 1.0127517733873655e-07
1.1956102267155169 9.982617220048035e-08
1.198107477946528 9.840484394189771e-08
1.2006047291775392 9.70105396880745e-08
1.2031019804085505 9.564262478406487e-08
1.2055992316395616 9.430048220998751e-08
1.2080964828705727 9.298351201729167e-08
1.210593734101584 9.169113078534348e-08
1.2130909853325953 9.04227710975172e-08
1.2155882365636064 8.917788103601317e-08
1.2180854877946174 8.795592369466115e-08
1.2205827390256287 8.675637670899924e-08
1.22307999025664 8.557873180294157e-08
1.2255772414876511 8.442249435139312e-08
1.2280744927186622 8.328718295817928e-08
1.2305717439496735 8.217232904870174e-08
1.2330689951806848 8.107747647674726e-08
1.2355662464116959 8.000218114490014e-08
1.238063497642707 7.89460106380395e-08
1.2405607488737183 7.790854386941814e-08
1.2430580001047296 7.688937073884267e-08
1.2455552513357406 7.588809180249563e-08
1.2480525025667517 7.490431795395855e-08
1.250549753797763 7.393767011601473e-08
1.2530470050287743 7.298777894282354e-08
1.2555442562597854 7.205428453208151e-08
1.2580415074907965 7.113683614679721e-08
1.2605387587218078 7.023509194632047e-08
1.2630360099528188 6.934871872628777e-08
1.2655332611838301 6.847739166714977e-08
1.2680305124148412 6.762079409097162e-08
1.2705277636458523 6.677861722619969e-08
1.2730250148768636 6.595055998010401e-08
1.275522266107875 6.513632871862185e-08
1.278019517338886 6.433563705333018e-08
1.280516768569897 6.354820563529271e-08
1.2830140198009083 6.277376195553294e-08
1.2855112710319196 6.20120401518988e-08
1.2880085222629307 6.126278082208921e-08
1.2905057734939418 6.05257308426229e-08
1.293003024724953 5.980064319354192e-08
1.2955002759559644 5.908727678864607e-08
1.2979975271869755 5.838539631106343e-08
1.3004947784179866 5.769477205397182e-08
1.3029920296489979 5.7015179766291575e-08
1.3054892808800092 5.6346400503173876e-08
1.3079865321110202 5.568822048112435e-08
1.3104837833420313 5.504043093759583e-08
1.3129810345730426 5.440282799490036e-08
1.315478285804054 5.3775212528293336e-08
1.317975537035065 5.315739003808407e-08
1.320472788266076 5.254917052563789e-08
1.3229700394970874 5.1950368373138895e-08
1.3254672907280987 5.1360802226982796e-08
1.3279645419591097 5.078029488468344e-08
1.3304617931901208 5.020867318516863e-08
1.332959044421132 4.964576790235723e-08
1.3354562956521434 4.9091413641905154e-08
1.3379535468831545 4.854544874101794e-08
1.3404507981141656 4.800771517122445e-08
1.3429480493451769 4.7478058444017935e-08
1.345445300576188 4.695632751926935e-08
1.3479425518071992 4.644237471632084e-08
1.3504398030382103 4.5936055627672057e-08
1.3529370542692214 4.543722903517815e-08
1.3554343055002327 4.494575682867365e-08
1.357931556731244 4.446150392694688e-08
1.360428807962255 4.39843382009886e-08
1.3629260591932661 4.351413039944125e-08
1.3654233104242774 4.3050754076179345e-08
1.3679205616552887 4.259408551995221e-08
1.3704178128862998 4.214400368602577e-08
1.372915064117311 4.17003901297557e-08
1.3754123153483222 4.126312894203638e-08
1.3779095665793335 4.0832106686563765e-08
1.3804068178103446 4.040721233885373e-08
1.3829040690413557 3.998833722696565e-08
1.385401320272367 3.9575374973874016e-08
1.3878985715033783 3.916822144143883e-08
1.3903958227343893 3.876677467592516e-08
1.3928930739654004 3.8370934855024053e-08
1.3953903251964117 3.798060423632776e-08
1.397887576427423 3.7595687107216554e-08
1.400384827658434 3.7216089736112725e-08
1.4028820788894452 3.6841720325060166e-08
1.4053793301204565 3.647248896358957e-08
1.4078765813514678 3.6108307583831485e-08
1.4103738325824788 3.574908991683731e-08
1.41287108381349 3.539475145007314e-08
1.4153683350445012 3.5045209386053044e-08
1.4178655862755125 3.470038260207426e-08
1.4203628375065236 3.4360191611024636e-08
1.4228600887375347 3.4024558523227895e-08
1.4253573399685457 3.3693407009298877e-08
1.427854591199557 3.3366662263977165e-08
1.4303518424305683 3.304425097090841e-08
1.4328490936615794 3.272610126835209e-08
1.4353463448925905 3.2412142715780234e-08
1.4378435961236018 3.210230626134726e-08
1.440340847354613 3.179652421020398e-08
1.4428380985856242 3.149473019362993e-08
1.4453353498166353 3.1196859138962296e-08
1.4478326010476466 3.09028472402975e-08
1.4503298522786578 3.0612631929942976e-08
1.452827103509669 3.0326151850599884e-08
1.45532435474068 3.004334682825192e-08
1.4578216059716913 2.9764157845744615e-08
1.4603188572027026 2.9488527017031965e-08
1.4628161084337137 2.9216397562074566e-08
1.4653133596647248 2.894771378236698e-08
1.467810610895736 2.8682421037082127e-08
1.4703078621267474 2.8420465719809275e-08
1.4728051133577584 2.8161795235874663e-08
1.4753023645887695 2.790635798022423e-08
1.4777996158197808 2.7654103315855218e-08
1.480296867050792 2.7404981552781778e-08
1.4827941182818032 2.71589439275166e-08
1.4852913695128143 2.6915942583059694e-08
1.4877886207438256 2.667593054937507e-08
1.4902858719748369 2.6438861724344617e-08
1.492783123205848 2.6204690855187568e-08
1.495280374436859 2.597337352032947e-08
1.4977776256678703 2.5744866111710103e-08
1.5002748768988816 2.5519125817519783e-08
1.5027721281298927 2.529611060535113e-08
1.5052693793609038 2.507577920575342e-08
1.507766630591915 2.485809109618332e-08
1.5102638818229261 2.4643006485336746e-08
1.5127611330539374 2.443048629785413e-08
1.5152583842849485 2.4220492159389087e-08
1.5177556355159598 2.401298638202982e-08
1.520252886746971 2.3807931950064948e-08
1.5227501379779822 2.360529250608435e-08
1.5252473892089933 2.3405032337405404e-08
1.5277446404400046 2.3207116362817862e-08
1.5302418916710157 2.3011510119637293e-08
1.532739142902027 2.281817975106024e-08
1.535236394133038 2.2627091993812038e-08
1.5377336453640493 2.2438214166081652e-08
1.5402308965950604 2.2251514155733522e-08
1.5427281478260717 2.2066960408791493e-08
1.5452253990570828 2.1884521918187298e-08
1.5477226502880939 2.1704168212765406e-08
1.5502199015191052 2.1525869346539828e-08
1.5527171527501162 2.1349595888195105e-08
1.5552144039811275 2.117531891082511e-08
1.5577116552121386 2.100300998190511e-08
1.56020890644315 2.083264115348862e-08
1.562706157674161 2.0664184952627348e-08
1.5652034089051723 2.049761437200323e-08
1.5677006601361834 2.0332902860773002e-08
1.5701979113671947 2.0170024315615195e-08
1.5726951625982057 2.0008953071977702e-08
1.575192413829217 1.984966389551911e-08
1.5776896650602281 1.969213197373997e-08
1.5801869162912394 1.9536332907798893e-08
1.5826841675222505 1.9382242704508532e-08
1.5851814187532618 1.9229837768508442e-08
1.5876786699842729 1.9079094894608043e-08
1.5901759212152842 1.892999126029835e-08
1.5926731724462952 1.8782504418426333e-08
1.5951704236773065 1.8636612290028173e-08
1.5976676749083176 1.8492293157319117e-08
1.600164926139329 1.8349525656833598e-08
1.60266217737034 1.820828877271397e-08
1.6051594286013513 1.8068561830144087e-08
1.6076566798323624 1.7930324488923425e-08
1.6101539310633737 1.7793556737177983e-08
1.6126511822943848 1.7658238885207192e-08
1.615148433525396 1.7524351559460154e-08
1.6176456847564071 1.739187569664097e-08
1.6201429359874184 1.726079253793827e-08
1.6226401872184295 1.7131083623377282e-08
1.6251374384494406 1.7002730786290398e-08
1.6276346896804519 1.6875716147904265e-08
1.630131940911463 1.6750022112040686e-08
1.6326291921424743 1.6625631359927706e-08
1.6351264433734853 1.6502526845119407e-08
1.6376236946044966 1.6380691788521596e-08
1.6401209458355077 1.62601096735204e-08
1.642618197066519 1.6140764241211534e-08
1.64511544829753 1.6022639485729298e-08
1.6476126995285414 1.5905719649670065e-08
1.6501099507595525 1.5789989219611474e-08
1.6526072019905638 1.5675432921722352e-08
1.6551044532215748 1.556203571746318e-08
1.6576017044525861 1.5449782799373516e-08
1.6600989556835972 1.5338659586946124e-08
1.6625962069146085 1.522865172258393e-08
1.6650934581456196 1.5119745067639525e-08
1.667590709376631 1.5011925698534097e-08
1.670087960607642 1.4905179902955116e-08
1.6725852118386533 1.4799494176130275e-08
1.6750824630696644 1.469485521717581e-08
1.6775797143006757 1.4591249925518467e-08
1.6800769655316867 1.44886653973886e-08
1.682574216762698 1.438708892238263e-08
1.685071467993709 1.4286507980094767e-08
1.6875687192247204 1.4186910236814546e-08
1.6900659704557315 1.4088283542290072e-08
1.6925632216867428 1.3990615926555127e-08
1.6950604729177539 1.3893895596818483e-08
1.6975577241487652 1.3798110934414321e-08
1.7000549753797762 1.3703250491812519e-08
1.7025522266107873 1.360930298968703e-08
1.7050494778417986 1.3516257314041736e-08
1.7075467290728097 1.3424102513391655e-08
1.710043980303821 1.3332827795999577e-08
1.712541231534832 1.3242422527165387e-08
1.7150384827658434 1.3152876226568076e-08
1.7175357339968544 1.3064178565659054e-08
1.7200329852278657 1.2976319365105246e-08
1.7225302364588768 1.2889288592281396e-08
1.7250274876898881 1.28030763588101e-08
1.7275247389208992 1.271767291814917e-08
1.7300219901519105 1.2633068663224564e-08
1.7325192413829216 1.2549254124108191e-08
1.7350164926139329 1.2466219965740035e-08
1.737513743844944 1.2383956985693342e-08
1.7400109950759552 1.2302456111981451e-08
1.7425082463069663 1.2221708400906424e-08
1.7450054975379776 1.2141705034947907e-08
1.7475027487689887 1.2062437320691262e-08
1.75 1.1983896686794894e-08
