0.5038716357254187 0.0
0.5063688869564299 0.0
0.5088661381874411 0.0
0.5113633894184523 0.0
0.5138606406494635 0.0
0.5163578918804747 0.0
0.5188551431114858 0.0
0.521352394342497 0.0
0.5238496455735082 0.0
0.5263468968045194 0.0
0.5288441480355306 0.0
0.5313413992665418 0.0
0.533838650497553 0.0
0.5363359017285642 0.0
0.5388331529595753 0.0
0.5413304041905864 0.0
0.5438276554215977 0.0
0.5463249066526088 0.0
0.54882215788362 0.0
0.5513194091146312 0.0
0.5538166603456424 0.0
0.5563139115766536 0.0
0.5588111628076647 0.0
0.5613084140386759 0.0
0.5638056652696871 0.0
0.5663029165006983 0.0
0.5688001677317095 0.0
0.5712974189627207 0.0
0.5737946701937319 0.0
0.5762919214247431 0.0
0.5787891726557542 0.0
0.5812864238867654 0.0
0.5837836751177766 0.0
0.5862809263487878 0.0
0.588778177579799 0.0
0.5912754288108102 0.0
0.5937726800418214 0.0
0.5962699312728326 0.0
0.5987671825038438 0.0
0.6012644337348549 0.0
0.6037616849658661 0.0
0.6062589361968773 0.0
0.6087561874278885 0.0
0.6112534386588997 0.0
0.6137506898899109 0.0
0.6162479411209221 0.0
0.6187451923519331 0.0
0.6212424435829444 0.0
0.6237396948139555 0.0
0.6262369460449668 0.0
0.6287341972759779 0.0
0.6312314485069892 0.0
0.6337286997380003 0.0
0.6362259509690115 0.0
0.6387232022000227 0.0
0.6412204534310338 0.0
0.643717704662045 0.0
0.6462149558930562 0.0
0.6487122071240674 0.0
0.6512094583550786 0.0
0.6537067095860898 0.0
0.656203960817101 0.0
0.6587012120481122 0.0
0.6611984632791233 0.0
0.6636957145101345 0.0
0.6661929657411457 0.0
0.6686902169721569 0.0
0.6711874682031681 0.0
0.6736847194341793 0.0
0.6761819706651905 0.0
0.6786792218962017 0.0
0.6811764731272129 0.0
0.683673724358224 0.0
0.6861709755892352 0.0
0.6886682268202464 0.0
0.6911654780512576 0.0
0.6936627292822688 0.0
0.6961599805132799 0.0
0.6986572317442912 0.0
0.7011544829753023 0.0
0.7036517342063136 0.0
0.7061489854373246 0.0
0.7086462366683359 0.0
0.711143487899347 0.0
0.7136407391303583 0.0
0.7161379903613694 0.0
0.7186352415923806 0.0
0.7211324928233918 0.0
0.723629744054403 0.0
0.7261269952854141 0.0
0.7286242465164253 0.0
0.7311214977474365 0.0
0.7336187489784477 0.0
0.7361160002094589 0.0
0.7386132514404701 0.0
0.7411105026714813 0.0
0.7436077539024925 0.0
0.7461050051335036 0.0
0.7486022563645148 2.1359254920317788e-07
0.751099507595526 3.739605255206102e-07
0.7535967588265372 4.3930975474280675e-07
0.7560940100575484 4.6860673544242815e-07
0.7585912612885596 4.787387538885723e-07
0.7610885125195708 4.775848695757625e-07
0.763585763750582 4.6951538113349934e-07
0.7660830149815931 4.571771234828966e-07
0.7685802662126042 4.4225688467266255e-07
0.7710775174436155 4.258634690340464e-07
0.7735747686746266 4.0873926093857556e-07
0.7760720199056379 3.9138582217734233e-07
0.778569271136649 3.74142291404871e-07
0.7810665223676603 3.572361886872992e-07
0.7835637735986714 3.4081729498558915e-07
0.7860610248296827 3.2498075561344326e-07
0.7885582760606937 3.097831155652498e-07
0.791055527291705 2.9525360581697424e-07
0.7935527785227161 2.8140217517354347e-07
0.7960500297537274 2.6822525510415033e-07
0.7985472809847385 2.5570992371659786e-07
0.8010445322157498 2.438369262995517e-07
0.8035417834467609 2.3258287132869057e-07
0.806039034677772 2.2192182716957946e-07
0.8085362859087832 2.1182648035853126e-07
0.8110335371397944 2.0226897150420554e-07
0.8135307883708056 1.9322149322242434e-07
0.8160280396018168 1.8465671195896014e-07
0.818525290832828 1.765480593115177e-07
0.8210225420638392 1.6886992666442657e-07
0.8235197932948504 1.6159778831523878e-07
0.8260170445258616 1.547082719103183e-07
0.8285142957568727 1.481791902903757e-07
0.8310115469878839 1.419895453323592e-07
0.8335087982188951 1.361195117428653e-07
0.8360060494499063 1.3055040678039094e-07
0.8385033006809175 1.2526465039204687e-07
0.8410005519119287 1.2024571912217573e-07
0.8434978031429399 1.1547809629525237e-07
0.845995054373951 1.1094722032642356e-07
0.8484923056049622 1.0663943252000283e-07
0.8509895568359733 1.0254192534170381e-07
0.8534868080669846 9.864269186607996e-08
0.8559840592979957 9.493047688525069e-08
0.858481310529007 9.139473000224946e-08
0.8609785617600181 8.802556090995314e-08
0.8634758129910294 8.481369696507168e-08
0.8659730642220405 8.175044309890166e-08
0.8684703154530518 7.882764405690238e-08
0.8709675666840628 7.603764892342029e-08
0.8734648179150741 7.337327786272909e-08
0.8759620691460852 7.082779099049348e-08
0.8784593203770965 6.839485927878982e-08
0.8809565716081076 6.606853739147995e-08
0.8834538228391188 6.384323834381116e-08
0.88595107407013 6.171370987975289e-08
0.8884483253011412 5.967501246206146e-08
0.8909455765321523 5.772249877286825e-08
0.8934428277631635 5.585179462629694e-08
0.8959400789941747 5.405878119893587e-08
0.8984373302251859 5.2339578488670965e-08
0.9009345814561971 5.0690529917254545e-08
0.9034318326872083 4.910818799691558e-08
0.9059290839182195 4.7589300986201546e-08
0.9084263351492307 4.613080046502178e-08
0.9109235863802418 4.472978976347542e-08
0.913420837611253 4.3383533183478904e-08
0.9159180888422642 4.208944595641289e-08
0.9184153400732754 4.0845084883999794e-08
0.9209125913042866 3.964813961337701e-08
0.9234098425352978 3.8496424500859666e-08
0.925907093766309 3.73878710221843e-08
0.92840434499732 3.6320520690112514e-08
0.9309015962283314 3.529251844313901e-08
0.9333988474593424 3.430210647172609e-08
0.9358960986903537 3.334761845096069e-08
0.9383933499213648 3.2427474150839226e-08
0.9408906011523761 3.154017439751105e-08
0.9433878523833872 3.068429636079428e-08
0.9458851036143985 2.985848914509796e-08
0.9483823548454096 2.906146966258401e-08
0.9508796060764209 2.82920187689577e-08
0.9533768573074319 2.7548977643727828e-08
0.9558741085384432 2.683124439810731e-08
0.9583713597694543 2.6137770894963784e-08
0.9608686110004656 2.5467559766365273e-08
0.9633658622314767 2.4819661615323833e-08
0.9658631134624879 2.4193172389308633e-08
0.9683603646934991 2.3587230914003235e-08
0.9708576159245103 2.300101657660823e-08
0.9733548671555214 2.2433747148762543e-08
0.9758521183865326 2.188467673986196e-08
0.9783493696175438 2.135309387221307e-08
0.980846620848555 2.0838319670065467e-08
0.9833438720795662 2.0339706155125737e-08
0.9858411233105774 1.985663464167784e-08
0.9883383745415886 1.9388514224911788e-08
0.9908356257725998 1.8934780356510615e-08
0.993332877003611 1.8494893501953743e-08
0.9958301282346221 1.806833787437856e-08
0.9983273794656333 1.7654620240194552e-08
1.0008246306966444 1.7253268791970897e-08
1.0033218819276557 1.686383208442313e-08
1.005819133158667 1.6485878029605377e-08
1.008316384389678 1.6118992947675673e-08
1.0108136356206892 1.57627806698439e-08
1.0133108868517005 1.541686169033839e-08
1.0158081380827118 1.508087236443404e-08
1.0183053893137228 1.4754464149780386e-08
1.020802640544734 1.4437302888447926e-08
1.0232998917757452 1.4129068127279196e-08
1.0257971430067563 1.3829452474286073e-08
1.0282943942377676 1.353816098898068e-08
1.0307916454687787 1.3254910604663e-08
1.0332888966997897 1.2979429580811858e-08
1.035786147930801 1.2711456983846086e-08
1.0382833991618123 1.245074219462861e-08
1.0407806503928234 1.219704444119115e-08
1.0432779016238345 1.1950132355248962e-08
1.0457751528548458 1.170978355116608e-08
1.048272404085857 1.1475784226112962e-08
1.0507696553168682 1.124792878023459e-08
1.0532669065478792 1.102601945572152e-08
1.0557641577788905 1.080986599374055e-08
1.0582614090099018 1.0599285308247377e-08
1.060758660240913 1.0394101175760109e-08
1.063255911471924 1.0194143940228114e-08
1.0657531627029353 9.999250232183066e-09
1.0682504139339466 9.809262701405499e-09
1.0707476651649577 9.624029762385788e-09
1.0732449163959688 9.443405351901266e-09
1.07574216762698 9.267248698069378e-09
1.0782394188579913 9.095424100274926e-09
1.0807366700890024 8.927800719403442e-09
1.0832339213200135 8.764252377844822e-09
1.0857311725510248 8.604657368763418e-09
1.088228423782036 8.44889827415728e-09
1.0907256750130472 8.296861791257886e-09
1.0932229262440583 8.148438566845293e-09
1.0957201774750696 8.003523039079209e-09
1.0982174287060809 7.862013286466566e-09
1.100714679937092 7.723810883608893e-09
1.103211931168103 7.588820763391107e-09
1.105709182399114 7.45695108529288e-09
1.1082064336301254 7.328113109520045e-09
1.1107036848611367 7.2022210766710276e-09
1.1132009360921478 7.079192092667221e-09
1.1156981873231588 6.958946018692436e-09
1.1181954385541701 6.84140536589852e-09
1.1206926897851814 6.726495194648205e-09
1.1231899410161925 6.614143018078137e-09
1.1256871922472036 6.504278709775738e-09
1.128184443478215 6.396834415375674e-09
1.1306816947092262 6.291744467890336e-09
1.1331789459402373 6.188945306599641e-09
1.1356761971712483 6.088375399333264e-09
1.1381734484022596 5.989975167988311e-09
1.140670699633271 5.893686917132136e-09
1.143167950864282 5.799454765548577e-09
1.145665202095293 5.7072245805925395e-09
1.1481624533263044 5.616943915225019e-09
1.1506597045573157 5.5285619476069065e-09
1.1531569557883268 5.442029423135588e-09
1.1556542070193379 5.357298598814927e-09
1.1581514582503492 5.274323189854102e-09
1.1606487094813605 5.193058318395762e-09
1.1631459607123715 5.113460464279329e-09
1.1656432119433826 5.0354874177494165e-09
1.168140463174394 4.959098234024037e-09
1.1706377144054052 4.88425318964126e-09
1.1731349656364163 4.810913740506671e-09
1.1756322168674274 4.7390424815681765e-09
1.1781294680984387 4.668603108047761e-09
1.18062671932945 4.599560378163377e-09
1.183123970560461 4.531880077277279e-09
1.1856212217914721 4.465528983409938e-09
1.1881184730224832 4.400474834061775e-09
1.1906157242534945 4.336686294287624e-09
1.1931129754845058 4.274132925970943e-09
1.1956102267155169 4.212785158247967e-09
1.198107477946528 4.152614259033719e-09
1.2006047291775392 4.093592307604148e-09
1.2031019804085505 4.035692168191016e-09
1.2055992316395616 3.97888746454763e-09
1.2080964828705727 3.923152555445787e-09
1.210593734101584 3.868462511066084e-09
1.2130909853325953 3.814793090245222e-09
1.2155882365636064 3.762120718545627e-09
1.2180854877946174 3.710422467114361e-09
1.2205827390256287 3.659676032299869e-09
1.22307999025664 3.609859715995864e-09
1.2255772414876511 3.560952406684043e-09
1.2280744927186622 3.512933561147399e-09
1.2305717439496735 3.4657831868281502e-09
1.2330689951806848 3.419481824804829e-09
1.2355662464116959 3.3740105333641697e-09
1.238063497642707 3.329350872144937e-09
1.2405607488737183 3.285484886831317e-09
1.2430580001047296 3.2423950943747053e-09
1.2455552513357406 3.200064468723584e-09
1.2480525025667517 3.1584764270420816e-09
1.250549753797763 3.1176148163984444e-09
1.2530470050287743 3.077463900905709e-09
1.2555442562597854 3.0380083492973256e-09
1.2580415074907965 2.9992332229215147e-09
1.2605387587218078 2.9611239641384347e-09
1.2630360099528188 2.92366638510531e-09
1.2655332611838301 2.8868466569348184e-09
1.2680305124148412 2.8506512992131807e-09
1.2705277636458523 2.8150671698644428e-09
1.2730250148768636 2.7800814553482175e-09
1.275522266107875 2.745681661178857e-09
1.278019517338886 2.7118556027540416e-09
1.280516768569897 2.6785913964817643e-09
1.2830140198009083 2.6458774511946783e-09
1.2855112710319196 2.6137024598416396e-09
1.2880085222629307 2.5820553914463576e-09
1.2905057734939418 2.5509254833235436e-09
1.293003024724953 2.5203022335434766e-09
1.2955002759559644 2.4901753936361045e-09
1.2979975271869755 2.460534961526109e-09
1.3004947784179866 2.4313711746909364e-09
1.3029920296489979 2.4026745035338646e-09
1.3054892808800092 2.3744356449644853e-09
1.3079865321110202 2.34664551617962e-09
1.3104837833420313 2.319295248637363e-09
1.3129810345730426 2.2923761822178162e-09
1.315478285804054 2.2658798595639917e-09
1.317975537035065 2.2397980205966515e-09
1.320472788266076 2.2141225971971173e-09
1.3229700394970874 2.188845708052415e-09
1.3254672907280987 2.1639596536570407e-09
1.3279645419591097 2.1394569114663117e-09
1.3304617931901208 2.1153301311958686e-09
1.332959044421132 2.09157213026265e-09
1.3354562956521434 2.068175889362477e-09
1.3379535468831545 2.0451345481797615e-09
1.3404507981141656 2.022441401224769e-09
1.3429480493451769 2.000089893794433e-09
1.345445300576188 1.978073618052493e-09
1.3479425518071992 1.9563863092250323e-09
1.3504398030382103 1.935021841907608e-09
1.3529370542692214 1.913974226480457e-09
1.3554343055002327 1.8932376056280716e-09
1.357931556731244 1.8728062509598305e-09
1.360428807962255 1.8526745597284927e-09
1.3629260591932661 1.8328370516432252e-09
1.3654233104242774 1.8132883657742633e-09
1.3679205616552887 1.794023257546198e-09
1.3704178128862998 1.7750365958171373e-09
1.372915064117311 1.7563233600408154e-09
1.3754123153483222 1.7378786375092836e-09
1.3779095665793335 1.719697620673469e-09
1.3804068178103446 1.7017756045390789e-09
1.3829040690413557 1.6841079841357202e-09
1.385401320272367 1.666690252056712e-09
1.3878985715033783 1.6495179960675061e-09
1.3903958227343893 1.6325868967805379e-09
1.3928930739654004 1.6158927253944834e-09
1.3953903251964117 1.5994313414958723e-09
1.397887576427423 1.5831986909211982e-09
1.400384827658434 1.5671908036776465e-09
1.4028820788894452 1.5514037919206298e-09
1.4053793301204565 1.5358338479863984e-09
1.4078765813514678 1.520477242478114e-09
1.4103738325824788 1.5053303224036694e-09
1.41287108381349 1.4903895093637175e-09
1.4153683350445012 1.4756512977885105e-09
1.4178655862755125 1.461112253221896e-09
1.4203628375065236 1.446769010651217e-09
1.4228600887375347 1.4326182728816345e-09
1.4253573399685457 1.418656808953648e-09
1.427854591199557 1.4048814526024982e-09
1.4303518424305683 1.3912891007580945e-09
1.4328490936615794 1.3778767120845676e-09
1.4353463448925905 1.364641305557932e-09
1.4378435961236018 1.3515799590809869e-09
1.440340847354613 1.3386898081343099e-09
1.4428380985856242 1.3259680444622298e-09
1.4453353498166353 1.3134119147928523e-09
1.4478326010476466 1.301018719591084e-09
1.4503298522786578 1.2887858118437362e-09
1.452827103509669 1.2767105958758388e-09
1.45532435474068 1.2647905261971137e-09
1.4578216059716913 1.2530231063779513e-09
1.4603188572027026 1.241405887953875e-09
1.4628161084337137 1.2299364693578295e-09
1.4653133596647248 1.2186124948793225e-09
1.467810610895736 1.207431653649925e-09
1.4703078621267474 1.1963916786540864e-09
1.4728051133577584 1.1854903457648304e-09
1.4753023645887695 1.174725472803424e-09
1.4777996158197808 1.1640949186224794e-09
1.480296867050792 1.1535965822118269e-09
1.4827941182818032 1.1432284018263938e-09
1.4852913695128143 1.1329883541357328e-09
1.4877886207438256 1.1228744533943433e-09
1.4902858719748369 1.1128847506323354e-09
1.492783123205848 1.1030173328659677e-09
1.495280374436859 1.0932703223273203e-09
1.4977776256678703 1.0836418757126992e-09
1.5002748768988816 1.074130183449295e-09
1.5027721281298927 1.0647334689795375e-09
1.5052693793609038 1.0554499880626194e-09
1.507766630591915 1.0462780280928947e-09
1.5102638818229261 1.0372159074345364e-09
1.5127611330539374 1.028261974772075e-09
1.5152583842849485 1.0194146084764313e-09
1.5177556355159598 1.0106722159859757e-09
1.520252886746971 1.0020332332022401e-09
1.5227501379779822 9.934961238999126e-10
1.5252473892089933 9.850593791506754e-10
1.5277446404400046 9.767215167606127e-10
1.5302418916710157 9.684810807207525e-10
1.532739142902027 9.60336640670453e-10
1.535236394133038 9.522867913732445e-10
1.5377336453640493 9.443301522048874e-10
1.5402308965950604 9.364653666532124e-10
1.5427281478260717 9.286911018295451e-10
1.5452253990570828 9.210060479913851e-10
1.5477226502880939 9.134089180759866e-10
1.5502199015191052 9.058984472446614e-10
1.5527171527501162 8.98473392437466e-10
1.5552144039811275 8.911325319380054e-10
1.5577116552121386 8.838746649481586e-10
1.56020890644315 8.766986111723523e-10
1.562706157674161 8.696032104113367e-10
1.5652034089051723 8.625873221649667e-10
1.5677006601361834 8.556498252440229e-10
1.5701979113671947 8.487896173906416e-10
1.5726951625982057 8.420056149072573e-10
1.575192413829217 8.352967522938e-10
1.5776896650602281 8.286619818929514e-10
1.5801869162912394 8.221002735432534e-10
1.5826841675222505 8.156106142398789e-10
1.5851814187532618 8.091920078028911e-10
1.5876786699842729 8.02843474552756e-10
1.5901759212152842 7.965640509930057e-10
1.5926731724462952 7.903527894998236e-10
1.5951704236773065 7.842087580183707e-10
1.5976676749083176 7.781310397657663e-10
1.600164926139329 7.721187329404533e-10
1.60266217737034 7.661709504378667e-10
1.6051594286013513 7.602868195722626e-10
1.6076566798323624 7.544654818045171e-10
1.6101539310633737 7.487060924757115e-10
1.6126511822943848 7.430078205465228e-10
1.615148433525396 7.373698483420811e-10
1.6176456847564071 7.317913713023164e-10
1.6201429359874184 7.262715977375795e-10
1.6226401872184295 7.208097485894553e-10
1.6251374384494406 7.154050571966198e-10
1.6276346896804519 7.100567690656245e-10
1.630131940911463 7.047641416465281e-10
1.6326291921424743 6.995264441131909e-10
1.6351264433734853 6.94342957148189e-10
1.6376236946044966 6.892129727322194e-10
1.6401209458355077 6.84135793937871e-10
1.642618197066519 6.791107347276669e-10
1.64511544829753 6.741371197563373e-10
1.6476126995285414 6.692142841771e-10
1.6501099507595525 6.643415734520056e-10
1.6526072019905638 6.595183431661175e-10
1.6551044532215748 6.547439588455519e-10
1.6576017044525861 6.500177957791867e-10
1.6600989556835972 6.453392388440585e-10
1.6625962069146085 6.407076823342702e-10
1.6650934581456196 6.361225297933949e-10
1.667590709376631 6.315831938502501e-10
1.670087960607642 6.270890960580178e-10
1.6725852118386533 6.226396667365775e-10
1.6750824630696644 6.182343448180198e-10
1.6775797143006757 6.138725776952584e-10
1.6800769655316867 6.095538210736709e-10
1.682574216762698 6.052775388256724e-10
1.685071467993709 6.010432028482326e-10
1.6875687192247204 5.968502929231721e-10
1.6900659704557315 5.926982965802529e-10
1.6925632216867428 5.885867089629668e-10
1.6950604729177539 5.845150326969713e-10
1.6975577241487652 5.804827777610992e-10
1.7000549753797762 5.764894613609201e-10
1.7025522266107873 5.72534607804754e-10
1.7050494778417986 5.686177483821223e-10
1.7075467290728097 5.64738421244545e-10
1.710043980303821 5.608961712886868e-10
1.712541231534832 5.570905500417297e-10
1.7150384827658434 5.533211155489839e-10
1.7175357339968544 5.495874322636738e-10
1.7200329852278657 5.458890709388158e-10
1.7225302364588768 5.422256085212073e-10
1.7250274876898881 5.385966280474107e-10
1.7275247389208992 5.350017185417615e-10
1.7300219901519105 5.314404749162937e-10
1.7325192413829216 5.2791249787257e-10
1.7350164926139329 5.244173938053934e-10
1.737513743844944 5.20954774708331e-10
1.7400109950759552 5.175242580810124e-10
1.7425082463069663 5.141254668381904e-10
1.7450054975379776 5.107580292205102e-10
1.7475027487689887 5.074215787069357e-10
1.75 5.041157539288405e-10
