0.5038716357254187 0.0
0.5063688869564299 0.0
0.5088661381874411 0.0
0.5113633894184523 0.0
0.5138606406494635 0.0
0.5163578918804747 0.0
0.5188551431114858 0.0
0.521352394342497 0.0
0.5238496455735082 0.0
0.5263468968045194 0.0
0.5288441480355306 0.0
0.5313413992665418 0.0
0.533838650497553 0.0
0.5363359017285642 0.0
0.5388331529595753 0.0
0.5413304041905864 0.0
0.5438276554215977 0.0
0.5463249066526088 0.0
0.54882215788362 0.0
0.5513194091146312 0.0
0.5538166603456424 0.0
0.5563139115766536 0.0
0.5588111628076647 0.0
0.5613084140386759 0.0
0.5638056652696871 0.0
0.5663029165006983 0.0
0.5688001677317095 0.0
0.5712974189627207 0.0
0.5737946701937319 0.0
0.5762919214247431 0.0
0.5787891726557542 0.0
0.5812864238867654 0.0
0.5837836751177766 0.0
0.5862809263487878 0.0
0.588778177579799 0.0
0.5912754288108102 0.0
0.5937726800418214 0.0
0.5962699312728326 0.0
0.5987671825038438 0.0
0.6012644337348549 0.0
0.6037616849658661 0.0
0.6062589361968773 0.0
0.6087561874278885 0.0
0.6112534386588997 0.0
0.6137506898899109 0.0
0.6162479411209221 0.0
0.6187451923519331 0.0
0.6212424435829444 0.0
0.6237396948139555 0.0
0.6262369460449668 0.0
0.6287341972759779 0.0
0.6312314485069892 0.0
0.6337286997380003 0.0
0.6362259509690115 0.0
0.6387232022000227 0.0
0.6412204534310338 0.0
0.643717704662045 0.0
0.6462149558930562 0.0
0.6487122071240674 0.0
0.6512094583550786 0.0
0.6537067095860898 0.0
0.656203960817101 0.0
0.6587012120481122 0.0
0.6611984632791233 0.0
0.6636957145101345 0.0
0.6661929657411457 0.0
0.6686902169721569 0.0
0.6711874682031681 0.0
0.6736847194341793 0.0
0.6761819706651905 0.0
0.6786792218962017 0.0
0.6811764731272129 0.0
0.683673724358224 0.0
0.6861709755892352 0.0
0.6886682268202464 0.0
0.6911654780512576 0.0
0.6936627292822688 0.0
0.6961599805132799 0.0
0.6986572317442912 0.0
0.7011544829753023 0.0
0.7036517342063136 0.0
0.7061489854373246 0.0
0.7086462366683359 0.0
0.711143487899347 0.0
0.7136407391303583 0.0
0.7161379903613694 0.0
0.7186352415923806 0.0
0.7211324928233918 0.0
0.723629744054403 0.0
0.7261269952854141 0.0
0.7286242465164253 0.0
0.7311214977474365 0.0
0.7336187489784477 0.0
0.7361160002094589 0.0
0.7386132514404701 0.0
0.7411105026714813 0.0
0.7436077539024925 0.0
0.7461050051335036 0.0
0.7486022563645148 2.950446950904158e-06
0.751099507595526 5.315449026835194e-06
0.7535967588265372 6.409577880485867e-06
0.7560940100575484 7.002471976606658e-06
0.7585912612885596 7.312422272293922e-06
0.7610885125195708 7.443094369514118e-06
0.763585763750582 7.45399381713162e-06
0.7660830149815931 7.382833928175407e-06
0.7685802662126042 7.254971775413773e-06
0.7710775174436155 7.0881137879564265e-06
0.7735747686746266 6.894937911902956e-06
0.7760720199056379 6.6846742076794245e-06
0.778569271136649 6.464114371408899e-06
0.7810665223676603 6.238285406991928e-06
0.7835637735986714 6.010914684892934e-06
0.7860610248296827 5.784759661037461e-06
0.7885582760606937 5.561846656803901e-06
0.791055527291705 5.343646758999152e-06
0.7935527785227161 5.131207203059986e-06
0.7960500297537274 4.925250616337945e-06
0.7985472809847385 4.726250673976684e-06
0.8010445322157498 4.534490203960022e-06
0.8035417834467609 4.3501060801607e-06
0.806039034677772 4.173124070987224e-06
0.8085362859087832 4.00348598750311e-06
0.8110335371397944 3.841070885712355e-06
0.8135307883708056 3.6857116500034765e-06
0.8160280396018168 3.5372079701890536e-06
0.818525290832828 3.3953364905650107e-06
0.8210225420638392 3.259858733540321e-06
0.8235197932948504 3.130527267012319e-06
0.8260170445258616 3.0070904827038263e-06
0.8285142957568727 2.889296274177174e-06
0.8310115469878839 2.7768948424143395e-06
0.8335087982188951 2.6696408094539427e-06
0.8360060494499063 2.567294783451902e-06
0.8385033006809175 2.4696244893239776e-06
0.8410005519119287 2.376405556053633e-06
0.8434978031429399 2.2874220334533656e-06
0.845995054373951 2.202466696615171e-06
0.8484923056049622 2.1213411846768177e-06
0.8509895568359733 2.0438560112469387e-06
0.8534868080669846 1.969830476390825e-06
0.8559840592979957 1.899092504104246e-06
0.858481310529007 1.8314784243968526e-06
0.8609785617600181 1.7668327152372272e-06
0.8634758129910294 1.7050077164922685e-06
0.8659730642220405 1.6458633254776495e-06
0.8684703154530518 1.5892666817057908e-06
0.8709675666840628 1.535091846779948e-06
0.8734648179150741 1.483219484061544e-06
0.8759620691460852 1.4335365416733107e-06
0.8784593203770965 1.3859359415434248e-06
0.8809565716081076 1.340316276507403e-06
0.8834538228391188 1.2965815169322924e-06
0.88595107407013 1.2546407278866017e-06
0.8884483253011412 1.214407797528384e-06
0.8909455765321523 1.1758011771057757e-06
0.8934428277631635 1.1387436327455843e-06
0.8959400789941747 1.1031620090348542e-06
0.8984373302251859 1.0689870042685568e-06
0.9009345814561971 1.0361529571362254e-06
0.9034318326872083 1.0045976445454617e-06
0.9059290839182195 9.742620902256998e-07
0.9084263351492307 9.45090383717502e-07
0.9109235863802418 9.170295093275145e-07
0.913420837611253 8.900291846146515e-07
0.9159180888422642 8.640417079664252e-07
0.9184153400732754 8.39021814824355e-07
0.9209125913042866 8.149265421221743e-07
0.9234098425352978 7.917151005092436e-07
0.925907093766309 7.69348753942964e-07
0.92840434499732 7.477907062476156e-07
0.9309015962283314 7.270059942518874e-07
0.9333988474593424 7.069613871334079e-07
0.9358960986903537 6.876252916149181e-07
0.9383933499213648 6.689676626735949e-07
0.9408906011523761 6.509599194415894e-07
0.9433878523833872 6.335748659925468e-07
0.9458851036143985 6.167866167248818e-07
0.9483823548454096 6.005705260685405e-07
0.9508796060764209 5.849031222570411e-07
0.9533768573074319 5.697620449213943e-07
0.9558741085384432 5.551259862764555e-07
0.9583713597694543 5.409746356837741e-07
0.9608686110004656 5.272886273877028e-07
0.9633658622314767 5.140494912337675e-07
0.9658631134624879 5.012396061897208e-07
0.9683603646934991 4.888421565006797e-07
0.9708576159245103 4.768410903199448e-07
0.9733548671555214 4.6522108066689724e-07
0.9758521183865326 4.5396748857242426e-07
0.9783493696175438 4.430663282810039e-07
0.980846620848555 4.3250423438662924e-07
0.9833438720795662 4.222684307873557e-07
0.9858411233105774 4.123467013504348e-07
0.9883383745415886 4.027273621866372e-07
0.9908356257725998 3.933992354387278e-07
0.993332877003611 3.843516244948792e-07
0.9958301282346221 3.7557429054338346e-07
0.9983273794656333 3.670574303901859e-07
1.0008246306966444 3.587916554656009e-07
1.0033218819276557 3.5076797195113495e-07
1.005819133158667 3.429777619615907e-07
1.008316384389678 3.354127657216024e-07
1.0108136356206892 3.2806506467948415e-07
1.0133108868517005 3.2092706550479743e-07
1.0158081380827118 3.1399148491926517e-07
1.0183053893137228 3.0725133531376724e-07
1.020802640544734 3.006999111069955e-07
1.0232998917757452 2.943307758040539e-07
1.0257971430067563 2.881377497157792e-07
1.0282943942377676 2.821148983019304e-07
1.0307916454687787 2.7625652110361965e-07
1.0332888966997897 2.7055714123237424e-07
1.035786147930801 2.6501149538522565e-07
1.0382833991618123 2.5961452435696613e-07
1.0407806503928234 2.5436136402248415e-07
1.0432779016238345 2.492473367636201e-07
1.0457751528548458 2.442679433165353e-07
1.048272404085857 2.394188550169601e-07
1.0507696553168682 2.3469590642199306e-07
1.0532669065478792 2.3009508828840082e-07
1.0557641577788905 2.256125408884675e-07
1.0582614090099018 2.2124454764558942e-07
1.060758660240913 2.169875290727833e-07
1.063255911471924 2.128380369982501e-07
1.0657531627029353 2.0879274906305824e-07
1.0682504139339466 2.0484846347681993e-07
1.0707476651649577 2.0100209401804348e-07
1.0732449163959688 1.9725066526660171e-07
1.07574216762698 1.9359130805643585e-07
1.0782394188579913 1.9002125513729282e-07
1.0807366700890024 1.865378370349063e-07
1.0832339213200135 1.8313847809960085e-07
1.0857311725510248 1.7982069273388562e-07
1.088228423782036 1.7658208179007383e-07
1.0907256750130472 1.7342032912948649e-07
1.0932229262440583 1.7033319833523152e-07
1.0957201774750696 1.6731852957100633e-07
1.0982174287060809 1.6437423657874968e-07
1.100714679937092 1.614983038083717e-07
1.103211931168103 1.5868878367314244e-07
1.105709182399114 1.5594379392466473e-07
1.1082064336301254 1.5326151514166862e-07
1.1107036848611367 1.5064018832718034e-07
1.1132009360921478 1.4807811260888785e-07
1.1156981873231588 1.4557364303781092e-07
1.1181954385541701 1.431251884806222e-07
1.1206926897851814 1.4073120960121693e-07
1.1231899410161925 1.3839021692735242e-07
1.1256871922472036 1.3610076899838174e-07
1.128184443478215 1.338614705903314e-07
1.1306816947092262 1.316709710147367e-07
1.1331789459402373 1.2952796248785007e-07
1.1356761971712483 1.2743117856699423e-07
1.1381734484022596 1.2537939265100307e-07
1.140670699633271 1.233714165418421e-07
1.143167950864282 1.2140609906463905e-07
1.145665202095293 1.1948232474350124e-07
1.1481624533263044 1.1759901253062187e-07
1.1506597045573157 1.1575511458630028e-07
1.1531569557883268 1.1394961510760741e-07
1.1556542070193379 1.1218152920355864e-07
1.1581514582503492 1.1044990181474049e-07
1.1606487094813605 1.087538066754451e-07
1.1631459607123715 1.070923453164585e-07
1.1656432119433826 1.0546464610673609e-07
1.168140463174394 1.0386986333228578e-07
1.1706377144054052 1.0230717631065593e-07
1.1731349656364163 1.007757885395006e-07
1.1756322168674274 9.927492687776677e-08
1.1781294680984387 9.780384075812177e-08
1.18062671932945 9.636180142929201e-08
1.183123970560461 9.494810122705752e-08
1.1856212217914721 9.356205287269599e-08
1.1881184730224832 9.220298879773275e-08
1.1906157242534945 9.087026049389969e-08
1.1931129754845058 8.956323788725835e-08
1.1956102267155169 8.828130873549073e-08
1.198107477946528 8.702387804740638e-08
1.2006047291775392 8.579036752375407e-08
1.2031019804085505 8.458021501847435e-08
1.2055992316395616 8.339287401955753e-08
1.2080964828705727 8.222781314871807e-08
1.210593734101584 8.108451567912959e-08
1.2130909853325953 7.99624790704919e-08
1.2155882365636064 7.88612145207407e-08
1.2180854877946174 7.778024653373774e-08
1.2205827390256287 7.671911250231041e-08
1.22307999025664 7.567736230603016e-08
1.2255772414876511 7.465455792315699e-08
1.2280744927186622 7.365027305619022e-08
1.2305717439496735 7.266409277049883e-08
1.2330689951806848 7.16956131455232e-08
1.2355662464116959 7.074444093806004e-08
1.238063497642707 6.98101932571666e-08
1.2405607488737183 6.889249725023952e-08
1.2430580001047296 6.799098979983934e-08
1.2455552513357406 6.710531723085212e-08
1.2480525025667517 6.623513502759738e-08
1.250549753797763 6.538010756050651e-08
1.2530470050287743 6.453990782200942e-08
1.2555442562597854 6.371421717128705e-08
1.2580415074907965 6.290272508755814e-08
1.2605387587218078 6.210512893158172e-08
1.2630360099528188 6.132113371507283e-08
1.2655332611838301 6.055045187773623e-08
1.2680305124148412 5.979280307164273e-08
1.2705277636458523 5.904791395267591e-08
1.2730250148768636 5.8315517978789914e-08
1.275522266107875 5.7595355214836525e-08
1.278019517338886 5.688717214371718e-08
1.280516768569897 5.619072148363575e-08
1.2830140198009083 5.550576201123027e-08
1.2855112710319196 5.48320583903764e-08
1.2880085222629307 5.4169381006457004e-08
1.2905057734939418 5.3517505805904304e-08
1.293003024724953 5.287621414082953e-08
1.2955002759559644 5.2245292618559305e-08
1.2979975271869755 5.162453295590489e-08
1.3004947784179866 5.101373183800187e-08
1.3029920296489979 5.041269078155817e-08
1.3054892808800092 4.982121600235665e-08
1.3079865321110202 4.923911828686824e-08
1.3104837833420313 4.8666212867829573e-08
1.3129810345730426 4.810231930365081e-08
1.315478285804054 4.754726136152356e-08
1.317975537035065 4.7000866904099835e-08
1.320472788266076 4.646296777962167e-08
1.3229700394970874 4.593339971538593e-08
1.3254672907280987 4.541200221442791e-08
1.3279645419591097 4.4898618455319955e-08
1.3304617931901208 4.439309519497659e-08
1.332959044421132 4.3895282674367446e-08
1.3354562956521434 4.3405034527041265e-08
1.3379535468831545 4.292220769036751e-08
1.3404507981141656 4.244666231940397e-08
1.3429480493451769 4.197826170330616e-08
1.345445300576188 4.1516872184194136e-08
1.3479425518071992 4.106236307839574e-08
1.3504398030382103 4.061460659998799e-08
1.3529370542692214 4.017347778656459e-08
1.3554343055002327 3.97388544271547e-08
1.357931556731244 3.9310616992224e-08
1.360428807962255 3.888864856569267e-08
1.3629260591932661 3.847283477890301e-08
1.3654233104242774 3.806306374647654e-08
1.3679205616552887 3.765922600399836e-08
1.3704178128862998 3.7261214447473696e-08
1.372915064117311 3.686892427449603e-08
1.3754123153483222 3.648225292707725e-08
1.3779095665793335 3.6101100036085727e-08
1.3804068178103446 3.572536736723987e-08
1.3829040690413557 3.53549587686128e-08
1.385401320272367 3.498978011959755e-08
1.3878985715033783 3.4629739281288636e-08
1.3903958227343893 3.427474604823672e-08
1.3928930739654004 3.3924712101533385e-08
1.3953903251964117 3.3579550963184566e-08
1.397887576427423 3.32391779517346e-08
1.400384827658434 3.290351013910197e-08
1.4028820788894452 3.257246630858901e-08
1.4053793301204565 3.224596691403102e-08
1.4078765813514678 3.192393404005082e-08
1.4103738325824788 3.160629136338335e-08
1.41287108381349 3.1292964115239696e-08
1.4153683350445012 3.098387904468006e-08
1.4178655862755125 3.067896438296321e-08
1.4203628375065236 3.037814980884581e-08
1.4228600887375347 3.008136641480096e-08
1.4253573399685457 2.9788546674131527e-08
1.427854591199557 2.9499624408950096e-08
1.4303518424305683 2.9214534758998485e-08
1.4328490936615794 2.8933214151287718e-08
1.4353463448925905 2.8655600270527358e-08
1.4378435961236018 2.838163203032632e-08
1.440340847354613 2.8111249545141573e-08
1.4428380985856242 2.784439410295131e-08
1.4453353498166353 2.7581008138634038e-08
1.4478326010476466 2.7321035208031882e-08
1.4503298522786578 2.7064419962678185e-08
1.452827103509669 2.6811108125172566e-08
1.45532435474068 2.656104646518155e-08
1.4578216059716913 2.6314182776050264e-08
1.4603188572027026 2.6070465852005587e-08
1.4628161084337137 2.582984546593584e-08
1.4653133596647248 2.5592272347728355e-08
1.467810610895736 2.5357698163152612e-08
1.4703078621267474 2.5126075493269872e-08
1.4728051133577584 2.4897357814358217e-08
1.4753023645887695 2.4671499478335506e-08
1.4777996158197808 2.4448455693668607e-08
1.480296867050792 2.4228182506755088e-08
1.4827941182818032 2.4010636783762123e-08
1.4852913695128143 2.3795776192914478e-08
1.4877886207438256 2.3583559187214315e-08
1.4902858719748369 2.33739449875838e-08
1.492783123205848 2.316689356641974e-08
1.495280374436859 2.2962365631546374e-08
1.4977776256678703 2.276032261055675e-08
1.5002748768988816 2.2560726635533477e-08
1.5027721281298927 2.2363540528137133e-08
1.5052693793609038 2.2168727785051414e-08
1.507766630591915 2.1976252563779054e-08
1.5102638818229261 2.1786079668775118e-08
1.5127611330539374 2.1598174537911064e-08
1.5152583842849485 2.1412503229260404e-08
1.5177556355159598 2.1229032408196713e-08
1.520252886746971 2.104772933479668e-08
1.5227501379779822 2.086856185153948e-08
1.5252473892089933 2.0691498371294384e-08
1.5277446404400046 2.0516507865590628e-08
1.5302418916710157 2.0343559853160048e-08
1.532739142902027 2.0172624388747168e-08
1.535236394133038 2.0003672052178205e-08
1.5377336453640493 1.9836673937684183e-08
1.5402308965950604 1.9671601643469315e-08
1.5427281478260717 1.9508427261520144e-08
1.5452253990570828 1.934712336764902e-08
1.5477226502880939 1.9187663011764333e-08
1.5502199015191052 1.903001970836397e-08
1.5527171527501162 1.8874167427244707e-08
1.5552144039811275 1.8720080584422416e-08
1.5577116552121386 1.856773403325834e-08
1.56020890644315 1.8417103055784784e-08
1.562706157674161 1.8268163354227915e-08
1.5652034089051723 1.812089104271851e-08
1.5677006601361834 1.7975262639190694e-08
1.5701979113671947 1.7831255057460086e-08
1.5726951625982057 1.7688845599479036e-08
1.575192413829217 1.754801194776394e-08
1.5776896650602281 1.740873215799013e-08
1.5801869162912394 1.7270984651750703e-08
1.5826841675222505 1.7134748209474467e-08
1.5851814187532618 1.7000001963500312e-08
1.5876786699842729 1.6866725391302444e-08
1.5901759212152842 1.6734898308864593e-08
1.5926731724462952 1.6604500864198475e-08
1.5951704236773065 1.647551353100278e-08
1.5976676749083176 1.6347917102460634e-08
1.600164926139329 1.6221692685170287e-08
1.60266217737034 1.609682169320717e-08
1.6051594286013513 1.597328584231413e-08
1.6076566798323624 1.585106714421616e-08
1.6101539310633737 1.5730147901056057e-08
1.6126511822943848 1.5610510699950546e-08
1.615148433525396 1.5492138407660806e-08
1.6176456847564071 1.5375014165377285e-08
1.6201429359874184 1.525912138361428e-08
1.6226401872184295 1.514444373721324e-08
1.6251374384494406 1.5030965160450638e-08
1.6276346896804519 1.4918669842249173e-08
1.630131940911463 1.480754222148959e-08
1.6326291921424743 1.469756698241998e-08
1.6351264433734853 1.4588729050161414e-08
1.6376236946044966 1.4481013586307152e-08
1.6401209458355077 1.4374405984612952e-08
1.642618197066519 1.4268891866776551e-08
1.64511544829753 1.4164457078305195e-08
1.6476126995285414 1.4061087684467031e-08
1.6501099507595525 1.3958769966327061e-08
1.6526072019905638 1.3857490416863335e-08
1.6551044532215748 1.3757235737163315e-08
1.6576017044525861 1.3657992832697311e-08
1.6600989556835972 1.3559748809668391e-08
1.6625962069146085 1.3462490971435752e-08
1.6650934581456196 1.336620681501113e-08
1.667590709376631 1.3270884027625428e-08
1.670087960607642 1.3176510483365084e-08
1.6725852118386533 1.3083074239875854e-08
1.6750824630696644 1.299056353513245e-08
1.6775797143006757 1.2898966784273369e-08
1.6800769655316867 1.2808272576498595e-08
1.682574216762698 1.2718469672028695e-08
1.685071467993709 1.2629546999125266e-08
1.6875687192247204 1.2541493651169522e-08
1.6900659704557315 1.2454298883799045e-08
1.6925632216867428 1.2367952112101088e-08
1.6950604729177539 1.2282442907860864e-08
1.6975577241487652 1.2197760996863905e-08
1.7000549753797762 1.2113896256251488e-08
1.7025522266107873 1.2030838711927253e-08
1.7050494778417986 1.1948578536014893e-08
1.7075467290728097 1.1867106044364734e-08
1.710043980303821 1.1786411694109246e-08
1.712541231534832 1.1706486081265373e-08
1.7150384827658434 1.1627319938383354e-08
1.7175357339968544 1.1548904132240927e-08
1.7200329852278657 1.1471229661581607e-08
1.7225302364588768 1.1394287654896544e-08
1.7250274876898881 1.1318069368248531e-08
1.7275247389208992 1.1242566183137912e-08
1.7300219901519105 1.1167769604408843e-08
1.7325192413829216 1.10936712581952e-08
1.7350164926139329 1.1020262889905766e-08
1.737513743844944 1.0947536362247374e-08
1.7400109950759552 1.0875483653285122e-08
1.7425082463069663 1.0804096854539331e-08
1.7450054975379776 1.0733368169118217e-08
1.7475027487689887 1.066328990988535e-08
1.75 1.0593854497661678e-08
