0.5038716357254187 0.0
0.5063688869564299 0.0
0.5088661381874411 0.0
0.5113633894184523 0.0
0.5138606406494635 0.0
0.5163578918804747 0.0
0.5188551431114858 0.0
0.521352394342497 0.0
0.5238496455735082 0.0
0.5263468968045194 0.0
0.5288441480355306 0.0
0.5313413992665418 0.0
0.533838650497553 0.0
0.5363359017285642 0.0
0.5388331529595753 0.0
0.5413304041905864 0.0
0.5438276554215977 0.0
0.5463249066526088 0.0
0.54882215788362 0.0
0.5513194091146312 0.0
0.5538166603456424 0.0
0.5563139115766536 0.0
0.5588111628076647 0.0
0.5613084140386759 0.0
0.5638056652696871 0.0
0.5663029165006983 0.0
0.5688001677317095 0.0
0.5712974189627207 0.0
0.5737946701937319 0.0
0.5762919214247431 0.0
0.5787891726557542 0.0
0.5812864238867654 0.0
0.5837836751177766 0.0
0.5862809263487878 0.0
0.588778177579799 0.0
0.5912754288108102 0.0
0.5937726800418214 0.0
0.5962699312728326 0.0
0.5987671825038438 0.0
0.6012644337348549 0.0
0.6037616849658661 0.0
0.6062589361968773 0.0
0.6087561874278885 0.0
0.6112534386588997 0.0
0.6137506898899109 0.0
0.6162479411209221 0.0
0.6187451923519331 0.0
0.6212424435829444 0.0
0.6237396948139555 0.0
0.6262369460449668 0.0
0.6287341972759779 0.0
0.6312314485069892 0.0
0.6337286997380003 0.0
0.6362259509690115 0.0
0.6387232022000227 0.0
0.6412204534310338 0.0
0.643717704662045 0.0
0.6462149558930562 0.0
0.6487122071240674 0.0
0.6512094583550786 0.0
0.6537067095860898 0.0
0.656203960817101 0.0
0.6587012120481122 0.0
0.6611984632791233 0.0
0.6636957145101345 0.0
0.6661929657411457 0.0
0.6686902169721569 0.0
0.6711874682031681 0.0
0.6736847194341793 0.0
0.6761819706651905 0.0
0.6786792218962017 0.0
0.6811764731272129 0.0
0.683673724358224 0.0
0.6861709755892352 0.0
0.6886682268202464 0.0
0.6911654780512576 0.0
0.6936627292822688 0.0
0.6961599805132799 0.0
0.6986572317442912 0.0
0.7011544829753023 0.0
0.7036517342063136 0.0
0.7061489854373246 0.0
0.7086462366683359 0.0
0.711143487899347 0.0
0.7136407391303583 0.0
0.7161379903613694 0.0
0.7186352415923806 0.0
0.7211324928233918 0.0
0.723629744054403 0.0
0.7261269952854141 0.0
0.7286242465164253 0.0
0.7311214977474365 0.0
0.7336187489784477 0.0
0.7361160002094589 0.0
0.7386132514404701 0.0
0.7411105026714813 0.0
0.7436077539024925 0.0
0.7461050051335036 0.0
0.7486022563645148 3.792818434760317e-07
0.751099507595526 6.651860971220585e-07
0.7535967588265372 7.826159111532554e-07
0.7560940100575484 8.359432491434866e-07
0.7585912612885596 8.550599425700189e-07
0.7610885125195708 8.539359580689178e-07
0.763585763750582 8.403399105006692e-07
0.7660830149815931 8.189914310126865e-07
0.7685802662126042 7.929088302881464e-07
0.7710775174436155 7.640838819811214e-07
0.7735747686746266 7.338558875344087e-07
0.7760720199056379 7.031340955701765e-07
0.778569271136649 6.725368095773467e-07
0.7810665223676603 6.42481733415117e-07
0.7835637735986714 6.132463658173004e-07
0.7860610248296827 5.850092924247724e-07
0.7885582760606937 5.578789238239198e-07
0.791055527291705 5.319137807281502e-07
0.7935527785227161 5.071369734188033e-07
0.7960500297537274 4.835466273855488e-07
0.7985472809847385 4.61123439290333e-07
0.8010445322157498 4.398361779890141e-07
0.8035417834467609 4.1964569979212604e-07
0.806039034677772 4.005078808460958e-07
0.8085362859087832 3.8237575505440283e-07
0.8110335371397944 3.652010660543431e-07
0.8135307883708056 3.4893538528895114e-07
0.8160280396018168 3.33530907855781e-07
0.818525290832828 3.1894100869323154e-07
0.8210225420638392 3.05120620469907e-07
0.8235197932948504 2.920264789971031e-07
0.8260170445258616 2.7961727050483064e-07
0.8285142957568727 2.678537065929006e-07
0.8310115469878839 2.566985462980011e-07
0.8335087982188951 2.4611657993681925e-07
0.8360060494499063 2.3607458578270511e-07
0.8385033006809175 2.2654126790930472e-07
0.8410005519119287 2.174871814688024e-07
0.8434978031429399 2.088846501022384e-07
0.845995054373951 2.0070767898392448e-07
0.8484923056049622 1.9293186609086743e-07
0.8509895568359733 1.8553431359350463e-07
0.8534868080669846 1.7849354073470416e-07
0.8559840592979957 1.7178939916118835e-07
0.858481310529007 1.654029913656735e-07
0.8609785617600181 1.593165926666949e-07
0.8634758129910294 1.535135769789846e-07
0.8659730642220405 1.4797834649722106e-07
0.8684703154530518 1.4269626531973522e-07
0.8709675666840628 1.3765359696858092e-07
0.8734648179150741 1.328374457120853e-07
0.8759620691460852 1.2823570156102027e-07
0.8784593203770965 1.2383698878613568e-07
0.8809565716081076 1.1963061779027426e-07
0.8834538228391188 1.15606540160361e-07
0.88595107407013 1.1175530672163138e-07
0.8884483253011412 1.0806802841717729e-07
0.8909455765321523 1.0453633983926436e-07
0.8934428277631635 1.0115236524412267e-07
0.8959400789941747 9.790868688845656e-08
0.8984373302251859 9.479831553328808e-08
0.9009345814561971 9.181466296860639e-08
0.9034318326872083 8.895151642038656e-08
0.9059290839182195 8.620301470966407e-08
0.9084263351492307 8.356362604137056e-08
0.9109235863802418 8.102812730844404e-08
0.913420837611253 7.859158480427003e-08
0.9159180888422642 7.624933624370591e-08
0.9184153400732754 7.399697399980318e-08
0.9209125913042866 7.183032946981948e-08
0.9234098425352978 6.974545849022215e-08
0.925907093766309 6.773862772611115e-08
0.92840434499732 6.5806301965865e-08
0.9309015962283314 6.39451322568132e-08
0.9333988474593424 6.215194482242106e-08
0.9358960986903537 6.042373070580698e-08
0.9383933499213648 5.875763608846514e-08
0.9408906011523761 5.7150953236802005e-08
0.9433878523833872 5.5601112032586256e-08
0.9458851036143985 5.410567204661864e-08
0.9483823548454096 5.266231511792909e-08
0.9508796060764209 5.126883840355441e-08
0.9533768573074319 4.992314786651966e-08
0.9558741085384432 4.862325217200002e-08
0.9583713597694543 4.7367256963833634e-08
0.9608686110004656 4.61533594955726e-08
0.9633658622314767 4.497984359213314e-08
0.9658631134624879 4.384507491982951e-08
0.9683603646934991 4.274749654417979e-08
0.9708576159245103 4.168562475634308e-08
0.9733548671555214 4.065804515042035e-08
0.9758521183865326 3.9663408935108836e-08
0.9783493696175438 3.87004294643743e-08
0.980846620848555 3.776787897288359e-08
0.9833438720795662 3.6864585502940605e-08
0.9858411233105774 3.598943001059848e-08
0.9883383745415886 3.514134363947275e-08
0.9908356257725998 3.4319305151581475e-08
0.993332877003611 3.352233850526695e-08
0.9958301282346221 3.27495105709401e-08
0.9983273794656333 3.199992897601892e-08
1.0008246306966444 3.1272740071016964e-08
1.0033218819276557 3.05671270092829e-08
1.005819133158667 2.988230793339546e-08
1.008316384389678 2.9217534261685328e-08
1.0108136356206892 2.8572089068789337e-08
1.0133108868517005 2.7945285554548395e-08
1.0158081380827118 2.7336465595930884e-08
1.0183053893137228 2.6744998377014816e-08
1.020802640544734 2.6170279092383543e-08
1.0232998917757452 2.5611727719592867e-08
1.0257971430067563 2.5068787856644785e-08
1.0282943942377676 2.4540925620664858e-08
1.0307916454687787 2.402762860422463e-08
1.0332888966997897 2.3528404885971843e-08
1.035786147930801 2.3042782092447287e-08
1.0382833991618123 2.257030650815733e-08
1.0407806503928234 2.2110542231160024e-08
1.0432779016238345 2.1663070371587173e-08
1.0457751528548458 2.1227488290688915e-08
1.048272404085857 2.0803408878133405e-08
1.0507696553168682 2.0390459865431373e-08
1.0532669065478792 1.998828317348918e-08
1.0557641577788905 1.9596534292409455e-08
1.0582614090099018 1.9214881691776578e-08
1.060758660240913 1.8843006259766176e-08
1.063255911471924 1.848060076951747e-08
1.0657531627029353 1.812736937130213e-08
1.0682504139339466 1.7783027109106526e-08
1.0707476651649577 1.744729946032664e-08
1.0732449163959688 1.711992189735179e-08
1.07574216762698 1.680063946988234e-08
1.0782394188579913 1.6489206406895006e-08
1.0807366700890024 1.6185385737230974e-08
1.0832339213200135 1.5888948927839418e-08
1.0857311725510248 1.5599675538767316e-08
1.088228423782036 1.531735289403383e-08
1.0907256750130472 1.5041775767579074e-08
1.0932229262440583 1.4772746083520358e-08
1.0957201774750696 1.451007262999393e-08
1.0982174287060809 1.4253570785897765e-08
1.100714679937092 1.4003062259890444e-08
1.103211931168103 1.3758374841035894e-08
1.105709182399114 1.3519342160517402e-08
1.1082064336301254 1.3285803463874894e-08
1.1107036848611367 1.3057603393250227e-08
1.1132009360921478 1.2834591779151455e-08
1.1156981873231588 1.2616623441274751e-08
1.1181954385541701 1.24035579979458e-08
1.1206926897851814 1.2195259683766823e-08
1.1231899410161925 1.199159717507685e-08
1.1256871922472036 1.1792443422852605e-08
1.128184443478215 1.1597675492698872e-08
1.1306816947092262 1.1407174411593022e-08
1.1331789459402373 1.1220825021067723e-08
1.1356761971712483 1.1038515836530767e-08
1.1381734484022596 1.086013891243735e-08
1.140670699633271 1.0685589713044134e-08
1.143167950864282 1.0514766988488065e-08
1.145665202095293 1.0347572655946192e-08
1.1481624533263044 1.0183911685645196e-08
1.1506597045573157 1.0023691991500559e-08
1.1531569557883268 9.86682432617571e-09
1.1556542070193379 9.713222180363466e-09
1.1581514582503492 9.562801686100397e-09
1.1606487094813605 9.415481523934545e-09
1.1631459607123715 9.271182833775911e-09
1.1656432119433826 9.12982912926701e-09
1.168140463174394 8.991346215519151e-09
1.1706377144054052 8.855662110067296e-09
1.1731349656364163 8.722706966903262e-09
1.1756322168674274 8.592413003453887e-09
1.1781294680984387 8.46471443037767e-09
1.18062671932945 8.33954738405809e-09
1.183123970560461 8.216849861679091e-09
1.1856212217914721 8.096561658772278e-09
1.1881184730224832 7.978624309131567e-09
1.1906157242534945 7.862981026995222e-09
1.1931129754845058 7.74957665139998e-09
1.1956102267155169 7.638357592616737e-09
1.198107477946528 7.529271780580871e-09
1.2006047291775392 7.422268615234628e-09
1.2031019804085505 7.317298918702936e-09
1.2055992316395616 7.214314889226767e-09
1.2080964828705727 7.11327005678259e-09
1.210593734101584 7.014119240319161e-09
1.2130909853325953 6.916818506545889e-09
1.2155882365636064 6.821325130210101e-09
1.2180854877946174 6.72759755580356e-09
1.2205827390256287 6.635595360640824e-09
1.22307999025664 6.545279219254598e-09
1.2255772414876511 6.456610869056139e-09
1.2280744927186622 6.3695530772101575e-09
1.2305717439496735 6.284069608676909e-09
1.2330689951806848 6.200125195375391e-09
1.2355662464116959 6.117685506423846e-09
1.238063497642707 6.036717119415706e-09
1.2405607488737183 5.957187492690901e-09
1.2430580001047296 5.879064938564121e-09
1.2455552513357406 5.8023185974730255e-09
1.2480525025667517 5.726918413011578e-09
1.250549753797763 5.652835107814445e-09
1.2530470050287743 5.580040160260222e-09
1.2555442562597854 5.508505781962467e-09
1.2580415074907965 5.438204896019133e-09
1.2605387587218078 5.369111115991517e-09
1.2630360099528188 5.301198725585816e-09
1.2655332611838301 5.234442659010813e-09
1.2680305124148412 5.168818481987009e-09
1.2705277636458523 5.104302373382823e-09
1.2730250148768636 5.040871107454714e-09
1.275522266107875 4.9785020366696e-09
1.278019517338886 4.917173075087677e-09
1.280516768569897 4.856862682285692e-09
1.2830140198009083 4.797549847800789e-09
1.2855112710319196 4.739214076076468e-09
1.2880085222629307 4.681835371892383e-09
1.2905057734939418 4.625394226260468e-09
1.293003024724953 4.569871602771253e-09
1.2955002759559644 4.5152489243739316e-09
1.2979975271869755 4.46150806057488e-09
1.3004947784179866 4.4086313150401005e-09
1.3029920296489979 4.356601413587146e-09
1.3054892808800092 4.305401492552851e-09
1.3079865321110202 4.255015087524104e-09
1.3104837833420313 4.205426122418597e-09
1.3129810345730426 4.156618898903604e-09
1.315478285804054 4.108578086141367e-09
1.317975537035065 4.061288710849419e-09
1.320472788266076 4.014736147665324e-09
1.3229700394970874 3.9689061098054566e-09
1.3254672907280987 3.923784640007578e-09
1.3279645419591097 3.879358101747981e-09
1.3304617931901208 3.835613170723494e-09
1.332959044421132 3.792536826589769e-09
1.3354562956521434 3.750116344947037e-09
1.3379535468831545 3.7083392895652702e-09
1.3404507981141656 3.6671935048405202e-09
1.3429480493451769 3.6266671084749784e-09
1.345445300576188 3.5867484843733052e-09
1.3479425518071992 3.547426275748066e-09
1.3504398030382103 3.5086893784273137e-09
1.3529370542692214 3.4705269343579963e-09
1.3554343055002327 3.432928325298495e-09
1.357931556731244 3.3958831666942706e-09
1.360428807962255 3.3593813017307547e-09
1.3629260591932661 3.3234127955576433e-09
1.3654233104242774 3.287967929679168e-09
1.3679205616552887 3.2530371965049288e-09
1.3704178128862998 3.2186112940563507e-09
1.372915064117311 3.1846811208235073e-09
1.3754123153483222 3.1512377707678467e-09
1.3779095665793335 3.1182725284660673e-09
1.3804068178103446 3.0857768643905797e-09
1.3829040690413557 3.053742430322524e-09
1.385401320272367 3.0221610548929795e-09
1.3878985715033783 2.9910247392484343e-09
1.3903958227343893 2.9603256528367106e-09
1.3928930739654004 2.93005612930951e-09
1.3953903251964117 2.9002086625379933e-09
1.397887576427423 2.870775902738022e-09
1.400384827658434 2.8417506527015804e-09
1.4028820788894452 2.81312586413114e-09
1.4053793301204565 2.78489463407385e-09
1.4078765813514678 2.7570502014526112e-09
1.4103738325824788 2.729585943690886e-09
1.41287108381349 2.7024953734285817e-09
1.4153683350445012 2.6757721353262647e-09
1.4178655862755125 2.649410002954945e-09
1.4203628375065236 2.623402875769008e-09
1.4228600887375347 2.5977447761595964e-09
1.4253573399685457 2.5724298465863964e-09
1.427854591199557 2.5474523467851905e-09
1.4303518424305683 2.5228066510489594e-09
1.4328490936615794 2.498487245580737e-09
1.4353463448925905 2.4744887259155494e-09
1.4378435961236018 2.450805794409835e-09
1.440340847354613 2.427433257796278e-09
1.4428380985856242 2.4043660248020557e-09
1.4453353498166353 2.381599103828735e-09
1.4478326010476466 2.359127600692073e-09
1.4503298522786578 2.3369467164198644e-09
1.452827103509669 2.3150517451063895e-09
1.45532435474068 2.293438071821557e-09
1.4578216059716913 2.2721011705734422e-09
1.4603188572027026 2.251036602322523e-09
1.4628161084337137 2.2302400130462884e-09
1.4653133596647248 2.209707131852591e-09
1.467810610895736 2.18943376914067e-09
1.4703078621267474 2.169415814808149e-09
1.4728051133577584 2.1496492365030665e-09
1.4753023645887695 2.1301300779193995e-09
1.4777996158197808 2.110854457135012e-09
1.480296867050792 2.0918185649909002e-09
1.4827941182818032 2.0730186635103512e-09
1.4852913695128143 2.0544510843572764e-09
1.4877886207438256 2.036112227332261e-09
1.4902858719748369 2.0179985589055297e-09
1.492783123205848 2.000106610785845e-09
1.495280374436859 1.9824329785241553e-09
1.4977776256678703 1.96497432015117e-09
1.5002748768988816 1.947727354848024e-09
1.5027721281298927 1.9306888616489978e-09
1.5052693793609038 1.913855678175393e-09
1.507766630591915 1.8972246993999785e-09
1.5102638818229261 1.880792876440877e-09
1.5127611330539374 1.8645572153842685e-09
1.5152583842849485 1.8485147761351978e-09
1.5177556355159598 1.8326626712955444e-09
1.520252886746971 1.8169980650686448e-09
1.5227501379779822 1.8015181721897215e-09
1.5252473892089933 1.7862202568814499e-09
1.5277446404400046 1.7711016318341113e-09
1.5302418916710157 1.756159657209551e-09
1.532739142902027 1.741391739668414e-09
1.535236394133038 1.7267953314199645e-09
1.5377336453640493 1.7123679292940417e-09
1.5402308965950604 1.6981070738343771e-09
1.5427281478260717 1.6840103484129107e-09
1.5452253990570828 1.6700753783644954e-09
1.5477226502880939 1.6562998301413871e-09
1.5502199015191052 1.642681410487135e-09
1.5527171527501162 1.6292178656293248e-09
1.5552144039811275 1.6159069804906486e-09
1.5577116552121386 1.6027465779179462e-09
1.56020890644315 1.5897345179285922e-09
1.562706157674161 1.576868696974055e-09
1.5652034089051723 1.5641470472198219e-09
1.5677006601361834 1.5515675358416883e-09
1.5701979113671947 1.53912816433766e-09
1.5726951625982057 1.5268269678552869e-09
1.575192413829217 1.5146620145339503e-09
1.5776896650602281 1.502631404861774e-09
1.5801869162912394 1.4907332710467559e-09
1.5826841675222505 1.4789657764017876e-09
1.5851814187532618 1.4673271147432678e-09
1.5876786699842729 1.4558155098028391e-09
1.5901759212152842 1.4444292146521088e-09
1.5926731724462952 1.4331665111398936e-09
1.5951704236773065 1.422025709341705e-09
1.5976676749083176 1.411005147021289e-09
1.600164926139329 1.400103189103729e-09
1.60266217737034 1.3893182271600097e-09
1.6051594286013513 1.3786486789026991e-09
1.6076566798323624 1.3680929876924786e-09
1.6101539310633737 1.357649622055186e-09
1.6126511822943848 1.3473170752093213e-09
1.615148433525396 1.3370938646035228e-09
1.6176456847564071 1.3269785314639688e-09
1.6201429359874184 1.3169696403513176e-09
1.6226401872184295 1.3070657787271168e-09
1.6251374384494406 1.2972655565292863e-09
1.6276346896804519 1.287567605756603e-09
1.630131940911463 1.277970580061913e-09
1.6326291921424743 1.2684731543538331e-09
1.6351264433734853 1.2590740244068165e-09
1.6376236946044966 1.2497719064793538e-09
1.6401209458355077 1.2405655369400984e-09
1.642618197066519 1.2314536719017268e-09
1.64511544829753 1.222435086862473e-09
1.6476126995285414 1.2135085763549279e-09
1.6501099507595525 1.204672953602195e-09
1.6526072019905638 1.1959270501810325e-09
1.6551044532215748 1.1872697156919362e-09
1.6576017044525861 1.1786998174359323e-09
1.6600989556835972 1.1702162400980252e-09
1.6625962069146085 1.1618178854369977e-09
1.6650934581456196 1.1535036719815833e-09
1.667590709376631 1.1452725347327317e-09
1.670087960607642 1.1371234248719177e-09
1.6725852118386533 1.1290553094753264e-09
1.6750824630696644 1.121067171233743e-09
1.6775797143006757 1.1131580081781142e-09
1.6800769655316867 1.1053268334105617e-09
1.682574216762698 1.0975726748407406e-09
1.685071467993709 1.0898945749275014e-09
1.6875687192247204 1.0822915904256254e-09
1.6900659704557315 1.0747627921376075e-09
1.6925632216867428 1.0673072646703255e-09
1.6950604729177539 1.0599241061965178e-09
1.6975577241487652 1.052612428220928e-09
1.7000549753797762 1.04537135535107e-09
1.7025522266107873 1.0382000250724393e-09
1.7050494778417986 1.031097587528148e-09
1.7075467290728097 1.0240632053028087e-09
1.710043980303821 1.0170960532106696e-09
1.712541231534832 1.0101953180878113e-09
1.7150384827658434 1.0033601985883712e-09
1.7175357339968544 9.965899049847202e-10
1.7200329852278657 9.898836589714537e-10
1.7225302364588768 9.83240693473174e-10
1.7250274876898881 9.766602524559167e-10
1.7275247389208992 9.701415907422312e-10
1.7300219901519105 9.636839738297489e-10
1.7325192413829216 9.572866777132007e-10
1.7350164926139329 9.509489887098333e-10
1.737513743844944 9.446702032881294e-10
1.7400109950759552 9.38449627899735e-10
1.7425082463069663 9.322865788145842e-10
1.7450054975379776 9.261803819591151e-10
1.7475027487689887 9.201303727575031e-10
1.75 9.141358959758993e-10
