0.5038716357254187 0.0
0.5063688869564299 0.0
0.5088661381874411 0.0
0.5113633894184523 0.0
0.5138606406494635 0.0
0.5163578918804747 0.0
0.5188551431114858 0.0
0.521352394342497 0.0
0.5238496455735082 0.0
0.5263468968045194 0.0
0.5288441480355306 0.0
0.5313413992665418 0.0
0.533838650497553 0.0
0.5363359017285642 0.0
0.5388331529595753 0.0
0.5413304041905864 0.0
0.5438276554215977 0.0
0.5463249066526088 0.0
0.54882215788362 0.0
0.5513194091146312 0.0
0.5538166603456424 0.0
0.5563139115766536 0.0
0.5588111628076647 0.0
0.5613084140386759 0.0
0.5638056652696871 0.0
0.5663029165006983 0.0
0.5688001677317095 0.0
0.5712974189627207 0.0
0.5737946701937319 0.0
0.5762919214247431 0.0
0.5787891726557542 0.0
0.5812864238867654 0.0
0.5837836751177766 0.0
0.5862809263487878 0.0
0.588778177579799 0.0
0.5912754288108102 0.0
0.5937726800418214 0.0
0.5962699312728326 0.0
0.5987671825038438 0.0
0.6012644337348549 0.0
0.6037616849658661 0.0
0.6062589361968773 0.0
0.6087561874278885 0.0
0.6112534386588997 0.0
0.6137506898899109 0.0
0.6162479411209221 0.0
0.6187451923519331 0.0
0.6212424435829444 0.0
0.6237396948139555 0.0
0.6262369460449668 0.0
0.6287341972759779 0.0
0.6312314485069892 0.0
0.6337286997380003 0.0
0.6362259509690115 0.0
0.6387232022000227 0.0
0.6412204534310338 0.0
0.643717704662045 0.0
0.6462149558930562 0.0
0.6487122071240674 0.0
0.6512094583550786 0.0
0.6537067095860898 0.0
0.656203960817101 0.0
0.6587012120481122 0.0
0.6611984632791233 0.0
0.6636957145101345 0.0
0.6661929657411457 0.0
0.6686902169721569 0.0
0.6711874682031681 0.0
0.6736847194341793 0.0
0.6761819706651905 0.0
0.6786792218962017 0.0
0.6811764731272129 0.0
0.683673724358224 0.0
0.6861709755892352 0.0
0.6886682268202464 0.0
0.6911654780512576 0.0
0.6936627292822688 0.0
0.6961599805132799 0.0
0.6986572317442912 0.0
0.7011544829753023 0.0
0.7036517342063136 0.0
0.7061489854373246 0.0
0.7086462366683359 0.0
0.711143487899347 0.0
0.7136407391303583 0.0
0.7161379903613694 0.0
0.7186352415923806 0.0
0.7211324928233918 0.0
0.723629744054403 0.0
0.7261269952854141 0.0
0.7286242465164253 0.0
0.7311214977474365 0.0
0.7336187489784477 0.0
0.7361160002094589 0.0
0.7386132514404701 0.0
0.7411105026714813 0.0
0.7436077539024925 0.0
0.7461050051335036 0.0
0.7486022563645148 1.8456580313773588e-06
0.751099507595526 3.2866241891228617e-06
0.7535967588265372 3.920540525304641e-06
0.7560940100575484 4.240415563963658e-06
0.7585912612885596 4.3870087863014616e-06
0.7610885125195708 4.4268785436261485e-06
0.763585763750582 4.397794947492789e-06
0.7660830149815931 4.323303905702643e-06
0.7685802662126042 4.218919159559627e-06
0.7710775174436155 4.095224102715632e-06
0.7735747686746266 3.959601629981443e-06
0.7760720199056379 3.817273834092586e-06
0.778569271136649 3.6719618484700383e-06
0.7810665223676603 3.526322048675065e-06
0.7835637735986714 3.382243576184659e-06
0.7860610248296827 3.241056294941593e-06
0.7885582760606937 3.103678987185055e-06
0.791055527291705 2.9707266121378552e-06
0.7935527785227161 2.8425889106089607e-06
0.7960500297537274 2.719488591931791e-06
0.7985472809847385 2.6015247539238096e-06
0.8010445322157498 2.4887054883325002e-06
0.8035417834467609 2.3809724823688016e-06
0.806039034677772 2.278219643432275e-06
0.8085362859087832 2.180307227006791e-06
0.8110335371397944 2.0870725597461187e-06
0.8135307883708056 1.998338170962385e-06
0.8160280396018168 1.9139179429887073e-06
0.818525290832828 1.8336217419166354e-06
0.8210225420638392 1.7572588797327198e-06
0.8235197932948504 1.6846406762742342e-06
0.8260170445258616 1.6155823272071597e-06
0.8285142957568727 1.5499042370606168e-06
0.8310115469878839 1.4874329403823248e-06
0.8335087982188951 1.4280017065070286e-06
0.8360060494499063 1.3714509021951086e-06
0.8385033006809175 1.3176281699775172e-06
0.8410005519119287 1.2663884672977603e-06
0.8434978031429399 1.2175940016174743e-06
0.845995054373951 1.1711140889033254e-06
0.8484923056049622 1.1268249568481894e-06
0.8509895568359733 1.0846095094238676e-06
0.8534868080669846 1.0443570656273409e-06
0.8559840592979957 1.00596308234609e-06
0.858481310529007 9.693288689573523e-07
0.8609785617600181 9.343612994582409e-07
0.8634758129910294 9.009725264934693e-07
0.8659730642220405 8.690797005235676e-07
0.8684703154530518 8.386046964945705e-07
0.8709675666840628 8.094738496800246e-07
0.8734648179150741 7.816177018275272e-07
0.8759620691460852 7.549707583239288e-07
0.8784593203770965 7.29471256770231e-07
0.8809565716081076 7.050609471099898e-07
0.8834538228391188 6.816848832672681e-07
0.88595107407013 6.592912261099092e-07
0.8884483253011412 6.37831057450858e-07
0.8909455765321523 6.172582047265653e-07
0.8934428277631635 5.975290759408703e-07
0.8959400789941747 5.786025044301096e-07
0.8984373302251859 5.604396029864933e-07
0.9009345814561971 5.430036268688305e-07
0.9034318326872083 5.262598452299706e-07
0.9059290839182195 5.101754204967308e-07
0.9084263351492307 4.947192952491159e-07
0.9109235863802418 4.798620861598834e-07
0.913420837611253 4.6557598457218103e-07
0.9159180888422642 4.518346633110036e-07
0.9184153400732754 4.3861318934330643e-07
0.9209125913042866 4.258879419209764e-07
0.9234098425352978 4.1363653586041175e-07
0.925907093766309 4.0183774963168323e-07
0.92840434499732 3.904714579491718e-07
0.9309015962283314 3.795185685738112e-07
0.9333988474593424 3.6896096305472626e-07
0.9358960986903537 3.587814411548926e-07
0.9383933499213648 3.4896366872157396e-07
0.9408906011523761 3.394921287775059e-07
0.9433878523833872 3.3035207562333986e-07
0.9458851036143985 3.215294917554098e-07
0.9483823548454096 3.1301104741583866e-07
0.9508796060764209 3.047840626040122e-07
0.9533768573074319 2.96836471389841e-07
0.9558741085384432 2.8915678837982596e-07
0.9583713597694543 2.817340771969217e-07
0.9608686110004656 2.745579208444691e-07
0.9633658622314767 2.6761839383318677e-07
0.9658631134624879 2.609060359583082e-07
0.9683603646934991 2.544118276215383e-07
0.9708576159245103 2.4812716659955234e-07
0.9733548671555214 2.420438461673575e-07
0.9758521183865326 2.361540344909572e-07
0.9783493696175438 2.304502552094934e-07
0.980846620848555 2.24925369132346e-07
0.9833438720795662 2.1957255698163928e-07
0.9858411233105774 2.1438530311522294e-07
0.9883383745415886 2.0935738016947985e-07
0.9908356257725998 2.0448283456534044e-07
0.993332877003611 1.9975597282458828e-07
0.9958301282346221 1.9517134864702045e-07
0.9983273794656333 1.9072375070226784e-07
1.0008246306966444 1.8640819109307374e-07
1.0033218819276557 1.8221989444964698e-07
1.005819133158667 1.7815428761731108e-07
1.008316384389678 1.7420698990211114e-07
1.0108136356206892 1.7037380384129063e-07
1.0133108868517005 1.6665070646769482e-07
1.0158081380827118 1.6303384103909775e-07
1.0183053893137228 1.5951950920530126e-07
1.020802640544734 1.5610416358756938e-07
1.0232998917757452 1.5278440074655824e-07
1.0257971430067563 1.4955695451638873e-07
1.0282943942377676 1.4641868968389945e-07
1.0307916454687787 1.4336659599343852e-07
1.0332888966997897 1.4039778245872884e-07
1.035786147930801 1.375094719645132e-07
1.0382833991618123 1.3469899614171318e-07
1.0407806503928234 1.319637905008529e-07
1.0432779016238345 1.2930138980939312e-07
1.0457751528548458 1.2670942369951731e-07
1.048272404085857 1.2418561249370186e-07
1.0507696553168682 1.2172776323615282e-07
1.0532669065478792 1.1933376591892878e-07
1.0557641577788905 1.1700158989219295e-07
1.0582614090099018 1.1472928044869867e-07
1.060758660240913 1.1251495557316068e-07
1.063255911471924 1.1035680284772497e-07
1.0657531627029353 1.0825307650526514e-07
1.0682504139339466 1.0620209462270041e-07
1.0707476651649577 1.0420223644698038e-07
1.0732449163959688 1.0225193984681452e-07
1.07574216762698 1.003496988836029e-07
1.0782394188579913 9.849406149540792e-08
1.0807366700890024 9.668362728815103e-08
1.0832339213200135 9.49170454285363e-08
1.0857311725510248 9.319301263353065e-08
1.088228423782036 9.151027125149407e-08
1.0907256750130472 8.986760743034474e-08
1.0932229262440583 8.826384936838145e-08
1.0957201774750696 8.669786564364647e-08
1.0982174287060809 8.516856361791271e-08
1.100714679937092 8.367488791161268e-08
1.103211931168103 8.221581894621115e-08
1.105709182399114 8.079037155072417e-08
1.1082064336301254 7.939759362925044e-08
1.1107036848611367 7.803656488656202e-08
1.1132009360921478 7.670639560894565e-08
1.1156981873231588 7.540622549764415e-08
1.1181954385541701 7.413522255238057e-08
1.1206926897851814 7.289258200258106e-08
1.1231899410161925 7.167752528404143e-08
1.1256871922472036 7.048929905888751e-08
1.128184443478215 6.932717427680653e-08
1.1306816947092262 6.819044527561648e-08
1.1331789459402373 6.707842891934771e-08
1.1356761971712483 6.599046377209901e-08
1.1381734484022596 6.492590930602438e-08
1.140670699633271 6.388414514188346e-08
1.143167950864282 6.286457032067024e-08
1.145665202095293 6.186660260490893e-08
1.1481624533263044 6.088967780827712e-08
1.1506597045573157 5.993324915228128e-08
1.1531569557883268 5.899678664876917e-08
1.1556542070193379 5.807977650713274e-08
1.1581514582503492 5.7181720565102516e-08
1.1606487094813605 5.6302135742090704e-08
1.1631459607123715 5.544055351409186e-08
1.1656432119433826 5.459651940919749e-08
1.168140463174394 5.376959252282433e-08
1.1706377144054052 5.2959345051803e-08
1.1731349656364163 5.2165361846509484e-08
1.1756322168674274 5.138723998026438e-08
1.1781294680984387 5.0624588335261126e-08
1.18062671932945 4.987702720431619e-08
1.183123970560461 4.9144187907771784e-08
1.1856212217914721 4.842571242490824e-08
1.1881184730224832 4.772125303925693e-08
1.1906157242534945 4.703047199723116e-08
1.1931129754845058 4.6353041179517345e-08
1.1956102267155169 4.568864178469883e-08
1.198107477946528 4.50369640246042e-08
1.2006047291775392 4.439770683089751e-08
1.2031019804085505 4.3770577572451206e-08
1.2055992316395616 4.315529178305716e-08
1.2080964828705727 4.2551572899059026e-08
1.210593734101584 4.195915200650245e-08
1.2130909853325953 4.137776759741938e-08
1.2155882365636064 4.0807165334878525e-08
1.2180854877946174 4.0247097826452843e-08
1.2205827390256287 3.9697324405768737e-08
1.22307999025664 3.915761092181364e-08
1.2255772414876511 3.862772953569962e-08
1.2280744927186622 3.810745852458505e-08
1.2305717439496735 3.759658209247721e-08
1.2330689951806848 3.70948901876465e-08
1.2355662464116959 3.66021783263933e-08
1.238063497642707 3.6118247422923903e-08
1.2405607488737183 3.5642903625098565e-08
1.2430580001047296 3.5175958155826656e-08
1.2455552513357406 3.4717227159892115e-08
1.2480525025667517 3.426653155600357e-08
1.250549753797763 3.38236968938696e-08
1.2530470050287743 3.338855321610967e-08
1.2555442562597854 3.2960934924818086e-08
1.2580415074907965 3.25406806526079e-08
1.2605387587218078 3.212763313796539e-08
1.2630360099528188 3.1721639104756355e-08
1.2655332611838301 3.132254914572862e-08
1.2680305124148412 3.093021760986508e-08
1.2705277636458523 3.054450249344444e-08
1.2730250148768636 3.016526533467286e-08
1.275522266107875 2.9792371111759e-08
1.278019517338886 2.9425688144303982e-08
1.280516768569897 2.906508799788848e-08
1.2830140198009083 2.871044539173971e-08
1.2855112710319196 2.8361638109369493e-08
1.2880085222629307 2.801854691207574e-08
1.2905057734939418 2.7681055455204548e-08
1.293003024724953 2.7349050207076542e-08
1.2955002759559644 2.7022420370481895e-08
1.2979975271869755 2.6701057806652826e-08
1.3004947784179866 2.6384856961628036e-08
1.3029920296489979 2.6073714794924335e-08
1.3054892808800092 2.5767530710434153e-08
1.3079865321110202 2.5466206489473587e-08
1.3104837833420313 2.5169646225904222e-08
1.3129810345730426 2.4877756263258298e-08
1.315478285804054 2.459044513379879e-08
1.317975537035065 2.4307623499446837e-08
1.320472788266076 2.4029204094512954e-08
1.3229700394970874 2.3755101670172086e-08
1.3254672907280987 2.3485232940620823e-08
1.3279645419591097 2.3219516530862795e-08
1.3304617931901208 2.2957872926064918e-08
1.332959044421132 2.270022442243337e-08
1.3354562956521434 2.2446495079557666e-08
1.3379535468831545 2.2196610674174793e-08
1.3404507981141656 2.1950498655304788e-08
1.3429480493451769 2.17080881007137e-08
1.345445300576188 2.1469309674660175e-08
1.3479425518071992 2.123409558688246e-08
1.3504398030382103 2.100237955278554e-08
1.3529370542692214 2.0774096754790416e-08
1.3554343055002327 2.0549183804806138e-08
1.357931556731244 2.0327578707788767e-08
1.360428807962255 2.0109220826352948e-08
1.3629260591932661 1.9894050846400828e-08
1.3654233104242774 1.968201074373677e-08
1.3679205616552887 1.9473043751635708e-08
1.3704178128862998 1.9267094329335595e-08
1.372915064117311 1.9064108131423e-08
1.3754123153483222 1.8864031978085414e-08
1.3779095665793335 1.8666813826202254e-08
1.3804068178103446 1.847240274124691e-08
1.3829040690413557 1.828074886997688e-08
1.385401320272367 1.809180341388531e-08
1.3878985715033783 1.7905518603390998e-08
1.3903958227343893 1.772184767274429e-08
1.3928930739654004 1.7540744835626228e-08
1.3953903251964117 1.7362165261419256e-08
1.397887576427423 1.718606505213006e-08
1.400384827658434 1.7012401219943436e-08
1.4028820788894452 1.684113166538831e-08
1.4053793301204565 1.6672215156097155e-08
1.4078765813514678 1.6505611306141508e-08
1.4103738325824788 1.6341280555924936e-08
1.41287108381349 1.617918415261741e-08
1.4153683350445012 1.601928413111525e-08
1.4178655862755125 1.5861543295509827e-08
1.4203628375065236 1.5705925201050736e-08
1.4228600887375347 1.555239413658785e-08
1.4253573399685457 1.540091510747935e-08
1.427854591199557 1.5251453818950772e-08
1.4303518424305683 1.5103976659891575e-08
1.4328490936615794 1.495845068707852e-08
1.4353463448925905 1.4814843609810219e-08
1.4378435961236018 1.4673123774943177e-08
1.440340847354613 1.453326015231713e-08
1.4428380985856242 1.4395222320557621e-08
1.4453353498166353 1.4258980453245779e-08
1.4478326010476466 1.4124505305444323e-08
1.4503298522786578 1.3991768200569179e-08
1.452827103509669 1.386074101759818e-08
1.45532435474068 1.3731396178605016e-08
1.4578216059716913 1.360370663661137e-08
1.4603188572027026 1.3477645863746629e-08
1.4628161084337137 1.3353187839707648e-08
1.4653133596647248 1.3230307040508517e-08
1.467810610895736 1.3108978427514492e-08
1.4703078621267474 1.2989177436749368e-08
1.4728051133577584 1.287087996847126e-08
1.4753023645887695 1.2754062377007204e-08
1.4777996158197808 1.2638701460840604e-08
1.480296867050792 1.252477445294454e-08
1.4827941182818032 1.2412259011352699e-08
1.4852913695128143 1.2301133209963872e-08
1.4877886207438256 1.2191375529570978e-08
1.4902858719748369 1.2082964849109936e-08
1.492783123205848 1.1975880437122699e-08
1.495280374436859 1.1870101943427354e-08
1.4977776256678703 1.1765609390990134e-08
1.5002748768988816 1.1662383167994802e-08
1.5027721281298927 1.1560404020102951e-08
1.5052693793609038 1.1459653042899873e-08
1.507766630591915 1.1360111674522647e-08
1.5102638818229261 1.1261761688463704e-08
1.5127611330539374 1.11645851865461e-08
1.5152583842849485 1.1068564592066133e-08
1.5177556355159598 1.0973682643098106e-08
1.520252886746971 1.0879922385957644e-08
1.5227501379779822 1.07872671688191e-08
1.5252473892089933 1.0695700635482557e-08
1.5277446404400046 1.060520671928753e-08
1.5302418916710157 1.0515769637168511e-08
1.532739142902027 1.0427373883849283e-08
1.535236394133038 1.034000422617184e-08
1.5377336453640493 1.0253645697557332e-08
1.5402308965950604 1.0168283592594293e-08
1.5427281478260717 1.0083903461752103e-08
1.5452253990570828 1.0000491106216029e-08
1.5477226502880939 9.918032572840119e-09
1.5502199015191052 9.836514149215982e-09
1.5527171527501162 9.75592235885377e-09
1.5552144039811275 9.676243956472554e-09
1.5577116552121386 9.597465923397897e-09
1.56020890644315 9.519575463062714e-09
1.562706157674161 9.442559996610743e-09
1.5652034089051723 9.366407158597455e-09
1.5677006601361834 9.291104792788652e-09
1.5701979113671947 9.216640948052146e-09
1.5726951625982057 9.143003874341462e-09
1.575192413829217 9.070182018768812e-09
1.5776896650602281 8.998164021765172e-09
1.5801869162912394 8.926938713325287e-09
1.5826841675222505 8.856495109335506e-09
1.5851814187532618 8.786822407982633e-09
1.5876786699842729 8.717909986241153e-09
1.5901759212152842 8.649747396437853e-09
1.5926731724462952 8.582324362891223e-09
1.5951704236773065 8.515630778623813e-09
1.5976676749083176 8.449656702146555e-09
1.600164926139329 8.384392354312089e-09
1.60266217737034 8.319828115236367e-09
1.6051594286013513 8.255954521286752e-09
1.6076566798323624 8.192762262134752e-09
1.6101539310633737 8.13024217787143e-09
1.6126511822943848 8.068385256185413e-09
1.615148433525396 8.007182629600238e-09
1.6176456847564071 7.946625572770971e-09
1.6201429359874184 7.886705499837845e-09
1.6226401872184295 7.827413961836233e-09
1.6251374384494406 7.768742644160957e-09
1.6276346896804519 7.710683364084152e-09
1.630131940911463 7.65322806832535e-09
1.6326291921424743 7.596368830672162e-09
1.6351264433734853 7.540097849650887e-09
1.6376236946044966 7.484407446245703e-09
1.6401209458355077 7.429290061665127e-09
1.642618197066519 7.374738255154701e-09
1.64511544829753 7.320744701855364e-09
1.6476126995285414 7.267302190705353e-09
1.6501099507595525 7.214403622385905e-09
1.6526072019905638 7.162042007308669e-09
1.6551044532215748 7.1102104636446186e-09
1.6576017044525861 7.05890221539295e-09
1.6600989556835972 7.008110590489736e-09
1.6625962069146085 6.957829018954544e-09
1.6650934581456196 6.9080510310750335e-09
1.667590709376631 6.8587702556279325e-09
1.670087960607642 6.809980418136193e-09
1.6725852118386533 6.761675339161078e-09
1.6750824630696644 6.713848932628464e-09
1.6775797143006757 6.6664952041888805e-09
1.6800769655316867 6.61960824961019e-09
1.682574216762698 6.573182253202114e-09
1.685071467993709 6.5272114862725216e-09
1.6875687192247204 6.481690305613911e-09
1.6900659704557315 6.436613152020074e-09
1.6925632216867428 6.391974548831973e-09
1.6950604729177539 6.347769100512261e-09
1.6975577241487652 6.303991491247763e-09
1.7000549753797762 6.260636483579464e-09
1.7025522266107873 6.217698917059071e-09
1.7050494778417986 6.1751737069320455e-09
1.7075467290728097 6.133055842845942e-09
1.710043980303821 6.091340387584213e-09
1.712541231534832 6.050022475824159e-09
1.7150384827658434 6.0090973129190506e-09
1.7175357339968544 5.9685601737038125e-09
1.7200329852278657 5.928406401323442e-09
1.7225302364588768 5.888631406084155e-09
1.7250274876898881 5.8492306643262395e-09
1.7275247389208992 5.8101997173187685e-09
1.7300219901519105 5.771534170175114e-09
1.7325192413829216 5.7332296907890754e-09
1.7350164926139329 5.6952820087913504e-09
1.737513743844944 5.657686914525683e-09
1.7400109950759552 5.620440258044193e-09
1.7425082463069663 5.583537948121817e-09
1.7450054975379776 5.546975951289213e-09
1.7475027487689887 5.510750290883665e-09
1.75 5.474857046117973e-09
