0.5038716357254187 0.0
0.5063688869564299 0.0
0.5088661381874411 0.0
0.5113633894184523 0.0
0.5138606406494635 0.0
0.5163578918804747 0.0
0.5188551431114858 0.0
0.521352394342497 0.0
0.5238496455735082 0.0
0.5263468968045194 0.0
0.5288441480355306 0.0
0.5313413992665418 0.0
0.533838650497553 0.0
0.5363359017285642 0.0
0.5388331529595753 0.0
0.5413304041905864 0.0
0.5438276554215977 0.0
0.5463249066526088 0.0
0.54882215788362 0.0
0.5513194091146312 0.0
0.5538166603456424 0.0
0.5563139115766536 0.0
0.5588111628076647 0.0
0.5613084140386759 0.0
0.5638056652696871 0.0
0.5663029165006983 0.0
0.5688001677317095 0.0
0.5712974189627207 0.0
0.5737946701937319 0.0
0.5762919214247431 0.0
0.5787891726557542 0.0
0.5812864238867654 0.0
0.5837836751177766 0.0
0.5862809263487878 0.0
0.588778177579799 0.0
0.5912754288108102 0.0
0.5937726800418214 0.0
0.5962699312728326 0.0
0.5987671825038438 0.0
0.6012644337348549 0.0
0.6037616849658661 0.0
0.6062589361968773 0.0
0.6087561874278885 0.0
0.6112534386588997 0.0
0.6137506898899109 0.0
0.6162479411209221 0.0
0.6187451923519331 0.0
0.6212424435829444 0.0
0.6237396948139555 0.0
0.6262369460449668 0.0
0.6287341972759779 0.0
0.6312314485069892 0.0
0.6337286997380003 0.0
0.6362259509690115 0.0
0.6387232022000227 0.0
0.6412204534310338 0.0
0.643717704662045 0.0
0.6462149558930562 0.0
0.6487122071240674 0.0
0.6512094583550786 0.0
0.6537067095860898 0.0
0.656203960817101 0.0
0.6587012120481122 0.0
0.6611984632791233 0.0
0.6636957145101345 0.0
0.6661929657411457 0.0
0.6686902169721569 0.0
0.6711874682031681 0.0
0.6736847194341793 0.0
0.6761819706651905 0.0
0.6786792218962017 0.0
0.6811764731272129 0.0
0.683673724358224 0.0
0.6861709755892352 0.0
0.6886682268202464 0.0
0.6911654780512576 0.0
0.6936627292822688 0.0
0.6961599805132799 0.0
0.6986572317442912 0.0
0.7011544829753023 0.0
0.7036517342063136 0.0
0.7061489854373246 0.0
0.7086462366683359 0.0
0.711143487899347 0.0
0.7136407391303583 0.0
0.7161379903613694 0.0
0.7186352415923806 0.0
0.7211324928233918 0.0
0.723629744054403 0.0
0.7261269952854141 0.0
0.7286242465164253 0.0
0.7311214977474365 0.0
0.7336187489784477 0.0
0.7361160002094589 0.0
0.7386132514404701 0.0
0.7411105026714813 0.0
0.7436077539024925 0.0
0.7461050051335036 0.0
0.7486022563645148 4.330779930932754e-08
0.751099507595526 7.569114627739003e-08
0.7535967588265372 8.877993224664377e-08
0.7560940100575484 9.456936012426378e-08
0.7585912612885596 9.649433140021838e-08
0.7610885125195708 9.615459452762955e-08
0.763585763750582 9.443511370933568e-08
0.7660830149815931 9.187013533539086e-08
0.7685802662126042 8.879889462629853e-08
0.7710775174436155 8.544349618210275e-08
0.7735747686746266 8.195198776280284e-08
0.7760720199056379 7.842388849083403e-08
0.778569271136649 7.4926091267501e-08
0.7810665223676603 7.150314402882561e-08
0.7835637735986714 6.818408862984802e-08
0.7860610248296827 6.498711199107772e-08
0.7885582760606937 6.192276519900331e-08
0.791055527291705 5.899622254199449e-08
0.7935527785227161 5.620888415872871e-08
0.7960500297537274 5.355952257027501e-08
0.7985472809847385 5.104510793945137e-08
0.8010445322157498 4.8661404459783835e-08
0.8035417834467609 4.640340215328837e-08
0.806039034677772 4.4265629375426666e-08
0.8085362859087832 4.2242378308910716e-08
0.8110335371397944 4.0327866675903115e-08
0.8135307883708056 3.8516352525331275e-08
0.8160280396018168 3.6802214416481564e-08
0.818525290832828 3.518000606092918e-08
0.8210225420638392 3.364449212285994e-08
0.8235197932948504 3.2190670152982396e-08
0.8260170445258616 3.081378236314625e-08
0.8285142957568727 2.9509320010943218e-08
0.8310115469878839 2.8273022466330794e-08
0.8335087982188951 2.7100872511597892e-08
0.8360060494499063 2.5989089035574332e-08
0.8385033006809175 2.4934117989315425e-08
0.8410005519119287 2.3932622249011717e-08
0.8434978031429399 2.298147086450868e-08
0.845995054373951 2.2077728045190594e-08
0.8484923056049622 2.1218642139119167e-08
0.8509895568359733 2.040163478876907e-08
0.8534868080669846 1.9624290391863197e-08
0.8559840592979957 1.888434595446119e-08
0.858481310529007 1.817968139238189e-08
0.8609785617600181 1.750831031382252e-08
0.8634758129910294 1.6868371298812917e-08
0.8659730642220405 1.6258119678499934e-08
0.8684703154530518 1.5675919808104535e-08
0.8709675666840628 1.5120237820908878e-08
0.8734648179150741 1.4589634846161753e-08
0.8759620691460852 1.4082760670858423e-08
0.8784593203770965 1.3598347823565173e-08
0.8809565716081076 1.313520605754018e-08
0.8834538228391188 1.2692217210115177e-08
0.88595107407013 1.2268330415484648e-08
0.8884483253011412 1.1862557648562625e-08
0.8909455765321523 1.1473969578314151e-08
0.8934428277631635 1.1101691709869967e-08
0.8959400789941747 1.074490079573364e-08
0.8984373302251859 1.040282149744328e-08
0.9009345814561971 1.0074723280125075e-08
0.9034318326872083 9.759917523447822e-09
0.9059290839182195 9.457754833539648e-09
0.9084263351492307 9.167622541447494e-09
0.9109235863802418 8.888942374698419e-09
0.913420837611253 8.621168289455431e-09
0.9159180888422642 8.363784451642504e-09
0.9184153400732754 8.116303356248075e-09
0.9209125913042866 7.878264074796612e-09
0.9234098425352978 7.649230621711245e-09
0.925907093766309 7.42879043097246e-09
0.92840434499732 7.2165529351153845e-09
0.9309015962283314 7.012148239198923e-09
0.9333988474593424 6.815225882929956e-09
0.9358960986903537 6.625453684634461e-09
0.9383933499213648 6.4425166612398765e-09
0.9408906011523761 6.2661160188682895e-09
0.9433878523833872 6.095968209045591e-09
0.9458851036143985 5.931804045902444e-09
0.9483823548454096 5.7733678800900195e-09
0.9508796060764209 5.620416825450019e-09
0.9533768573074319 5.472720034773647e-09
0.9558741085384432 5.330058021254805e-09
0.9583713597694543 5.192222022494099e-09
0.9608686110004656 5.0590134041408365e-09
0.9633658622314767 4.930243100474193e-09
0.9658631134624879 4.805731089421615e-09
0.9683603646934991 4.685305899694761e-09
0.9708576159245103 4.568804147890841e-09
0.9733548671555214 4.4560701035631544e-09
0.9758521183865326 4.346955280407262e-09
0.9783493696175438 4.2413180518423175e-09
0.980846620848555 4.139023289389091e-09
0.9833438720795662 4.039942022359645e-09
0.9858411233105774 3.943951117478218e-09
0.9883383745415886 3.850932977149454e-09
0.9908356257725998 3.760775255180173e-09
0.993332877003611 3.6733705888432595e-09
0.9958301282346221 3.5886163462491744e-09
0.9983273794656333 3.5064143880618803e-09
1.0008246306966444 3.426670842661436e-09
1.0033218819276557 3.349295893916837e-09
1.005819133158667 3.2742035807891145e-09
1.008316384389678 3.2013116080372715e-09
1.0108136356206892 3.1305411673480704e-09
1.0133108868517005 3.0618167682563074e-09
1.0158081380827118 2.9950660782637024e-09
1.0183053893137228 2.9302197716037194e-09
1.020802640544734 2.8672113861357967e-09
1.0232998917757452 2.8059771878862024e-09
1.0257971430067563 2.7464560427837893e-09
1.0282943942377676 2.688589295168071e-09
1.0307916454687787 2.6323206526745583e-09
1.0332888966997897 2.5775960771266407e-09
1.035786147930801 2.5243636810877007e-09
1.0382833991618123 2.4725736297482407e-09
1.0407806503928234 2.4221780478437897e-09
1.0432779016238345 2.373130931317804e-09
1.0457751528548458 2.325388063461936e-09
1.048272404085857 2.278906935282402e-09
1.0507696553168682 2.2336466698563778e-09
1.0532669065478792 2.1895679504572593e-09
1.0557641577788905 2.146632952240489e-09
1.0582614090099018 2.104805277294726e-09
1.060758660240913 2.0640498928745348e-09
1.063255911471924 2.0243330726418015e-09
1.0657531627029353 1.985622340753568e-09
1.0682504139339466 1.947886418643344e-09
1.0707476651649577 1.9110951743519754e-09
1.0732449163959688 1.8752195742727254e-09
1.07574216762698 1.8402316371829134e-09
1.0782394188579913 1.8061043904419617e-09
1.0807366700890024 1.7728118282426567e-09
1.0832339213200135 1.740328871808659e-09
1.0857311725510248 1.7086313314378428e-09
1.088228423782036 1.6776958702962625e-09
1.0907256750130472 1.647499969873293e-09
1.0932229262440583 1.6180218970131825e-09
1.0957201774750696 1.5892406724433899e-09
1.0982174287060809 1.5611360407240417e-09
1.100714679937092 1.5336884415474396e-09
1.103211931168103 1.506878982320139e-09
1.105709182399114 1.4806894119640658e-09
1.1082064336301254 1.455102095876399e-09
1.1107036848611367 1.4300999919913517e-09
1.1132009360921478 1.405666627889944e-09
1.1156981873231588 1.3817860789068543e-09
1.1181954385541701 1.3584429471860714e-09
1.1206926897851814 1.33562234163965e-09
1.1231899410161925 1.313309858766369e-09
1.1256871922472036 1.2914915642891804e-09
1.128184443478215 1.2701539755727556e-09
1.1306816947092262 1.2492840447841637e-09
1.1331789459402373 1.2288691427618874e-09
1.1356761971712483 1.208897043559934e-09
1.1381734484022596 1.1893559096357863e-09
1.140670699633271 1.1702342776522528e-09
1.143167950864282 1.151521044864997e-09
1.145665202095293 1.1332054560688542e-09
1.1481624533263044 1.1152770910774616e-09
1.1506597045573157 1.0977258527119836e-09
1.1531569557883268 1.080541955275837e-09
1.1556542070193379 1.0637159134936315e-09
1.1581514582503492 1.0472385318935222e-09
1.1606487094813605 1.031100894613158e-09
1.1631459607123715 1.0152943556104595e-09
1.1656432119433826 9.998105292613525e-10
1.168140463174394 9.846412813274182e-10
1.1706377144054052 9.697787202773084e-10
1.1731349656364163 9.552151889464546e-10
1.1756322168674274 9.409432565204556e-10
1.1781294680984387 9.269557108281349e-10
1.18062671932945 9.132455509309681e-10
1.183123970560461 8.998059799962077e-10
1.1856212217914721 8.866303984415917e-10
1.1881184730224832 8.737123973401457e-10
1.1906157242534945 8.610457520741105e-10
1.1931129754845058 8.486244162274598e-10
1.1956102267155169 8.364425157070952e-10
1.198107477946528 8.24494343083148e-10
1.2006047291775392 8.12774352139295e-10
1.2031019804085505 8.01277152624463e-10
1.2055992316395616 7.899975051975543e-10
1.2080964828705727 7.789303165573646e-10
1.210593734101584 7.680706347501098e-10
1.2130909853325953 7.574136446473543e-10
1.2155882365636064 7.469546635874382e-10
1.2180854877946174 7.366891371738331e-10
1.2205827390256287 7.266126352241659e-10
1.22307999025664 7.167208478638121e-10
1.2255772414876511 7.070095817584175e-10
1.2280744927186622 6.97474756479752e-10
1.2305717439496735 6.881124009996925e-10
1.2330689951806848 6.789186503073213e-10
1.2355662464116959 6.698897421442483e-10
1.238063497642707 6.610220138536401e-10
1.2405607488737183 6.523118993384928e-10
1.2430580001047296 6.437559261249453e-10
1.2455552513357406 6.353507125265897e-10
1.2480525025667517 6.270929649059232e-10
1.250549753797763 6.18979475029208e-10
1.2530470050287743 6.110071175112144e-10
1.2555442562597854 6.031728473464229e-10
1.2580415074907965 5.954736975234531e-10
1.2605387587218078 5.879067767195606e-10
1.2630360099528188 5.804692670722421e-10
1.2655332611838301 5.731584220250366e-10
1.2680305124148412 5.659715642448042e-10
1.2705277636458523 5.589060836078317e-10
1.2730250148768636 5.519594352521995e-10
1.275522266107875 5.451291376940368e-10
1.278019517338886 5.384127710052717e-10
1.280516768569897 5.318079750506869e-10
1.2830140198009083 5.253124477820826e-10
1.2855112710319196 5.189239435875321e-10
1.2880085222629307 5.126402716937201e-10
1.2905057734939418 5.064592946194528e-10
1.293003024724953 5.003789266785386e-10
1.2955002759559644 4.943971325302706e-10
1.2979975271869755 4.88511925775807e-10
1.3004947784179866 4.827213675988605e-10
1.3029920296489979 4.770235654491197e-10
1.3054892808800092 4.714166717668932e-10
1.3079865321110202 4.658988827475697e-10
1.3104837833420313 4.6046843714447305e-10
1.3129810345730426 4.5512361510880315e-10
1.315478285804054 4.49862737065382e-10
1.317975537035065 4.446841626229663e-10
1.320472788266076 4.3958628951792616e-10
1.3229700394970874 4.345675525901944e-10
1.3254672907280987 4.2962642279033086e-10
1.3279645419591097 4.247614062166991e-10
1.3304617931901208 4.1997104318169933e-10
1.332959044421132 4.1525390730609834e-10
1.3354562956521434 4.106086046405099e-10
1.3379535468831545 4.0603377281312306e-10
1.3404507981141656 4.0152808020278285e-10
1.3429480493451769 3.9709022513660484e-10
1.345445300576188 3.9271893511131517e-10
1.3479425518071992 3.8841296603750605e-10
1.3504398030382103 3.841711015060706e-10
1.3529370542692214 3.7999215207610553e-10
1.3554343055002327 3.7587495458355407e-10
1.357931556731244 3.718183714699254e-10
1.360428807962255 3.678212901304559e-10
1.3629260591932661 3.63882622281055e-10
1.3654233104242774 3.6000130334345395e-10
1.3679205616552887 3.5617629184796375e-10
1.3704178128862998 3.5240656885329234e-10
1.372915064117311 3.4869113738284684e-10
1.3754123153483222 3.4502902187703305e-10
1.3779095665793335 3.4141926766103923e-10
1.3804068178103446 3.378609404275789e-10
1.3829040690413557 3.343531257341815e-10
1.385401320272367 3.3089492851453093e-10
1.3878985715033783 3.2748547260342494e-10
1.3903958227343893 3.2412390027494213e-10
1.3928930739654004 3.20809371793401e-10
1.3953903251964117 3.1754106497669745e-10
1.397887576427423 3.1431817477167607e-10
1.400384827658434 3.1113991284113357e-10
1.4028820788894452 3.0800550716211404e-10
1.4053793301204565 3.04914201635142e-10
1.4078765813514678 3.0186525570407796e-10
1.4103738325824788 2.9885794398625194e-10
1.41287108381349 2.9589155591257274e-10
1.4153683350445012 2.9296539537733186e-10
1.4178655862755125 2.9007878039737595e-10
1.4203628375065236 2.8723104278039747e-10
1.4228600887375347 2.844215278020498e-10
1.4253573399685457 2.8164959389164556e-10
1.427854591199557 2.7891461232616835e-10
1.4303518424305683 2.7621596693234294e-10
1.4328490936615794 2.7355305379657035e-10
1.4353463448925905 2.7092528098243603e-10
1.4378435961236018 2.683320682556134e-10
1.440340847354613 2.657728468159386e-10
1.4428380985856242 2.6324705903643207e-10
1.4453353498166353 2.6075415820908416e-10
1.4478326010476466 2.582936082971987e-10
1.4503298522786578 2.5586488369410084e-10
1.452827103509669 2.5346746898805485e-10
1.45532435474068 2.5110085873316415e-10
1.4578216059716913 2.4876455722613535e-10
1.4603188572027026 2.4645807828870044e-10
1.4628161084337137 2.441809450555648e-10
1.4653133596647248 2.4193268976769056e-10
1.467810610895736 2.397128535708138e-10
1.4703078621267474 2.375209863189915e-10
1.4728051133577584 2.3535664638308905e-10
1.4753023645887695 2.3321940046403097e-10
1.4777996158197808 2.3110882341070437e-10
1.480296867050792 2.2902449804238716e-10
1.4827941182818032 2.2696601497554523e-10
1.4852913695128143 2.2493297245493088e-10
1.4877886207438256 2.2292497618881072e-10
1.4902858719748369 2.2094163918823592e-10
1.492783123205848 2.1898258161025393e-10
1.495280374436859 2.1704743060493067e-10
1.4977776256678703 2.1513582016608216e-10
1.5002748768988816 2.132473909856406e-10
1.5027721281298927 2.113817903115303e-10
1.5052693793609038 2.0953867180895474e-10
1.507766630591915 2.077176954250366e-10
1.5102638818229261 2.0591852725668462e-10
1.5127611330539374 2.0414083942161696e-10
1.5152583842849485 2.0238430993246062e-10
1.5177556355159598 2.0064862257383573e-10
1.520252886746971 1.9893346678234955e-10
1.5227501379779822 1.9723853752942916e-10
1.5252473892089933 1.9556353520689933e-10
1.5277446404400046 1.9390816551526037e-10
1.5302418916710157 1.9227213935457164e-10
1.532739142902027 1.9065517271788684e-10
1.535236394133038 1.8905698658716265e-10
1.5377336453640493 1.8747730683159444e-10
1.5402308965950604 1.859158641082911e-10
1.5427281478260717 1.8437239376525147e-10
1.5452253990570828 1.8284663574657486e-10
1.5477226502880939 1.8133833449983764e-10
1.5502199015191052 1.7984723888559936e-10
1.5527171527501162 1.7837310208897012e-10
1.5552144039811275 1.7691568153318824e-10
1.5577116552121386 1.7547473879516833e-10
1.56020890644315 1.7405003952294468e-10
1.562706157674161 1.7264135335500285e-10
1.5652034089051723 1.7124845384139929e-10
1.5677006601361834 1.6987111836667626e-10
1.5701979113671947 1.685091280744864e-10
1.5726951625982057 1.6716226779390858e-10
1.575192413829217 1.658303259674015e-10
1.5776896650602281 1.6451309458036002e-10
1.5801869162912394 1.6321036909222885e-10
1.5826841675222505 1.6192194836913946e-10
1.5851814187532618 1.606476346180332e-10
1.5876786699842729 1.5938723332222537e-10
1.5901759212152842 1.5814055317838934e-10
1.5926731724462952 1.5690740603491516e-10
1.5951704236773065 1.556876068316071e-10
1.5976676749083176 1.544809735407023e-10
1.600164926139329 1.532873271091584e-10
1.60266217737034 1.5210649140219153e-10
1.6051594286013513 1.5093829314803867e-10
1.6076566798323624 1.4978256188390537e-10
1.6101539310633737 1.4863912990306254e-10
1.6126511822943848 1.4750783220309595e-10
1.615148433525396 1.4638850643524194e-10
1.6176456847564071 1.452809928548125e-10
1.6201429359874184 1.441851342726683e-10
1.6226401872184295 1.431007760077228e-10
1.6251374384494406 1.4202776584044763e-10
1.6276346896804519 1.4096595396735716e-10
1.630131940911463 1.3991519295645468e-10
1.6326291921424743 1.388753377036057e-10
1.6351264433734853 1.3784624538982785e-10
1.6376236946044966 1.3682777543947278e-10
1.6401209458355077 1.358197894792751e-10
1.642618197066519 1.3482215129825056e-10
1.64511544829753 1.3383472680843124e-10
1.6476126995285414 1.3285738400640107e-10
1.6501099507595525 1.3188999293563458e-10
1.6526072019905638 1.3093242564960048e-10
1.6551044532215748 1.2998455617562752e-10
1.6576017044525861 1.290462604795041e-10
1.6600989556835972 1.2811741643080631e-10
1.6625962069146085 1.2719790376892463e-10
1.6650934581456196 1.2628760406978524e-10
1.667590709376631 1.2538640071323954e-10
1.670087960607642 1.2449417885111916e-10
1.6725852118386533 1.2361082537592842e-10
1.6750824630696644 1.2273622889016835e-10
1.6775797143006757 1.2187027967627643e-10
1.6800769655316867 1.2101286966716738e-10
1.682574216762698 1.2016389241735638e-10
1.685071467993709 1.1932324307466716e-10
1.6875687192247204 1.184908183524915e-10
1.6900659704557315 1.1766651650260386e-10
1.6925632216867428 1.1685023728851188e-10
1.6950604729177539 1.1604188195933207e-10
1.6975577241487652 1.1524135322417736e-10
1.7000549753797762 1.1444855522705134e-10
1.7025522266107873 1.1366339352222754e-10
1.7050494778417986 1.1288577505011617e-10
1.7075467290728097 1.1211560811359354e-10
1.710043980303821 1.1135280235479997e-10
1.712541231534832 1.105972687323785e-10
1.7150384827658434 1.0984891949915926e-10
1.7175357339968544 1.0910766818027456e-10
1.7200329852278657 1.0837342955169032e-10
1.7225302364588768 1.0764611961915635e-10
1.7250274876898881 1.0692565559755254e-10
1.7275247389208992 1.0621195589063755e-10
1.7300219901519105 1.0550494007117759e-10
1.7325192413829216 1.0480452886145414e-10
1.7350164926139329 1.0411064411414449e-10
1.737513743844944 1.034232087935627e-10
1.7400109950759552 1.0274214695725287e-10
1.7425082463069663 1.0206738373793218e-10
1.7450054975379776 1.0139884532577315e-10
1.7475027487689887 1.0073645895101515e-10
1.75 1.0008015286690645e-10
