0.5038716357254187 0.0
0.5063688869564299 0.0
0.5088661381874411 0.0
0.5113633894184523 0.0
0.5138606406494635 0.0
0.5163578918804747 0.0
0.5188551431114858 0.0
0.521352394342497 0.0
0.5238496455735082 0.0
0.5263468968045194 0.0
0.5288441480355306 0.0
0.5313413992665418 0.0
0.533838650497553 0.0
0.5363359017285642 0.0
0.5388331529595753 0.0
0.5413304041905864 0.0
0.5438276554215977 0.0
0.5463249066526088 0.0
0.54882215788362 0.0
0.5513194091146312 0.0
0.5538166603456424 0.0
0.5563139115766536 0.0
0.5588111628076647 0.0
0.5613084140386759 0.0
0.5638056652696871 0.0
0.5663029165006983 0.0
0.5688001677317095 0.0
0.5712974189627207 0.0
0.5737946701937319 0.0
0.5762919214247431 0.0
0.5787891726557542 0.0
0.5812864238867654 0.0
0.5837836751177766 0.0
0.5862809263487878 0.0
0.588778177579799 0.0
0.5912754288108102 0.0
0.5937726800418214 0.0
0.5962699312728326 0.0
0.5987671825038438 0.0
0.6012644337348549 0.0
0.6037616849658661 0.0
0.6062589361968773 0.0
0.6087561874278885 0.0
0.6112534386588997 0.0
0.6137506898899109 0.0
0.6162479411209221 0.0
0.6187451923519331 0.0
0.6212424435829444 0.0
0.6237396948139555 0.0
0.6262369460449668 0.0
0.6287341972759779 0.0
0.6312314485069892 0.0
0.6337286997380003 0.0
0.6362259509690115 0.0
0.6387232022000227 0.0
0.6412204534310338 0.0
0.643717704662045 0.0
0.6462149558930562 0.0
0.6487122071240674 0.0
0.6512094583550786 0.0
0.6537067095860898 0.0
0.656203960817101 0.0
0.6587012120481122 0.0
0.6611984632791233 0.0
0.6636957145101345 0.0
0.6661929657411457 0.0
0.6686902169721569 0.0
0.6711874682031681 0.0
0.6736847194341793 0.0
0.6761819706651905 0.0
0.6786792218962017 0.0
0.6811764731272129 0.0
0.683673724358224 0.0
0.6861709755892352 0.0
0.6886682268202464 0.0
0.6911654780512576 0.0
0.6936627292822688 0.0
0.6961599805132799 0.0
0.6986572317442912 0.0
0.7011544829753023 0.0
0.7036517342063136 0.0
0.7061489854373246 0.0
0.7086462366683359 0.0
0.711143487899347 0.0
0.7136407391303583 0.0
0.7161379903613694 0.0
0.7186352415923806 0.0
0.7211324928233918 0.0
0.723629744054403 0.0
0.7261269952854141 0.0
0.7286242465164253 0.0
0.7311214977474365 0.0
0.7336187489784477 0.0
0.7361160002094589 0.0
0.7386132514404701 0.0
0.7411105026714813 0.0
0.7436077539024925 0.0
0.7461050051335036 0.0
0.7486022563645148 5.981770888464369e-06
0.751099507595526 1.1134151003491794e-05
0.7535967588265372 1.3857860732954191e-05
0.7560940100575484 1.5611019971259845e-05
0.7585912612885596 1.679233532912469e-05
0.7610885125195708 1.7588428033988873e-05
0.763585763750582 1.8106729395013042e-05
0.7660830149815931 1.8416545401870284e-05
0.7685802662126042 1.8565923435959182e-05
0.7710775174436155 1.8589851431074978e-05
0.7735747686746266 1.8514722478696128e-05
0.7760720199056379 1.8360974135587005e-05
0.778569271136649 1.814474935337092e-05
0.7810665223676603 1.7878994551593774e-05
0.7835637735986714 1.7574215208628707e-05
0.7860610248296827 1.7239013330601348e-05
0.7885582760606937 1.6880480622711424e-05
0.791055527291705 1.650449307397189e-05
0.7935527785227161 1.61159362861766e-05
0.7960500297537274 1.5718880952397617e-05
0.7985472809847385 1.5316721670373942e-05
0.8010445322157498 1.4912288263091652e-05
0.8035417834467609 1.4507936122746418e-05
0.806039034677772 1.4105620296153907e-05
0.8085362859087832 1.3706956787588974e-05
0.8110335371397944 1.331327368126035e-05
0.8135307883708056 1.29256540606499e-05
0.8160280396018168 1.254497224799882e-05
0.818525290832828 1.2171924552759099e-05
0.8210225420638392 1.180705546805657e-05
0.8235197932948504 1.145078006529337e-05
0.8260170445258616 1.1103403192383074e-05
0.8285142957568727 1.0765135969086938e-05
0.8310115469878839 1.0436109985185293e-05
0.8335087982188951 1.0116389537776041e-05
0.8360060494499063 9.805982188471207e-06
0.8385033006809175 9.504847876447057e-06
0.8410005519119287 9.21290678680245e-06
0.8434978031429399 8.930046143700552e-06
0.845995054373951 8.656126072954568e-06
0.8484923056049622 8.390984658029877e-06
0.8509895568359733 8.134442296075775e-06
0.8534868080669846 7.886305445945267e-06
0.8559840592979957 7.646369847727582e-06
0.858481310529007 7.414423282714283e-06
0.8609785617600181 7.190247933642462e-06
0.8634758129910294 6.973622397256508e-06
0.8659730642220405 6.764323394504065e-06
0.8684703154530518 6.562127217865537e-06
0.8709675666840628 6.3668109502770085e-06
0.8734648179150741 6.1781534857276675e-06
0.8759620691460852 5.995936377804973e-06
0.8784593203770965 5.8199445391402854e-06
0.8809565716081076 5.649966811812777e-06
0.8834538228391188 5.4857964262387324e-06
0.88595107407013 5.327231363862082e-06
0.8884483253011412 5.174074637027013e-06
0.8909455765321523 5.026134497719439e-06
0.8934428277631635 4.883224585380503e-06
0.8959400789941747 4.745164022695604e-06
0.8984373302251859 4.611777467123231e-06
0.9009345814561971 4.482895124929536e-06
0.9034318326872083 4.358352733619543e-06
0.9059290839182195 4.237991517888787e-06
0.9084263351492307 4.1216581235470474e-06
0.9109235863802418 4.009204533276436e-06
0.913420837611253 3.900487967570553e-06
0.9159180888422642 3.795370773748783e-06
0.9184153400732754 3.6937203055446254e-06
0.9209125913042866 3.595408795420251e-06
0.9234098425352978 3.5003132214569194e-06
0.925907093766309 3.4083151704057057e-06
0.92840434499732 3.319300698252236e-06
0.9309015962283314 3.233160189446675e-06
0.9333988474593424 3.1497882157747167e-06
0.9358960986903537 3.0690833956913576e-06
0.9383933499213648 2.990948254806391e-06
0.9408906011523761 2.9152890880938263e-06
0.9433878523833872 2.842015824297475e-06
0.9458851036143985 2.7710418929168727e-06
0.9483823548454096 2.7022840940829902e-06
0.9508796060764209 2.6356624715672918e-06
0.9533768573074319 2.5711001891121044e-06
0.9558741085384432 2.5085234102215637e-06
0.9583713597694543 2.447861181511453e-06
0.9608686110004656 2.3890453196805733e-06
0.9633658622314767 2.3320103021366202e-06
0.9658631134624879 2.2766931612838075e-06
0.9683603646934991 2.2230333824583735e-06
0.9708576159245103 2.1709728054798585e-06
0.9733548671555214 2.1204555297715087e-06
0.9758521183865326 2.0714278229905666e-06
0.9783493696175438 2.023838033099572e-06
0.980846620848555 1.9776365038015772e-06
0.9833438720795662 1.932775493255958e-06
0.9858411233105774 1.8892090959868035e-06
0.9883383745415886 1.8468931678920736e-06
0.9908356257725998 1.8057852542595508e-06
0.993332877003611 1.765844520693788e-06
0.9958301282346221 1.727031686857625e-06
0.9983273794656333 1.6893089629317764e-06
1.0008246306966444 1.652639988696326e-06
1.0033218819276557 1.616989775138991e-06
1.005819133158667 1.5823246484963127e-06
1.008316384389678 1.548612196635512e-06
1.0108136356206892 1.5158212176866262e-06
1.0133108868517005 1.4839216708367715e-06
1.0158081380827118 1.4528846292004225e-06
1.0183053893137228 1.4226822346821284e-06
1.020802640544734 1.393287654750472e-06
1.0232998917757452 1.364675041044688e-06
1.0257971430067563 1.3368194897377963e-06
1.0282943942377676 1.3096970035827508e-06
1.0307916454687787 1.2832844555707877e-06
1.0332888966997897 1.2575595541334662e-06
1.035786147930801 1.2325008098227378e-06
1.0382833991618123 1.2080875034055776e-06
1.0407806503928234 1.1842996553124749e-06
1.0432779016238345 1.1611179963811486e-06
1.0457751528548458 1.1385239398395063e-06
1.048272404085857 1.1164995544739663e-06
1.0507696553168682 1.0950275389314616e-06
1.0532669065478792 1.07409119710578e-06
1.0557641577788905 1.053674414560712e-06
1.0582614090099018 1.0337616359447653e-06
1.060758660240913 1.014337843353927e-06
1.063255911471924 9.953885356009062e-07
1.0657531627029353 9.768997083511738e-07
1.0682504139339466 9.58857835087732e-07
1.0707476651649577 9.412498488682282e-07
1.0732449163959688 9.240631248397379e-07
1.07574216762698 9.072854634779383e-07
1.0782394188579913 8.909050745189633e-07
1.0807366700890024 8.749105615536365e-07
1.0832339213200135 8.592909072550275e-07
1.0857311725510248 8.44035459211777e-07
1.088228423782036 8.291339163406571e-07
1.0907256750130472 8.145763158531811e-07
1.0932229262440583 8.003530207520976e-07
1.0957201774750696 7.864547078348206e-07
1.0982174287060809 7.728723561817302e-07
1.100714679937092 7.595972361083994e-07
1.103211931168103 7.466208985616625e-07
1.105709182399114 7.339351649404154e-07
1.1082064336301254 7.215321173228251e-07
1.1107036848611367 7.094040890825319e-07
1.1132009360921478 6.975436558771315e-07
1.1156981873231588 6.859436269930536e-07
1.1181954385541701 6.745970370316062e-07
1.1206926897851814 6.634971379216702e-07
1.1231899410161925 6.526373912452025e-07
1.1256871922472036 6.420114608622396e-07
1.128184443478215 6.316132058228259e-07
1.1306816947092262 6.21436673553717e-07
1.1331789459402373 6.114760933083504e-07
1.1356761971712483 6.017258698690195e-07
1.1381734484022596 5.921805774907444e-07
1.140670699633271 5.828349540767489e-07
1.143167950864282 5.7368389557591e-07
1.145665202095293 5.647224505929994e-07
1.1481624533263044 5.559458152029138e-07
1.1506597045573157 5.473493279605142e-07
1.1531569557883268 5.38928465097981e-07
1.1556542070193379 5.306788359020712e-07
1.1581514582503492 5.225961782639004e-07
1.1606487094813605 5.146763543942222e-07
1.1631459607123715 5.06915346697499e-07
1.1656432119433826 4.993092537983363e-07
1.168140463174394 4.918542867141322e-07
1.1706377144054052 4.845467651680704e-07
1.1731349656364163 4.77383114036825e-07
1.1756322168674274 4.703598599275842e-07
1.1781294680984387 4.634736278792702e-07
1.18062671932945 4.567211381829913e-07
1.183123970560461 4.500992033170313e-07
1.1856212217914721 4.436047249918402e-07
1.1881184730224832 4.372346913007108e-07
1.1906157242534945 4.309861739720022e-07
1.1931129754845058 4.2485632571892114e-07
1.1956102267155169 4.1884237768308575e-07
1.198107477946528 4.12941636968218e-07
1.2006047291775392 4.0715148426047494e-07
1.2031019804085505 4.0146937153209355e-07
1.2055992316395616 3.9589281982512353e-07
1.2080964828705727 3.9041941711219214e-07
1.210593734101584 3.8504681623136415e-07
1.2130909853325953 3.797727328922656e-07
1.2155882365636064 3.7459494375076935e-07
1.2180854877946174 3.695112845496493e-07
1.2205827390256287 3.645196483227343e-07
1.22307999025664 3.596179836601405e-07
1.2255772414876511 3.548042930323332e-07
1.2280744927186622 3.500766311707919e-07
1.2305717439496735 3.4543310350319366e-07
1.2330689951806848 3.40871864641088e-07
1.2355662464116959 3.363911169181167e-07
1.238063497642707 3.3198910897692216e-07
1.2405607488737183 3.276641344029619e-07
1.2430580001047296 3.2341453040350535e-07
1.2455552513357406 3.1923867653016523e-07
1.2480525025667517 3.151349934433891e-07
1.250549753797763 3.111019417173871e-07
1.2530470050287743 3.071380206840282e-07
1.2555442562597854 3.0324176731431366e-07
1.2580415074907965 2.994117551360776e-07
1.2605387587218078 2.956465931866137e-07
1.2630360099528188 2.919449249989927e-07
1.2655332611838301 2.883054276208591e-07
1.2680305124148412 2.8472681066457936e-07
1.2705277636458523 2.8120781538761724e-07
1.2730250148768636 2.777472138020743e-07
1.275522266107875 2.743438078123921e-07
1.278019517338886 2.709964283802065e-07
1.280516768569897 2.6770393471542735e-07
1.2830140198009083 2.6446521349262005e-07
1.2855112710319196 2.612791780918303e-07
1.2880085222629307 2.581447678629936e-07
1.2905057734939418 2.5506094741312164e-07
1.293003024724953 2.5202670591549536e-07
1.2955002759559644 2.490410564401045e-07
1.2979975271869755 2.4610303530460624e-07
1.3004947784179866 2.432117014451219e-07
1.3029920296489979 2.4036613580618884e-07
1.3054892808800092 2.3756544074921902e-07
1.3079865321110202 2.3480873947886063e-07
1.3104837833420313 2.320951754866403e-07
1.3129810345730426 2.2942391201132287e-07
1.315478285804054 2.2679413151543462e-07
1.317975537035065 2.242050351774039e-07
1.320472788266076 2.2165584239880616e-07
1.3229700394970874 2.1914579032622595e-07
1.3254672907280987 2.1667413338723303e-07
1.3279645419591097 2.1424014284004032e-07
1.3304617931901208 2.1184310633636982e-07
1.332959044421132 2.0948232749711158e-07
1.3354562956521434 2.0715712550035844e-07
1.3379535468831545 2.0486683468141726e-07
1.3404507981141656 2.0261080414440233e-07
1.3429480493451769 2.0038839738504966e-07
1.345445300576188 1.9819899192439107e-07
1.3479425518071992 1.9604197895293412e-07
1.3504398030382103 1.9391676298501762e-07
1.3529370542692214 1.91822761523025e-07
1.3554343055002327 1.897594047311367e-07
1.357931556731244 1.8772613511832059e-07
1.360428807962255 1.8572240723027895e-07
1.3629260591932661 1.837476873500591e-07
1.3654233104242774 1.818014532070675e-07
1.3679205616552887 1.7988319369421625e-07
1.3704178128862998 1.7799240859296353e-07
1.372915064117311 1.7612860830598299e-07
1.3754123153483222 1.7429131359724701e-07
1.3779095665793335 1.7248005533928713e-07
1.3804068178103446 1.7069437426740434e-07
1.3829040690413557 1.6893382074063227e-07
1.385401320272367 1.6719795450923513e-07
1.3878985715033783 1.6548634448854603e-07
1.3903958227343893 1.6379856853895538e-07
1.3928930739654004 1.6213421325186108e-07
1.3953903251964117 1.6049287374139928e-07
1.397887576427423 1.5887415344178776e-07
1.400384827658434 1.5727766391011169e-07
1.4028820788894452 1.5570302463438428e-07
1.4053793301204565 1.5414986284673131e-07
1.4078765813514678 1.5261781334154992e-07
1.4103738325824788 1.5110651829848433e-07
1.41287108381349 1.4961562711008414e-07
1.4153683350445012 1.4814479621401098e-07
1.4178655862755125 1.4669368892964834e-07
1.4203628375065236 1.4526197529899883e-07
1.4228600887375347 1.4384933193173112e-07
1.4253573399685457 1.4245544185427008e-07
1.427854591199557 1.4107999436280387e-07
1.4303518424305683 1.3972268488008815e-07
1.4328490936615794 1.3838321481596337e-07
1.4353463448925905 1.370612914314459e-07
1.4378435961236018 1.357566277063133e-07
1.440340847354613 1.344689422100801e-07
1.4428380985856242 1.3319795897625852e-07
1.4453353498166353 1.3194340737982225e-07
1.4478326010476466 1.307050220177744e-07
1.4503298522786578 1.2948254259273473e-07
1.452827103509669 1.2827571379946738e-07
1.45532435474068 1.2708428521425156e-07
1.4578216059716913 1.2590801118703332e-07
1.4603188572027026 1.2474665073626695e-07
1.4628161084337137 1.2359996744638166e-07
1.4653133596647248 1.2246772936778843e-07
1.467810610895736 1.2134970891937383e-07
1.4703078621267474 1.2024568279339203e-07
1.4728051133577584 1.1915543186270901e-07
1.4753023645887695 1.1807874109031795e-07
1.4777996158197808 1.1701539944107299e-07
1.480296867050792 1.1596519979558251e-07
1.4827941182818032 1.1492793886618933e-07
1.4852913695128143 1.1390341711500406e-07
1.4877886207438256 1.1289143867391272e-07
1.4902858719748369 1.1189181126651768e-07
1.492783123205848 1.1090434613196482e-07
1.495280374436859 1.0992885795059255e-07
1.4977776256678703 1.0896516477136029e-07
1.5002748768988816 1.0801308794101544e-07
1.5027721281298927 1.0707245203494483e-07
1.5052693793609038 1.06143084789662e-07
1.507766630591915 1.0522481703690246e-07
1.5102638818229261 1.0431748263926798e-07
1.5127611330539374 1.0342091842738807e-07
1.5152583842849485 1.0253496413855896e-07
1.5177556355159598 1.0165946235681561e-07
1.520252886746971 1.0079425845440707e-07
1.5227501379779822 9.993920053463297e-08
1.5252473892089933 9.909413937600485e-08
1.5277446404400046 9.825892837770657e-08
1.5302418916710157 9.743342350630923e-08
1.532739142902027 9.661748324371694e-08
1.535236394133038 9.581096853630505e-08
1.5377336453640493 9.501374274522833e-08
1.5402308965950604 9.422567159785918e-08
1.5427281478260717 9.34466231403355e-08
1.5452253990570828 9.267646769118872e-08
1.5477226502880939 9.191507779601748e-08
1.5502199015191052 9.116232818319109e-08
1.5527171527501162 9.041809572054927e-08
1.5552144039811275 8.968225937307497e-08
1.5577116552121386 8.895470016151869e-08
1.56020890644315 8.823530112194351e-08
1.562706157674161 8.752394726618111e-08
1.5652034089051723 8.682052554315599e-08
1.5677006601361834 8.61249248010787e-08
1.5701979113671947 8.543703575046882e-08
1.5726951625982057 8.475675092799671e-08
1.575192413829217 8.408396466112153e-08
1.5776896650602281 8.341857303350465e-08
1.5801869162912394 8.276047385118192e-08
1.5826841675222505 8.21095666094726e-08
1.5851814187532618 8.146575246061307e-08
1.5876786699842729 8.082893418208875e-08
1.5901759212152842 8.01990161456572e-08
1.5926731724462952 7.95759042870389e-08
1.5951704236773065 7.895950607626048e-08
1.5976676749083176 7.834973048863935e-08
1.600164926139329 7.774648797638654e-08
1.60266217737034 7.714969044081933e-08
1.6051594286013513 7.65592512051681e-08
1.6076566798323624 7.597508498796176e-08
1.6101539310633737 7.539710787697446e-08
1.6126511822943848 7.4825237303731e-08
1.615148433525396 7.425939201854508e-08
1.6176456847564071 7.369949206608719e-08
1.6201429359874184 7.314545876146387e-08
1.6226401872184295 7.259721466680097e-08
1.6251374384494406 7.205468356831445e-08
1.6276346896804519 7.151779045386091e-08
1.630131940911463 7.098646149095643e-08
1.6326291921424743 7.046062400524884e-08
1.6351264433734853 6.99402064594386e-08
1.6376236946044966 6.942513843263446e-08
1.6401209458355077 6.891535060013443e-08
1.642618197066519 6.841077471362079e-08
1.64511544829753 6.791134358176631e-08
1.6476126995285414 6.741699105123006e-08
1.6501099507595525 6.692765198804803e-08
1.6526072019905638 6.644326225939745e-08
1.6551044532215748 6.596375871573488e-08
1.6576017044525861 6.548907917329331e-08
1.6600989556835972 6.501916239693638e-08
1.6625962069146085 6.455394808335517e-08
1.6650934581456196 6.409337684460493e-08
1.667590709376631 6.363739019197081e-08
1.670087960607642 6.318593052015786e-08
1.6725852118386533 6.27389410917963e-08
1.6750824630696644 6.229636602225425e-08
1.6775797143006757 6.185815026475456e-08
1.6800769655316867 6.142423959578557e-08
1.682574216762698 6.099458060079845e-08
1.685071467993709 6.056912066019152e-08
1.6875687192247204 6.014780793556563e-08
1.6900659704557315 5.97305913562521e-08
1.6925632216867428 5.931742060610453e-08
1.6950604729177539 5.890824611054793e-08
1.6975577241487652 5.850301902388046e-08
1.7000549753797762 5.8101691216823623e-08
1.7025522266107873 5.7704215264311864e-08
1.7050494778417986 5.7310544433520836e-08
1.7075467290728097 5.6920632672124865e-08
1.710043980303821 5.653443459678329e-08
1.712541231534832 5.615190548184548e-08
1.7150384827658434 5.577300124827435e-08
1.7175357339968544 5.539767845278166e-08
1.7200329852278657 5.502589427717014e-08
1.7225302364588768 5.465760651787953e-08
1.7250274876898881 5.429277357573011e-08
1.7275247389208992 5.39313544458626e-08
1.7300219901519105 5.3573308707867186e-08
1.7325192413829216 5.3218596516098206e-08
1.7350164926139329 5.286717859017312e-08
1.737513743844944 5.2519016205649356e-08
1.7400109950759552 5.2174071184874894e-08
1.7425082463069663 5.183230588801141e-08
1.7450054975379776 5.149368320422473e-08
1.7475027487689887 5.115816654303829e-08
1.75 5.0825719825849276e-08
