0.5038716357254187 0.0
0.5063688869564299 0.0
0.5088661381874411 0.0
0.5113633894184523 0.0
0.5138606406494635 0.0
0.5163578918804747 0.0
0.5188551431114858 0.0
0.521352394342497 0.0
0.5238496455735082 0.0
0.5263468968045194 0.0
0.5288441480355306 0.0
0.5313413992665418 0.0
0.533838650497553 0.0
0.5363359017285642 0.0
0.5388331529595753 0.0
0.5413304041905864 0.0
0.5438276554215977 0.0
0.5463249066526088 0.0
0.54882215788362 0.0
0.5513194091146312 0.0
0.5538166603456424 0.0
0.5563139115766536 0.0
0.5588111628076647 0.0
0.5613084140386759 0.0
0.5638056652696871 0.0
0.5663029165006983 0.0
0.5688001677317095 0.0
0.5712974189627207 0.0
0.5737946701937319 0.0
0.5762919214247431 0.0
0.5787891726557542 0.0
0.5812864238867654 0.0
0.5837836751177766 0.0
0.5862809263487878 0.0
0.588778177579799 0.0
0.5912754288108102 0.0
0.5937726800418214 0.0
0.5962699312728326 0.0
0.5987671825038438 0.0
0.6012644337348549 0.0
0.6037616849658661 0.0
0.6062589361968773 0.0
0.6087561874278885 0.0
0.6112534386588997 0.0
0.6137506898899109 0.0
0.6162479411209221 0.0
0.6187451923519331 0.0
0.6212424435829444 0.0
0.6237396948139555 0.0
0.6262369460449668 0.0
0.6287341972759779 0.0
0.6312314485069892 0.0
0.6337286997380003 0.0
0.6362259509690115 0.0
0.6387232022000227 0.0
0.6412204534310338 0.0
0.643717704662045 0.0
0.6462149558930562 0.0
0.6487122071240674 0.0
0.6512094583550786 0.0
0.6537067095860898 0.0
0.656203960817101 0.0
0.6587012120481122 0.0
0.6611984632791233 0.0
0.6636957145101345 0.0
0.6661929657411457 0.0
0.6686902169721569 0.0
0.6711874682031681 0.0
0.6736847194341793 0.0
0.6761819706651905 0.0
0.6786792218962017 0.0
0.6811764731272129 0.0
0.683673724358224 0.0
0.6861709755892352 0.0
0.6886682268202464 0.0
0.6911654780512576 0.0
0.6936627292822688 0.0
0.6961599805132799 0.0
0.6986572317442912 0.0
0.7011544829753023 0.0
0.7036517342063136 0.0
0.7061489854373246 0.0
0.7086462366683359 0.0
0.711143487899347 0.0
0.7136407391303583 0.0
0.7161379903613694 0.0
0.7186352415923806 0.0
0.7211324928233918 0.0
0.723629744054403 0.0
0.7261269952854141 0.0
0.7286242465164253 0.0
0.7311214977474365 0.0
0.7336187489784477 0.0
0.7361160002094589 0.0
0.7386132514404701 0.0
0.7411105026714813 0.0
0.7436077539024925 0.0
0.7461050051335036 0.0
0.7486022563645148 2.970018991099919e-07
0.751099507595526 5.204415738019418e-07
0.7535967588265372 6.11855858049765e-07
0.7560940100575484 6.531056768983684e-07
0.7585912612885596 6.676356030585978e-07
0.7610885125195708 6.663934395402257e-07
0.763585763750582 6.554594968117514e-07
0.7660830149815931 6.385220402010826e-07
0.7685802662126042 6.179357032944944e-07
0.7710775174436155 5.952513205291097e-07
0.7735747686746266 5.715094815836862e-07
0.7760720199056379 5.474149435364788e-07
0.778569271136649 5.234456085511476e-07
0.7810665223676603 4.999232231827955e-07
0.7835637735986714 4.770605827739444e-07
0.7860610248296827 4.5499376377168573e-07
0.7885582760606937 4.338045259897692e-07
0.791055527291705 4.1353610304823856e-07
0.7935527785227161 3.942044566459518e-07
0.7960500297537274 3.7580636722120925e-07
0.7985472809847385 3.5832528783802947e-07
0.8010445322157498 3.4173559837542994e-07
0.8035417834467609 3.2600570462627e-07
0.806039034677772 3.1110029667034504e-07
0.8085362859087832 2.969819913224215e-07
0.8110335371397944 2.836125209909737e-07
0.8135307883708056 2.70953587175751e-07
0.8160280396018168 2.5896746534433304e-07
0.818525290832828 2.476174252302759e-07
0.8210225420638392 2.368680140927057e-07
0.8235197932948504 2.266852383863832e-07
0.8260170445258616 2.1703667037239293e-07
0.8285142957568727 2.0789149958069837e-07
0.8310115469878839 1.9922054409753017e-07
0.8335087982188951 1.9099623294898161e-07
0.8360060494499063 1.8319256806631478e-07
0.8385033006809175 1.7578507221464186e-07
0.8410005519119287 1.6875072767333414e-07
0.8434978031429399 1.6206790924716872e-07
0.845995054373951 1.5571631426787914e-07
0.8484923056049622 1.4967689154622905e-07
0.8509895568359733 1.43931770702344e-07
0.8534868080669846 1.3846419289710718e-07
0.8559840592979957 1.332584436799545e-07
0.858481310529007 1.282997884355098e-07
0.8609785617600181 1.235744107358439e-07
0.8634758129910294 1.1906935377338582e-07
0.8659730642220405 1.1477246495147488e-07
0.8684703154530518 1.1067234363735968e-07
0.8709675666840628 1.0675829203013539e-07
0.8734648179150741 1.030202690589357e-07
0.8759620691460852 9.944884720114786e-08
0.8784593203770965 9.603517209363358e-08
0.8809565716081076 9.277092479985383e-08
0.8834538228391188 8.964828659066323e-08
0.88595107407013 8.665990609514779e-08
0.8884483253011412 8.379886867919221e-08
0.8909455765321523 8.105866791273876e-08
0.8934428277631635 7.84331789913357e-08
0.8959400789941747 7.591663398314624e-08
0.8984373302251859 7.35035987787253e-08
0.9009345814561971 7.118895162734047e-08
0.9034318326872083 6.896786315020932e-08
0.9059290839182195 6.683577772760361e-08
0.9084263351492307 6.478839616323739e-08
0.9109235863802418 6.2821659535619e-08
0.913420837611253 6.093173415208598e-08
0.9159180888422642 5.9114997526981554e-08
0.9184153400732754 5.736802531089633e-08
0.9209125913042866 5.568757910304383e-08
0.9234098425352978 5.4070595083686585e-08
0.925907093766309 5.251417340806343e-08
0.92840434499732 5.1015568307522114e-08
0.9309015962283314 4.957217884751024e-08
0.9333988474593424 4.818154029577468e-08
0.9358960986903537 4.684131605753534e-08
0.9383933499213648 4.55492901375934e-08
0.9408906011523761 4.430336009227376e-08
0.9433878523833872 4.3101530436847866e-08
0.9458851036143985 4.194190647660424e-08
0.9483823548454096 4.082268853209104e-08
0.9508796060764209 3.974216653121117e-08
0.9533768573074319 3.869871494286713e-08
0.9558741085384432 3.76907880286987e-08
0.9583713597694543 3.671691539117653e-08
0.9608686110004656 3.577569779789476e-08
0.9633658622314767 3.486580326337415e-08
0.9658631134624879 3.3985963371035956e-08
0.9683603646934991 3.313496981926288e-08
0.9708576159245103 3.231167117661368e-08
0.9733548671555214 3.1514969832332996e-08
0.9758521183865326 3.074381912928017e-08
0.9783493696175438 2.999722066731969e-08
0.980846620848555 2.9274221766058525e-08
0.9833438720795662 2.85739130765968e-08
0.9858411233105774 2.7895426332685064e-08
0.9883383745415886 2.7237932232346763e-08
0.9908356257725998 2.660063844164945e-08
0.993332877003611 2.5982787712877788e-08
0.9958301282346221 2.5383656109896785e-08
0.9983273794656333 2.4802551333985385e-08
1.0008246306966444 2.4238811143876873e-08
1.0033218819276557 2.3691801864167544e-08
1.005819133158667 2.316091697664757e-08
1.008316384389678 2.2645575789472343e-08
1.0108136356206892 2.214522217943074e-08
1.0133108868517005 2.165932340288333e-08
1.0158081380827118 2.118736897123208e-08
1.0183053893137228 2.0728869587057014e-08
1.020802640544734 2.028335613730603e-08
1.0232998917757452 1.9850378740159753e-08
1.0257971430067563 1.942950584240979e-08
1.0282943942377676 1.902032336439236e-08
1.0307916454687787 1.8622433889709645e-08
1.0332888966997897 1.8235455897143648e-08
1.035786147930801 1.785902303233551e-08
1.0382833991618123 1.7492783416951386e-08
1.0407806503928234 1.713639899320268e-08
1.0432779016238345 1.67895449017172e-08
1.0457751528548458 1.645190889088436e-08
1.048272404085857 1.6123190755912666e-08
1.0507696553168682 1.5803101805943076e-08
1.0532669065478792 1.5491364357667007e-08
1.0557641577788905 1.5187711253986853e-08
1.0582614090099018 1.4891885406349462e-08
1.060758660240913 1.4603639359461581e-08
1.063255911471924 1.4322734877174576e-08
1.0657531627029353 1.4048942548398576e-08
1.0682504139339466 1.3782041411971984e-08
1.0707476651649577 1.352181859947526e-08
1.0732449163959688 1.3268068995038517e-08
1.07574216762698 1.3020594911245659e-08
1.0782394188579913 1.2779205780291172e-08
1.0807366700890024 1.2543717859593541e-08
1.0832339213200135 1.2313953951113922e-08
1.0857311725510248 1.208974313367379e-08
1.088228423782036 1.1870920507602495e-08
1.0907256750130472 1.165732695108537e-08
1.0932229262440583 1.1448808887616837e-08
1.0957201774750696 1.1245218063997807e-08
1.0982174287060809 1.104641133834595e-08
1.100714679937092 1.0852250477617891e-08
1.103211931168103 1.0662601964169601e-08
1.105709182399114 1.0477336810907197e-08
1.1082064336301254 1.0296330384604304e-08
1.1107036848611367 1.0119462236985817e-08
1.1132009360921478 9.946615943198472e-09
1.1156981873231588 9.777678947310038e-09
1.1181954385541701 9.612542414496963e-09
1.1206926897851814 9.451101089599192e-09
1.1231899410161925 9.293253161737544e-09
1.1256871922472036 9.138900134704432e-09
1.128184443478215 8.98794670285531e-09
1.1306816947092262 8.840300632240595e-09
1.1331789459402373 8.69587264673278e-09
1.1356761971712483 8.554576318915061e-09
1.1381734484022596 8.416327965510573e-09
1.140670699633271 8.281046547142121e-09
1.143167950864282 8.148653572222801e-09
1.145665202095293 8.019073004788695e-09
1.1481624533263044 7.892231176093707e-09
1.1506597045573157 7.768056699795985e-09
1.1531569557883268 7.646480390573189e-09
1.1556542070193379 7.527435186013258e-09
1.1581514582503492 7.41085607163355e-09
1.1606487094813605 7.2966800088891605e-09
1.1631459607123715 7.184845866037966e-09
1.1656432119433826 7.0752943517362935e-09
1.168140463174394 6.967967951245165e-09
1.1706377144054052 6.8628108651332115e-09
1.1731349656364163 6.759768950367367e-09
1.1756322168674274 6.658789663687791e-09
1.1781294680984387 6.5598220071689204e-09
1.18062671932945 6.462816475872177e-09
1.183123970560461 6.3677250075014275e-09
1.1856212217914721 6.274500933975603e-09
1.1881184730224832 6.1830989348374245e-09
1.1906157242534945 6.093474992420762e-09
1.1931129754845058 6.005586348702619e-09
1.1956102267155169 5.919391463769532e-09
1.198107477946528 5.8348499758308925e-09
1.2006047291775392 5.751922662715249e-09
1.2031019804085505 5.670571404788476e-09
1.2055992316395616 5.590759149234997e-09
1.2080964828705727 5.512449875646647e-09
1.210593734101584 5.435608562865771e-09
1.2130909853325953 5.360201157031644e-09
1.2155882365636064 5.2861945407815065e-09
1.2180854877946174 5.2135565035599956e-09
1.2205827390256287 5.142255712992424e-09
1.22307999025664 5.072261687279373e-09
1.2255772414876511 5.003544768572295e-09
1.2280744927186622 4.9360760972909295e-09
1.2305717439496735 4.869827587345811e-09
1.2330689951806848 4.804771902230179e-09
1.2355662464116959 4.740882431947243e-09
1.238063497642707 4.6781332707404e-09
1.2405607488737183 4.616499195595281e-09
1.2430580001047296 4.555955645483845e-09
1.2455552513357406 4.496478701321831e-09
1.2480525025667517 4.438045066612524e-09
1.250549753797763 4.380632048750483e-09
1.2530470050287743 4.324217540960145e-09
1.2555442562597854 4.268780004845364e-09
1.2580415074907965 4.214298453526873e-09
1.2605387587218078 4.160752435345581e-09
1.2630360099528188 4.108122018110513e-09
1.2655332611838301 4.05638777387106e-09
1.2680305124148412 4.0055307641943545e-09
1.2705277636458523 3.955532525928811e-09
1.2730250148768636 3.90637505743596e-09
1.275522266107875 3.85804080527374e-09
1.278019517338886 3.8105126513143126e-09
1.280516768569897 3.763773900280912e-09
1.2830140198009083 3.7178082676883006e-09
1.2855112710319196 3.6725998681725462e-09
1.2880085222629307 3.628133204195919e-09
1.2905057734939418 3.5843931551133655e-09
1.293003024724953 3.541364966587992e-09
1.2955002759559644 3.4990342403428646e-09
1.2979975271869755 3.457386924237235e-09
1.3004947784179866 3.4164093026559222e-09
1.3029920296489979 3.3760879872006694e-09
1.3054892808800092 3.336409907672857e-09
1.3079865321110202 3.297362303337679e-09
1.3104837833420313 3.2589327144596486e-09
1.3129810345730426 3.2211089741001838e-09
1.315478285804054 3.183879200168396e-09
1.317975537035065 3.1472317877160394e-09
1.320472788266076 3.1111554014684714e-09
1.3229700394970874 3.075638968583577e-09
1.3254672907280987 3.0406716716306995e-09
1.3279645419591097 3.0062429417824394e-09
1.3304617931901208 2.972342452211787e-09
1.332959044421132 2.938960111687941e-09
1.3354562956521434 2.906086058363975e-09
1.3379535468831545 2.8737106537500955e-09
1.3404507981141656 2.8418244768661354e-09
1.3429480493451769 2.810418318567465e-09
1.345445300576188 2.779483176038579e-09
1.3479425518071992 2.7490102474487776e-09
1.3504398030382103 2.718990926764565e-09
1.3529370542692214 2.689416798713855e-09
1.3554343055002327 2.66027963389679e-09
1.357931556731244 2.6315713840385164e-09
1.360428807962255 2.6032841773793588e-09
1.3629260591932661 2.5754103141978674e-09
1.3654233104242774 2.547942262462533e-09
1.3679205616552887 2.5208726536079735e-09
1.3704178128862998 2.4941942784317566e-09
1.372915064117311 2.467900083107792e-09
1.3754123153483222 2.4419831653128164e-09
1.3779095665793335 2.416436770462313e-09
1.3804068178103446 2.3912542880522993e-09
1.3829040690413557 2.3664292481038715e-09
1.385401320272367 2.341955317707131e-09
1.3878985715033783 2.3178262976614253e-09
1.3903958227343893 2.2940361192089665e-09
1.3928930739654004 2.2705788408588563e-09
1.3953903251964117 2.2474486452987253e-09
1.397887576427423 2.224639836391385e-09
1.400384827658434 2.202146836253786e-09
1.4028820788894452 2.1799641824157723e-09
1.4053793301204565 2.1580865250562173e-09
1.4078765813514678 2.1365086243142665e-09
1.4103738325824788 2.1152253476732333e-09
1.41287108381349 2.0942316674150936e-09
1.4153683350445012 2.0735226581434522e-09
1.4178655862755125 2.0530934943728407e-09
1.4203628375065236 2.0329394481824605e-09
1.4228600887375347 2.013055886932295e-09
1.4253573399685457 1.993438271039992e-09
1.427854591199557 1.9740821518164706e-09
1.4303518424305683 1.954983169358573e-09
1.4328490936615794 1.9361370504972615e-09
1.4353463448925905 1.917539606799454e-09
1.4378435961236018 1.8991867326221047e-09
1.440340847354613 1.8810744032170156e-09
1.4428380985856242 1.86319867288479e-09
1.4453353498166353 1.8455556731765821e-09
1.4478326010476466 1.828141611142275e-09
1.4503298522786578 1.8109527676236511e-09
1.452827103509669 1.7939854955914408e-09
1.45532435474068 1.7772362185247586e-09
1.4578216059716913 1.7607014288319348e-09
1.4603188572027026 1.7443776863114128e-09
1.4628161084337137 1.7282616166516973e-09
1.4653133596647248 1.7123499099690798e-09
1.467810610895736 1.696639319382313e-09
1.4703078621267474 1.6811266596229297e-09
1.4728051133577584 1.6658088056804576e-09
1.4753023645887695 1.65068269148135e-09
1.4777996158197808 1.6357453086007999e-09
1.480296867050792 1.6209937050065631e-09
1.4827941182818032 1.6064249838337207e-09
1.4852913695128143 1.592036302189802e-09
1.4877886207438256 1.5778248699891474e-09
1.4902858719748369 1.563787948815873e-09
1.492783123205848 1.5499228508147035e-09
1.495280374436859 1.5362269376087255e-09
1.4977776256678703 1.5226976192434441e-09
1.5002748768988816 1.5093323531564835e-09
1.5027721281298927 1.4961286431721386e-09
1.5052693793609038 1.483084038520071e-09
1.507766630591915 1.4701961328776963e-09
1.5102638818229261 1.4574625634354011e-09
1.5127611330539374 1.4448810099840855e-09
1.5152583842849485 1.4324491940244939e-09
1.5177556355159598 1.420164877897596e-09
1.520252886746971 1.4080258639356274e-09
1.5227501379779822 1.3960299936331333e-09
1.5252473892089933 1.3841751468374914e-09
1.5277446404400046 1.3724592409584998e-09
1.5302418916710157 1.3608802301964045e-09
1.532739142902027 1.3494361047879787e-09
1.535236394133038 1.3381248902700989e-09
1.5377336453640493 1.3269446467604847e-09
1.5402308965950604 1.3158934682549887e-09
1.5427281478260717 1.3049694819411673e-09
1.5452253990570828 1.2941708475276514e-09
1.5477226502880939 1.2834957565888516e-09
1.5502199015191052 1.2729424319247035e-09
1.5527171527501162 1.2625091269350186e-09
1.5552144039811275 1.2521941250080477e-09
1.5577116552121386 1.241995738922968e-09
1.56020890644315 1.2319123102658133e-09
1.562706157674161 1.2219422088587192e-09
1.5652034089051723 1.2120838322018466e-09
1.5677006601361834 1.2023356049279916e-09
1.5701979113671947 1.1926959782692984e-09
1.5726951625982057 1.1831634295359265e-09
1.575192413829217 1.1737364616063145e-09
1.5776896650602281 1.1644136024287723e-09
1.5801869162912394 1.1551934045340986e-09
1.5826841675222505 1.1460744445589626e-09
1.5851814187532618 1.137055322779818e-09
1.5876786699842729 1.1281346626569926e-09
1.5901759212152842 1.1193111103888368e-09
1.5926731724462952 1.110583334475583e-09
1.5951704236773065 1.1019500252926897e-09
1.5976676749083176 1.0934098946735268e-09
1.600164926139329 1.0849616755010292e-09
1.60266217737034 1.0766041213082225e-09
1.6051594286013513 1.0683360058873774e-09
1.6076566798323624 1.060156122907563e-09
1.6101539310633737 1.052063285540354e-09
1.6126511822943848 1.0440563260936406e-09
1.615148433525396 1.0361340956531747e-09
1.6176456847564071 1.0282954637317988e-09
1.6201429359874184 1.0205393179260745e-09
1.6226401872184295 1.0128645635802482e-09
1.6251374384494406 1.0052701234572482e-09
1.6276346896804519 9.97754937416659e-10
1.630131940911463 9.903179620994598e-10
1.6326291921424743 9.829581706193436e-10
1.6351264433734853 9.756745522605159e-10
1.6376236946044966 9.684661121818017e-10
1.6401209458355077 9.613318711268922e-10
1.642618197066519 9.542708651405869e-10
1.64511544829753 9.472821452909837e-10
1.6476126995285414 9.403647773972988e-10
1.6501099507595525 9.335178417633873e-10
1.6526072019905638 9.267404329166819e-10
1.6551044532215748 9.200316593525062e-10
1.6576017044525861 9.133906432835918e-10
1.6600989556835972 9.068165203947509e-10
1.6625962069146085 9.003084396024746e-10
1.6650934581456196 8.938655628194667e-10
1.667590709376631 8.874870647239032e-10
1.670087960607642 8.811721325333721e-10
1.6725852118386533 8.749199657833708e-10
1.6750824630696644 8.687297761102221e-10
1.6775797143006757 8.626007870383867e-10
1.6800769655316867 8.565322337720024e-10
1.682574216762698 8.505233629905623e-10
1.685071467993709 8.44573432648708e-10
1.6875687192247204 8.386817117799508e-10
1.6900659704557315 8.328474803043074e-10
1.6925632216867428 8.270700288397204e-10
1.6950604729177539 8.213486585172072e-10
1.6975577241487652 8.156826807996253e-10
1.7000549753797762 8.100714173040179e-10
1.7025522266107873 8.045141996274065e-10
1.7050494778417986 7.9901036917601e-10
1.7075467290728097 7.935592769977601e-10
1.710043980303821 7.881602836181073e-10
1.712541231534832 7.828127588789788e-10
1.7150384827658434 7.775160817808531e-10
1.7175357339968544 7.722696403279027e-10
1.7200329852278657 7.670728313760896e-10
1.7225302364588768 7.619250604842009e-10
1.7250274876898881 7.568257417677067e-10
1.7275247389208992 7.517742977554512e-10
1.7300219901519105 7.467701592490476e-10
1.7325192413829216 7.418127651849436e-10
1.7350164926139329 7.369015624991245e-10
1.737513743844944 7.320360059943736e-10
1.7400109950759552 7.27215558210019e-10
1.7425082463069663 7.224396892941606e-10
1.7450054975379776 7.177078768782889e-10
1.7475027487689887 7.130196059542471e-10
1.75 7.083743687535167e-10
