0.5038716357254187 0.0
0.5063688869564299 0.0
0.5088661381874411 0.0
0.5113633894184523 0.0
0.5138606406494635 0.0
0.5163578918804747 0.0
0.5188551431114858 0.0
0.521352394342497 0.0
0.5238496455735082 0.0
0.5263468968045194 0.0
0.5288441480355306 0.0
0.5313413992665418 0.0
0.533838650497553 0.0
0.5363359017285642 0.0
0.5388331529595753 0.0
0.5413304041905864 0.0
0.5438276554215977 0.0
0.5463249066526088 0.0
0.54882215788362 0.0
0.5513194091146312 0.0
0.5538166603456424 0.0
0.5563139115766536 0.0
0.5588111628076647 0.0
0.5613084140386759 0.0
0.5638056652696871 0.0
0.5663029165006983 0.0
0.5688001677317095 0.0
0.5712974189627207 0.0
0.5737946701937319 0.0
0.5762919214247431 0.0
0.5787891726557542 0.0
0.5812864238867654 0.0
0.5837836751177766 0.0
0.5862809263487878 0.0
0.588778177579799 0.0
0.5912754288108102 0.0
0.5937726800418214 0.0
0.5962699312728326 0.0
0.5987671825038438 0.0
0.6012644337348549 0.0
0.6037616849658661 0.0
0.6062589361968773 0.0
0.6087561874278885 0.0
0.6112534386588997 0.0
0.6137506898899109 0.0
0.6162479411209221 0.0
0.6187451923519331 0.0
0.6212424435829444 0.0
0.6237396948139555 0.0
0.6262369460449668 0.0
0.6287341972759779 0.0
0.6312314485069892 0.0
0.6337286997380003 0.0
0.6362259509690115 0.0
0.6387232022000227 0.0
0.6412204534310338 0.0
0.643717704662045 0.0
0.6462149558930562 0.0
0.6487122071240674 0.0
0.6512094583550786 0.0
0.6537067095860898 0.0
0.656203960817101 0.0
0.6587012120481122 0.0
0.6611984632791233 0.0
0.6636957145101345 0.0
0.6661929657411457 0.0
0.6686902169721569 0.0
0.6711874682031681 0.0
0.6736847194341793 0.0
0.6761819706651905 0.0
0.6786792218962017 0.0
0.6811764731272129 0.0
0.683673724358224 0.0
0.6861709755892352 0.0
0.6886682268202464 0.0
0.6911654780512576 0.0
0.6936627292822688 0.0
0.6961599805132799 0.0
0.6986572317442912 0.0
0.7011544829753023 0.0
0.7036517342063136 0.0
0.7061489854373246 0.0
0.7086462366683359 0.0
0.711143487899347 0.0
0.7136407391303583 0.0
0.7161379903613694 0.0
0.7186352415923806 0.0
0.7211324928233918 0.0
0.723629744054403 0.0
0.7261269952854141 0.0
0.7286242465164253 0.0
0.7311214977474365 0.0
0.7336187489784477 0.0
0.7361160002094589 0.0
0.7386132514404701 0.0
0.7411105026714813 0.0
0.7436077539024925 0.0
0.7461050051335036 0.0
0.7486022563645148 4.200042313387702e-07
0.751099507595526 7.36914666023653e-07
0.7535967588265372 8.673323110344461e-07
0.7560940100575484 9.26743336555738e-07
0.7585912612885596 9.482225386337008e-07
0.7610885125195708 9.472336633545724e-07
0.763585763750582 9.32381356336608e-07
0.7660830149815931 9.088971247567926e-07
0.7685802662126042 8.801295072736386e-07
0.7710775174436155 8.482902906315155e-07
0.7735747686746266 8.148682801074191e-07
0.7760720199056379 7.808754211938239e-07
0.778569271136649 7.470008040175989e-07
0.7810665223676603 7.137107379131297e-07
0.7835637735986714 6.813156894432182e-07
0.7860610248296827 6.5001607741253e-07
0.7885582760606937 6.199341662793477e-07
0.791055527291705 5.911365944902028e-07
0.7935527785227161 5.636504669701531e-07
0.7960500297537274 5.374749512365992e-07
0.7985472809847385 5.125896886102565e-07
0.8010445322157498 4.889609233210735e-07
0.8035417834467609 4.6654598053651854e-07
0.806039034677772 4.4529654020812234e-07
0.8085362859087832 4.251610268418209e-07
0.8110335371397944 4.060863467468069e-07
0.8135307883708056 3.880191416998652e-07
0.8160280396018168 3.7090668319345477e-07
0.818525290832828 3.546974991156696e-07
0.8210225420638392 3.3934180117443875e-07
0.8235197932948504 3.247917641070757e-07
0.8260170445258616 3.1100169495526266e-07
0.8285142957568727 2.9792812119940525e-07
0.8310115469878839 2.855298194566638e-07
0.8335087982188951 2.737678011233568e-07
0.8360060494499063 2.626052673284868e-07
0.8385033006809175 2.520075425280792e-07
0.8410005519119287 2.4194199376536323e-07
0.8434978031429399 2.323779408688708e-07
0.845995054373951 2.2328656152494478e-07
0.8484923056049622 2.1464079414240764e-07
0.8509895568359733 2.0641524064982148e-07
0.8534868080669846 1.9858607077282973e-07
0.8559840592979957 1.9113092888740666e-07
0.858481310529007 1.8402884420145985e-07
0.8609785617600181 1.772601447571912e-07
0.8634758129910294 1.7080637555058842e-07
0.8659730642220405 1.64650220917704e-07
0.8684703154530518 1.5877543122857887e-07
0.8709675666840628 1.531667538500655e-07
0.8734648179150741 1.4780986828155835e-07
0.8759620691460852 1.4269132532759474e-07
0.8784593203770965 1.377984901442874e-07
0.8809565716081076 1.3311948897955023e-07
0.8834538228391188 1.2864315941753935e-07
0.88595107407013 1.2435900393384098e-07
0.8884483253011412 1.2025714656819858e-07
0.8909455765321523 1.1632829252485095e-07
0.8934428277631635 1.1256369051599117e-07
0.8959400789941747 1.0895509767078447e-07
0.8984373302251859 1.0549474684027714e-07
0.9009345814561971 1.021753161370057e-07
0.9034318326872083 9.898990055689102e-08
0.9059290839182195 9.593198553983668e-08
0.9084263351492307 9.299542233420295e-08
0.9109235863802418 9.017440503886138e-08
0.913420837611253 8.74634492047962e-08
0.9159180888422642 8.485737188611016e-08
0.9184153400732754 8.235127303782818e-08
0.9209125913042866 7.99405181650086e-08
0.9234098425352978 7.76207221343959e-08
0.925907093766309 7.538773406614998e-08
0.92840434499732 7.323762322911134e-08
0.9309015962283314 7.116666586857017e-08
0.9333988474593424 6.917133290067452e-08
0.9358960986903537 6.724827841239302e-08
0.9383933499213648 6.539432891042253e-08
0.9408906011523761 6.360647326655549e-08
0.9433878523833872 6.188185331088082e-08
0.9458851036143985 6.021775502773347e-08
0.9483823548454096 5.861160031262728e-08
0.9508796060764209 5.706093925144116e-08
0.9533768573074319 5.5563442885972324e-08
0.9558741085384432 5.4116896432571984e-08
0.9583713597694543 5.271919292301036e-08
0.9608686110004656 5.1368327238945866e-08
0.9633658622314767 5.006239051345133e-08
0.9658631134624879 4.8799564874956626e-08
0.9683603646934991 4.757811851074427e-08
0.9708576159245103 4.639640102876339e-08
0.9733548671555214 4.525283909804953e-08
0.9758521183865326 4.414593234943026e-08
0.9783493696175438 4.307424951949897e-08
0.980846620848555 4.2036424822033084e-08
0.9833438720795662 4.1031154532144255e-08
0.9858411233105774 4.00571937694761e-08
0.9883383745415886 3.91133534677125e-08
0.9908356257725998 3.819849751854516e-08
0.993332877003611 3.731154007906081e-08
0.9958301282346221 3.645144303226556e-08
0.9983273794656333 3.5617213591166984e-08
1.0008246306966444 3.480790203748081e-08
1.0033218819276557 3.402259958663429e-08
1.005819133158667 3.326043637129726e-08
1.008316384389678 3.2520579536189874e-08
1.0108136356206892 3.1802231437397835e-08
1.0133108868517005 3.110462793987592e-08
1.0158081380827118 3.042703680723289e-08
1.0183053893137228 2.9768756178279642e-08
1.020802640544734 2.9129113125180463e-08
1.0232998917757452 2.8507462288383153e-08
1.0257971430067563 2.7903184583812113e-08
1.0282943942377676 2.7315685978098428e-08
1.0307916454687787 2.6744396327893705e-08
1.0332888966997897 2.6188768279558588e-08
1.035786147930801 2.564827622575811e-08
1.0382833991618123 2.5122415315706717e-08
1.0407806503928234 2.4610700516015537e-08
1.0432779016238345 2.411266571927758e-08
1.0457751528548458 2.362786289770817e-08
1.048272404085857 2.3155861299320868e-08
1.0507696553168682 2.269624668427133e-08
1.0532669065478792 2.2248620599149745e-08
1.0557641577788905 2.181259968713153e-08
1.0582614090099018 2.138781503202673e-08
1.060758660240913 2.0973911534381977e-08
1.063255911471924 2.057054731789975e-08
1.0657531627029353 2.017739316454438e-08
1.0682504139339466 1.9794131976798088e-08
1.0707476651649577 1.9420458265619896e-08
1.0732449163959688 1.9056077662747953e-08
1.07574216762698 1.8700706456060544e-08
1.0782394188579913 1.8354071146788212e-08
1.0807366700890024 1.8015908027437777e-08
1.0832339213200135 1.7685962779352472e-08
1.0857311725510248 1.7363990088897378e-08
1.088228423782036 1.7049753281312047e-08
1.0907256750130472 1.6743023971329606e-08
1.0932229262440583 1.644358172970929e-08
1.0957201774750696 1.615121376487988e-08
1.0982174287060809 1.586571461893264e-08
1.100714679937092 1.5586885877247104e-08
1.103211931168103 1.5314535891070285e-08
1.105709182399114 1.504847951240904e-08
1.1082064336301254 1.4788537840627652e-08
1.1107036848611367 1.453453798017816e-08
1.1132009360921478 1.428631280891905e-08
1.1156981873231588 1.404370075650988e-08
1.1181954385541701 1.3806545592394073e-08
1.1206926897851814 1.3574696222909592e-08
1.1231899410161925 1.3348006497091555e-08
1.1256871922472036 1.3126335020751896e-08
1.128184443478215 1.2909544978445607e-08
1.1306816947092262 1.2697503962950949e-08
1.1331789459402373 1.24900838119118e-08
1.1356761971712483 1.2287160451307357e-08
1.1381734484022596 1.2088613745432896e-08
1.140670699633271 1.1894327353090029e-08
1.143167950864282 1.1704188589700887e-08
1.145665202095293 1.1518088295075181e-08
1.1481624533263044 1.1335920706572477e-08
1.1506597045573157 1.115758333741538e-08
1.1531569557883268 1.098297685991996e-08
1.1556542070193379 1.0812004993423859e-08
1.1581514582503492 1.064457439670133e-08
1.1606487094813605 1.048059456466532e-08
1.1631459607123715 1.0319977729167045e-08
1.1656432119433826 1.0162638763711974e-08
1.168140463174394 1.0008495091920457e-08
1.1706377144054052 9.857466599569469e-09
1.1731349656364163 9.709475550059284e-09
1.1756322168674274 9.564446503156975e-09
1.1781294680984387 9.422306236875578e-09
1.18062671932945 9.282983672353946e-09
1.183123970560461 9.146409801609506e-09
1.1856212217914721 9.012517618041278e-09
1.1881184730224832 8.881242049566922e-09
1.1906157242534945 8.75251989428286e-09
1.1931129754845058 8.626289758541028e-09
1.1956102267155169 8.502491997341877e-09
1.198107477946528 8.381068656946714e-09
1.2006047291775392 8.261963419617685e-09
1.2031019804085505 8.145121550397714e-09
1.2055992316395616 8.030489845846122e-09
1.2080964828705727 7.918016584650422e-09
1.210593734101584 7.807651480037693e-09
1.2130909853325953 7.699345633912525e-09
1.2155882365636064 7.593051492651654e-09
1.2180854877946174 7.488722804488898e-09
1.2205827390256287 7.386314578426856e-09
1.22307999025664 7.285783044613801e-09
1.2255772414876511 7.187085616128395e-09
1.2280744927186622 7.090180852115964e-09
1.2305717439496735 6.995028422223337e-09
1.2330689951806848 6.9015890722814234e-09
1.2355662464116959 6.8098245911864855e-09
1.238063497642707 6.719697778933639e-09
1.2405607488737183 6.631172415758095e-09
1.2430580001047296 6.544213232341039e-09
1.2455552513357406 6.458785881039555e-09
1.2480525025667517 6.374856908101196e-09
1.250549753797763 6.292393726825866e-09
1.2530470050287743 6.211364591638692e-09
1.2555442562597854 6.131738573039835e-09
1.2580415074907965 6.053485533397992e-09
1.2605387587218078 5.976576103555847e-09
1.2630360099528188 5.900981660217451e-09
1.2655332611838301 5.826674304087954e-09
1.2680305124148412 5.75362683873821e-09
1.2705277636458523 5.68181275016737e-09
1.2730250148768636 5.611206187037474e-09
1.275522266107875 5.54178194155596e-09
1.278019517338886 5.473515430981971e-09
1.280516768569897 5.406382679733951e-09
1.2830140198009083 5.340360302076741e-09
1.2855112710319196 5.2754254853672685e-09
1.2880085222629307 5.21155597383877e-09
1.2905057734939418 5.148730052904068e-09
1.293003024724953 5.086926533959647e-09
1.2955002759559644 5.026124739672607e-09
1.2979975271869755 4.966304489733237e-09
1.3004947784179866 4.907446087057089e-09
1.3029920296489979 4.849530304420554e-09
1.3054892808800092 4.792538371514648e-09
1.3079865321110202 4.736451962402777e-09
1.3104837833420313 4.681253183368001e-09
1.3129810345730426 4.626924561136606e-09
1.315478285804054 4.573449031464971e-09
1.317975537035065 4.5208099280770596e-09
1.320472788266076 4.468990971940624e-09
1.3229700394970874 4.417976260870728e-09
1.3254672907280987 4.3677502594490525e-09
1.3279645419591097 4.318297789248741e-09
1.3304617931901208 4.269604019354101e-09
1.332959044421132 4.221654457165427e-09
1.3354562956521434 4.174434939479335e-09
1.3379535468831545 4.127931623835482e-09
1.3404507981141656 4.082130980120539e-09
1.3429480493451769 4.0370197824212115e-09
1.345445300576188 3.992585101117927e-09
1.3479425518071992 3.948814295211234e-09
1.3504398030382103 3.905695004873186e-09
1.3529370542692214 3.863215144216674e-09
1.3554343055002327 3.821362894275236e-09
1.357931556731244 3.780126696186638e-09
1.360428807962255 3.739495244573802e-09
1.3629260591932661 3.699457481116372e-09
1.3654233104242774 3.660002588307099e-09
1.3679205616552887 3.6211199833868587e-09
1.3704178128862998 3.5827993124529674e-09
1.372915064117311 3.5450304447347206e-09
1.3754123153483222 3.5078034670314057e-09
1.3779095665793335 3.471108678307392e-09
1.3804068178103446 3.434936584439189e-09
1.3829040690413557 3.399277893110111e-09
1.385401320272367 3.364123508847574e-09
1.3878985715033783 3.329464528198649e-09
1.3903958227343893 3.2952922350397595e-09
1.3928930739654004 3.2615980960161164e-09
1.3953903251964117 3.2283737561069806e-09
1.397887576427423 3.1956110343129658e-09
1.400384827658434 3.1633019194615367e-09
1.4028820788894452 3.1314385661270214e-09
1.4053793301204565 3.1000132906618465e-09
1.4078765813514678 3.0690185673354534e-09
1.4103738325824788 3.0384470245776605e-09
1.41287108381349 3.0082914413233037e-09
1.4153683350445012 2.9785447434552827e-09
1.4178655862755125 2.949200000342738e-09
1.4203628375065236 2.9202504214718417e-09
1.4228600887375347 2.891689353166114e-09
1.4253573399685457 2.863510275393991e-09
1.427854591199557 2.8357067986607252e-09
1.4303518424305683 2.808272660982156e-09
1.4328490936615794 2.781201724938324e-09
1.4353463448925905 2.7544879748039915e-09
1.4378435961236018 2.7281255137542562e-09
1.440340847354613 2.702108561142988e-09
1.4428380985856242 2.6764314498518032e-09
1.4453353498166353 2.651088623707737e-09
1.4478326010476466 2.6260746349674904e-09
1.4503298522786578 2.6013841418663513e-09
1.452827103509669 2.5770119062300913e-09
1.45532435474068 2.552952791147737e-09
1.4578216059716913 2.529201758703773e-09
1.4603188572027026 2.5057538677678883e-09
1.4628161084337137 2.482604271840784e-09
1.4653133596647248 2.459748216954222e-09
1.467810610895736 2.4371810396241756e-09
1.4703078621267474 2.414898164855088e-09
1.4728051133577584 2.3928951041943032e-09
1.4753023645887695 2.371167453834867e-09
1.4777996158197808 2.349710892765608e-09
1.480296867050792 2.3285211809671024e-09
1.4827941182818032 2.307594157652109e-09
1.4852913695128143 2.286925739549633e-09
1.4877886207438256 2.266511919230906e-09
1.4902858719748369 2.2463487634764954e-09
1.492783123205848 2.22643241168339e-09
1.495280374436859 2.206759074310801e-09
1.4977776256678703 2.187325031363664e-09
1.5002748768988816 2.168126630912999e-09
1.5027721281298927 2.149160287651992e-09
1.5052693793609038 2.130422481486671e-09
1.507766630591915 2.111909756160676e-09
1.5102638818229261 2.0936187179127484e-09
1.5127611330539374 2.0755460341663597e-09
1.5152583842849485 2.0576884322505285e-09
1.5177556355159598 2.040042698150971e-09
1.520252886746971 2.022605675290828e-09
1.5227501379779822 2.005374263340178e-09
1.5252473892089933 1.988345417053497e-09
1.5277446404400046 1.9715161451345016e-09
1.5302418916710157 1.954883509127472e-09
1.532739142902027 1.938444622334499e-09
1.535236394133038 1.9221966487578547e-09
1.5377336453640493 1.906136802067017e-09
1.5402308965950604 1.8902623445894534e-09
1.5427281478260717 1.8745705863247902e-09
1.5452253990570828 1.8590588839816748e-09
1.5477226502880939 1.8437246400366395e-09
1.5502199015191052 1.8285653018146001e-09
1.5527171527501162 1.8135783605902939e-09
1.5552144039811275 1.798761350710152e-09
1.5577116552121386 1.7841118487341458e-09
1.56020890644315 1.7696274725969595e-09
1.562706157674161 1.7553058807882726e-09
1.5652034089051723 1.741144771551256e-09
1.5677006601361834 1.7271418820992717e-09
1.5701979113671947 1.7132949878499817e-09
1.5726951625982057 1.6996019016765927e-09
1.575192413829217 1.6860604731757913e-09
1.5776896650602281 1.672668587951888e-09
1.5801869162912394 1.6594241669168826e-09
1.5826841675222505 1.646325165605899e-09
1.5851814187532618 1.633369573507805e-09
1.5876786699842729 1.620555413410424e-09
1.5901759212152842 1.6078807407601842e-09
1.5926731724462952 1.595343643035739e-09
1.5951704236773065 1.5829422391351934e-09
1.5976676749083176 1.5706746787767228e-09
1.600164926139329 1.558539141912129e-09
1.60266217737034 1.546533838153077e-09
1.6051594286013513 1.5346570062097617e-09
1.6076566798323624 1.5229069133416252e-09
1.6101539310633737 1.5112818548197715e-09
1.6126511822943848 1.4997801534010584e-09
1.615148433525396 1.4884001588132438e-09
1.6176456847564071 1.4771402472512e-09
1.6201429359874184 1.4659988208837674e-09
1.6226401872184295 1.4549743073711042e-09
1.6251374384494406 1.4440651593921653e-09
1.6276346896804519 1.433269854182198e-09
1.630131940911463 1.4225868930799424e-09
1.6326291921424743 1.412014801084283e-09
1.6351264433734853 1.4015521264202235e-09
1.6376236946044966 1.3911974401138995e-09
1.6401209458355077 1.3809493355764176e-09
1.642618197066519 1.3708064281963177e-09
1.64511544829753 1.3607673549405422e-09
1.6476126995285414 1.3508307739635338e-09
1.6501099507595525 1.3409953642245008e-09
1.6526072019905638 1.3312598251124477e-09
1.6551044532215748 1.3216228760789545e-09
1.6576017044525861 1.3120832562784126e-09
1.6600989556835972 1.302639724215658e-09
1.6625962069146085 1.2932910574007102e-09
1.6650934581456196 1.2840360520105616e-09
1.667590709376631 1.2748735225577656e-09
1.670087960607642 1.2658023015657741e-09
1.6725852118386533 1.2568212392507755e-09
1.6750824630696644 1.247929203209913e-09
1.6775797143006757 1.2391250781158005e-09
1.6800769655316867 1.2304077654171192e-09
1.682574216762698 1.2217761830451401e-09
1.685071467993709 1.213229265126192e-09
1.6875687192247204 1.2047659616997304e-09
1.6900659704557315 1.196385238442044e-09
1.6925632216867428 1.1880860763954224e-09
1.6950604729177539 1.1798674717026281e-09
1.6975577241487652 1.171728435346608e-09
1.7000549753797762 1.1636679928953302e-09
1.7025522266107873 1.1556851842515545e-09
1.7050494778417986 1.1477790634075543e-09
1.7075467290728097 1.1399486982045596e-09
1.710043980303821 1.1321931700969156e-09
1.712541231534832 1.1245115739207789e-09
1.7150384827658434 1.1169030176672944e-09
1.7175357339968544 1.1093666222601756e-09
1.7200329852278657 1.1019015213375137e-09
1.7225302364588768 1.094506861037819e-09
1.7250274876898881 1.0871817997901245e-09
1.7275247389208992 1.07992550810815e-09
1.7300219901519105 1.0727371683883386e-09
1.7325192413829216 1.0656159747117448e-09
1.7350164926139329 1.0585611326497107e-09
1.737513743844944 1.0515718590732032e-09
1.7400109950759552 1.0446473819657379e-09
1.7425082463069663 1.0377869402398452e-09
1.7450054975379776 1.0309897835569908e-09
1.7475027487689887 1.0242551721508505e-09
1.75 1.01758237665393e-09
