0.0 0.0
0.0035070140280561123 0.0
0.0070140280561122245 0.0
0.010521042084168337 0.0
0.014028056112224449 0.0
0.01753507014028056 0.0
0.021042084168336674 0.0
0.024549098196392786 0.0
0.028056112224448898 0.0
0.031563126252505014 0.0
0.03507014028056112 0.0
0.03857715430861723 0.0
0.04208416833667335 0.0
0.04559118236472946 0.0
0.04909819639278557 0.0
0.05260521042084168 0.0
0.056112224448897796 0.0
0.05961923847695391 0.0
0.06312625250501003 0.0
0.06663326653306613 0.0
0.07014028056112225 0.0
0.07364729458917836 0.0
0.07715430861723446 0.0
0.08066132264529058 0.0
0.0841683366733467 0.0
0.08767535070140281 0.0
0.09118236472945893 0.0
0.09468937875751503 0.0
0.09819639278557114 0.0
0.10170340681362726 0.0
0.10521042084168336 0.0
0.10871743486973948 0.0
0.11222444889779559 0.0
0.11573146292585171 0.0
0.11923847695390782 0.0
0.12274549098196393 0.0
0.12625250501002006 0.0
0.12975951903807614 0.0
0.13326653306613226 0.0
0.13677354709418837 0.0
0.1402805611222445 0.0
0.1437875751503006 0.0
0.14729458917835672 0.0
0.15080160320641284 0.0
0.15430861723446893 0.0
0.15781563126252504 0.0
0.16132264529058116 0.0
0.16482965931863727 0.0
0.1683366733466934 0.0
0.1718436873747495 0.0
0.17535070140280562 0.0
0.17885771543086174 0.0
0.18236472945891785 0.0
0.18587174348697394 0.0
0.18937875751503006 0.0
0.19288577154308617 0.0
0.1963927855711423 0.0
0.1998997995991984 0.0
0.20340681362725452 0.0
0.20691382765531063 0.0
0.21042084168336672 0.0
0.21392785571142284 0.0
0.21743486973947895 0.0
0.22094188376753507 0.0
0.22444889779559118 0.0
0.2279559118236473 0.0
0.23146292585170342 0.0
0.23496993987975953 0.0
0.23847695390781565 0.0
0.24198396793587174 0.0
0.24549098196392785 0.0
0.24899799599198397 0.0
0.2525050100200401 0.0
0.2560120240480962 0.0
0.2595190380761523 0.0
0.26302605210420843 0.0
0.2665330661322645 0.0
0.27004008016032066 0.0
0.27354709418837675 0.0
0.2770541082164329 0.0
0.280561122244489 0.0
0.28406813627254507 0.0
0.2875751503006012 0.0
0.2910821643286573 0.0
0.29458917835671344 0.0
0.29809619238476953 0.0
0.3016032064128257 0.0
0.30511022044088176 0.0
0.30861723446893785 0.0
0.312124248496994 0.0
0.3156312625250501 0.0
0.3191382765531062 0.0
0.3226452905811623 0.0
0.32615230460921846 0.0
0.32965931863727455 0.0
0.3331663326653307 0.0
0.3366733466933868 0.0
0.34018036072144286 0.0
0.343687374749499 0.0
0.3471943887775551 0.0
0.35070140280561124 0.0
0.35420841683366733 0.0
0.35771543086172347 0.0
0.36122244488977956 0.0
0.3647294589178357 0.0
0.3682364729458918 0.0
0.3717434869739479 0.0
0.375250501002004 0.0
0.3787575150300601 0.0
0.38226452905811625 0.0
0.38577154308617234 0.0
0.3892785571142285 0.0
0.3927855711422846 0.0
0.39629258517034066 0.0
0.3997995991983968 0.0
0.4033066132264529 0.0
0.40681362725450904 0.0
0.4103206412825651 0.0
0.41382765531062127 0.0
0.41733466933867736 0.0
0.42084168336673344 0.0
0.4243486973947896 0.0
0.4278557114228457 0.0
0.4313627254509018 0.0
0.4348697394789579 0.0
0.43837675350701405 0.0
0.44188376753507014 0.0
0.4453907815631263 0.0
0.44889779559118237 0.0
0.45240480961923846 0.0
0.4559118236472946 0.0
0.4594188376753507 0.0
0.46292585170340683 0.0
0.4664328657314629 0.0
0.46993987975951906 0.0
0.47344689378757515 0.0
0.4769539078156313 0.0
0.4804609218436874 0.0
0.48396793587174347 0.0
0.4874749498997996 0.0
0.4909819639278557 0.0
0.49448897795591185 0.0
0.49799599198396793 0.0
0.501503006012024 0.0
0.5050100200400802 0.0
0.5085170340681363 0.0
0.5120240480961924 0.0
0.5155310621242485 0.0
0.5190380761523046 0.0
0.5225450901803608 0.0
0.5260521042084169 0.0
0.529559118236473 0.0
0.533066132264529 0.0
0.5365731462925851 0.0
0.5400801603206413 0.0
0.5435871743486974 0.0
0.5470941883767535 0.0
0.5506012024048096 0.0
0.5541082164328658 0.0
0.5576152304609219 0.0
0.561122244488978 0.0
0.564629258517034 0.0
0.5681362725450901 0.0
0.5716432865731463 0.0
0.5751503006012024 0.0
0.5786573146292585 0.0
0.5821643286573146 0.0
0.5856713426853708 0.0
0.5891783567134269 0.0
0.592685370741483 0.0
0.5961923847695391 0.0
0.5996993987975952 0.0
0.6032064128256514 0.0
0.6067134268537074 0.0
0.6102204408817635 0.0
0.6137274549098196 0.0
0.6172344689378757 0.0
0.6207414829659319 0.0
0.624248496993988 3.193013787482949e-06
0.6277555110220441 4.471692482183551e-06
0.6312625250501002 5.120886613087615e-06
0.6347695390781564 5.468547575939809e-06
0.6382765531062125 5.637792639448552e-06
0.6417835671342685 5.692298164398106e-06
0.6452905811623246 5.670028810497923e-06
0.6487975951903807 5.595478850075701e-06
0.6523046092184369 5.48523971226087e-06
0.655811623246493 5.3509120596288005e-06
0.6593186372745491 5.200780520285577e-06
0.6628256513026052 5.040844532611464e-06
0.6663326653306614 4.875485683064017e-06
0.6698396793587175 4.7079166563995e-06
0.6733466933867736 4.540492442428165e-06
0.6768537074148296 4.37493123088498e-06
0.6803607214428857 4.212474208692793e-06
0.6838677354709419 4.054002950354246e-06
0.687374749498998 3.900126743929557e-06
0.6908817635270541 3.7512482226040615e-06
0.6943887775551102 3.607613107205626e-06
0.6978957915831664 3.469348164271875e-06
0.7014028056112225 3.3364903299636627e-06
0.7049098196392786 3.2090091507807133e-06
0.7084168336673347 3.086824128705551e-06
0.7119238476953907 2.969818155248898e-06
0.7154308617234469 2.85784792642277e-06
0.718937875751503 2.750752015977787e-06
0.7224448897795591 2.648357124958451e-06
0.7259519038076152 2.550482906338006e-06
0.7294589178356714 2.4569456733993054e-06
0.7329659318637275 2.3675612319719975e-06
0.7364729458917836 2.2821470241173565e-06
0.7399799599198397 2.2005237303751575e-06
0.7434869739478958 2.1225164463208113e-06
0.746993987975952 2.0479555247561892e-06
0.750501002004008 1.9766771557535827e-06
0.7540080160320641 1.9085237417714353e-06
0.7575150300601202 1.8433441132395045e-06
0.7610220440881763 1.7809936206663415e-06
0.7645290581162325 1.7213341319145167e-06
0.7680360721442886 1.6642339574021062e-06
0.7715430861723447 1.6095677213011515e-06
0.7750501002004008 1.5572161930638039e-06
0.778557114228457 1.507066090618652e-06
0.7820641282565131 1.4590098641895367e-06
0.7855711422845691 1.4129454677757263e-06
0.7890781563126252 1.3687761237998024e-06
0.7925851703406813 1.3264100852021342e-06
0.7960921843687375 1.2857603982780002e-06
0.7995991983967936 1.2467446687670276e-06
0.8031062124248497 1.2092848330763758e-06
0.8066132264529058 1.173306936018005e-06
0.810120240480962 1.1387409160417674e-06
0.8136272545090181 1.1055203986301916e-06
0.8171342685370742 1.0735824982713936e-06
0.8206412825651302 1.042867629231007e-06
0.8241482965931863 1.0133193251915391e-06
0.8276553106212425 9.84884067710068e-07
0.8311623246492986 9.5751112335559e-07
0.8346693386773547 9.311523893202391e-07
0.8381763527054108 9.057622472494775e-07
0.8416833667334669 8.812974250016577e-07
0.8451903807615231 8.577168660239194e-07
0.8486973947895792 8.349816060171982e-07
0.8522044088176353 8.130546565558202e-07
0.8557114228456913 7.919008953255872e-07
0.8592184368737475 7.714869626467369e-07
0.8627254509018036 7.51781163954196e-07
0.8662324649298597 7.327533779156522e-07
0.8697394789579158 7.143749698782545e-07
0.8732464929859719 6.966187103458713e-07
0.8767535070140281 6.794586982011577e-07
0.8802605210420842 6.62870288399252e-07
0.8837675350701403 6.468300238728182e-07
0.8872745490981964 6.313155714010848e-07
0.8907815631262526 6.163056612083342e-07
0.8942885771543087 6.017800300697987e-07
0.8977955911823647 5.877193677151699e-07
0.9013026052104208 5.741052663317123e-07
0.9048096192384769 5.609201729803333e-07
0.9083166332665331 5.481473447488501e-07
0.9118236472945892 5.357708064770665e-07
0.9153306613226453 5.237753108981738e-07
0.9188376753507014 5.121463010503662e-07
0.9223446893787576 5.008698748214312e-07
0.9258517034068137 4.899327514975101e-07
0.9293587174348698 4.793222401951097e-07
0.9328657314629258 4.6902621006296327e-07
0.9363727454909819 4.590330621473287e-07
0.9398797595190381 4.4933170282095534e-07
0.9433867735470942 4.3991151868217405e-07
0.9468937875751503 4.307623528363541e-07
0.9504008016032064 4.218744824774983e-07
0.9539078156312626 4.132385976928589e-07
0.9574148296593187 4.0484578141825595e-07
0.9609218436873748 3.966874904763153e-07
0.9644288577154309 3.8875553763404795e-07
0.9679358717434869 3.810420746201537e-07
0.9714428857715431 3.7353957604613767e-07
0.9749498997995992 3.6624082417878414e-07
0.9784569138276553 3.5913889451478743e-07
0.9819639278557114 3.5222714211137364e-07
0.9854709418837675 3.454991886295746e-07
0.9889779559118237 3.389489100494977e-07
0.9924849699398798 3.3257042501940846e-07
0.9959919839679359 3.263580838027646e-07
0.999498997995992 3.203064577895468e-07
1.003006012024048 3.144103295402413e-07
1.0065130260521042 3.0866468333276516e-07
1.0100200400801604 3.0306469618439193e-07
1.0135270541082164 2.976057293224232e-07
1.0170340681362726 2.922833200789224e-07
1.0205410821643286 2.8709317418628016e-07
1.0240480961923848 2.820311584517735e-07
1.027555110220441 2.7709329379056426e-07
1.031062124248497 2.722757485977821e-07
1.0345691382765532 2.675748324414805e-07
1.0380761523046091 2.629869900593281e-07
1.0415831663326653 2.5850879564285044e-07
1.0450901803607215 2.5413694739402217e-07
1.0485971943887775 2.498682623398576e-07
1.0521042084168337 2.456996713914645e-07
1.0556112224448897 2.4162821463482764e-07
1.059118236472946 2.3765103684127539e-07
1.062625250501002 2.3376538318629117e-07
1.066132264529058 2.299685951659596e-07
1.0696392785571143 2.26258106700936e-07
1.0731462925851702 2.22631440418398e-07
1.0766533066132264 2.1908620410296178e-07
1.0801603206412826 2.1562008730805013e-07
1.0836673346693386 2.1223085811965836e-07
1.0871743486973948 2.0891636006492616e-07
1.090681362725451 2.056745091583065e-07
1.094188376753507 2.0250329107854626e-07
1.0976953907815632 1.9940075847003525e-07
1.1012024048096192 1.9636502836244349e-07
1.1047094188376754 1.9339427970288017e-07
1.1082164328657316 1.9048675099513208e-07
1.1117234468937875 1.8764073804079706e-07
1.1152304609218437 1.848545917774447e-07
1.1187374749498997 1.8212671620915364e-07
1.122244488977956 1.794555664250411e-07
1.1257515030060121 1.7683964670162262e-07
1.129258517034068 1.7427750868504815e-07
1.1327655310621243 1.7176774964948408e-07
1.1362725450901803 1.6930901082808162e-07
1.1397795591182365 1.668999758131604e-07
1.1432865731462927 1.6453936902242377e-07
1.1467935871743486 1.622259542281556e-07
1.1503006012024048 1.5995853314652445e-07
1.1538076152304608 1.5773594408426311e-07
1.157314629258517 1.5555706064010367e-07
1.1608216432865732 1.5342079045852886e-07
1.1643286573146292 1.5132607403346248e-07
1.1678356713426854 1.4927188355967664e-07
1.1713426853707416 1.4725722182980852e-07
1.1748496993987976 1.4528112117493693e-07
1.1783567134268538 1.433426424468296e-07
1.1818637274549098 1.4144087404001166e-07
1.185370741482966 1.39574930951926e-07
1.1888777555110221 1.3774395387953422e-07
1.1923847695390781 1.3594710835076462e-07
1.1958917835671343 1.3418358388932753e-07
1.1993987975951903 1.32452593211452e-07
1.2029058116232465 1.307533714531869e-07
1.2064128256513027 1.2908517542697099e-07
1.2099198396793587 1.2744728290622166e-07
1.2134268537074149 1.2583899193678465e-07
1.2169338677354709 1.2425962017409182e-07
1.220440881763527 1.227085042449794e-07
1.2239478957915833 1.2118499913311854e-07
1.2274549098196392 1.1968847758710439e-07
1.2309619238476954 1.1821832955025167e-07
1.2344689378757514 1.1677396161121802e-07
1.2379759519038076 1.1535479647460068e-07
1.2414829659318638 1.1396027245069321e-07
1.2449899799599198 1.1258984296363323e-07
1.248496993987976 1.1124297607719036e-07
1.2520040080160322 1.0991915403749796e-07
1.2555110220440882 1.0861787283204161e-07
1.2590180360721444 1.0733864176426383e-07
1.2625250501002003 1.0608098304316461e-07
1.2660320641282565 1.0484443138730801e-07
1.2695390781563127 1.0362853364266504e-07
1.2730460921843687 1.0243284841375626e-07
1.276553106212425 1.0125694570757555e-07
1.2800601202404809 1.0010040658979352e-07
1.283567134268537 9.896282285277895e-08
1.2870741482965933 9.784379669496848e-08
1.2905811623246493 9.674294041116318e-08
1.2940881763527055 9.565987609332548e-08
1.2975951903807614 9.459423534148783e-08
1.3011022044088176 9.354565898437795e-08
1.3046092184368738 9.25137968094063e-08
1.3081162324649298 9.149830730165996e-08
1.311623246492986 9.049885739156399e-08
1.3151302605210422 8.951512221089247e-08
1.3186372745490982 8.85467848568161e-08
1.3221442885771544 8.759353616369332e-08
1.3256513026052104 8.665507448231556e-08
1.3291583166332666 8.573110546633927e-08
1.3326653306613228 8.48213418656393e-08
1.3361723446893787 8.392550332632985e-08
1.339679358717435 8.304331619721968e-08
1.343186372745491 8.21745133424618e-08
1.346693386773547 8.131883396017855e-08
1.3502004008016033 8.047602340684952e-08
1.3537074148296593 7.964583302725581e-08
1.3572144288577155 7.882801998978191e-08
1.3607214428857715 7.802234712688954e-08
1.3642284569138277 7.722858278057992e-08
1.3677354709418839 7.644650065266581e-08
1.3712424849699398 7.567587965969478e-08
1.374749498997996 7.491650379234775e-08
1.378256513026052 7.416816197917535e-08
1.3817635270541082 7.343064795450268e-08
1.3852705410821644 7.270376013037844e-08
1.3887775551102204 7.198730147241391e-08
1.3922845691382766 7.128107937939001e-08
1.3957915831663328 7.058490556649745e-08
1.3992985971943888 6.989859595208965e-08
1.402805611222445 6.922197054783172e-08
1.406312625250501 6.855485335212805e-08
1.4098196392785571 6.789707224671813e-08
1.4133266533066133 6.724845889633976e-08
1.4168336673346693 6.660884865135181e-08
1.4203406813627255 6.597808045322349e-08
1.4238476953907815 6.535599674279136e-08
1.4273547094188377 6.474244337119459e-08
1.4308617234468939 6.41372695134037e-08
1.4343687374749499 6.354032758425218e-08
1.437875751503006 6.295147315689426e-08
1.441382765531062 6.237056488360853e-08
1.4448897795591182 6.17974644188717e-08
1.4483967935871744 6.12320363446306e-08
1.4519038076152304 6.067414809769737e-08
1.4554108216432866 6.012366989920877e-08
1.4589178356713428 5.9580474686073004e-08
1.4624248496993988 5.9044438044351264e-08
1.465931863727455 5.8515438144504687e-08
1.469438877755511 5.799335567845341e-08
1.4729458917835672 5.747807379838886e-08
1.4764529058116234 5.6969478057282203e-08
1.4799599198396793 5.646745635104036e-08
1.4834669338677355 5.597189886225705e-08
1.4869739478957915 5.548269800550452e-08
1.4904809619238477 5.499974837412821e-08
1.493987975951904 5.4522946688487736e-08
1.49749498997996 5.40521917456078e-08
1.501002004008016 5.358738437019134e-08
1.504509018036072 5.312842736695542e-08
1.5080160320641283 5.267522547424886e-08
1.5115230460921845 5.2227685318914706e-08
1.5150300601202404 5.17857153723559e-08
1.5185370741482966 5.134922590777363e-08
1.5220440881763526 5.091812895853863e-08
1.5255511022044088 5.049233827766438e-08
1.529058116232465 5.007176929834704e-08
1.532565130260521 4.965633909554378e-08
1.5360721442885772 4.924596634855481e-08
1.5395791583166334 4.884057130458481e-08
1.5430861723446894 4.8440075743248716e-08
1.5465931863727456 4.804440294199915e-08
1.5501002004008015 4.765347764244744e-08
1.5536072144288577 4.726722601755037e-08
1.557114228456914 4.68855756396402e-08
1.56062124248497 4.650845544927322e-08
1.5641282565130261 4.6135795724869006e-08
1.567635270541082 4.576752805312622e-08
1.5711422845691383 4.540358530018379e-08
1.5746492985971945 4.5043901583512105e-08
1.5781563126252505 4.468841224451142e-08
1.5816633266533067 4.433705382179758e-08
1.5851703406813626 4.3989764025155035e-08
1.5886773547094188 4.364648171014059e-08
1.592184368737475 4.330714685331618e-08
1.595691382765531 4.297170052809722e-08
1.5991983967935872 4.264008488119518e-08
1.6027054108216432 4.231224310964176e-08
1.6062124248496994 4.1988119438374954e-08
1.6097194388777556 4.1667659098374585e-08
1.6132264529058116 4.13508083053301e-08
1.6167334669338678 4.103751423882763e-08
1.620240480961924 4.072772502204008e-08
1.62374749498998 4.042138970190833e-08
1.6272545090180361 4.0118458229800227e-08
1.6307615230460921 3.981888144263224e-08
1.6342685370741483 3.952261104444507e-08
1.6377755511022045 3.9229599588416076e-08
1.6412825651302605 3.893980045930183e-08
1.6447895791583167 3.8653167856295516e-08
1.6482965931863727 3.836965677628959e-08
1.6518036072144289 3.808922299753418e-08
1.655310621242485 3.7811823063677245e-08
1.658817635270541 3.753741426818067e-08
1.6623246492985972 3.726595463909814e-08
1.6658316633266532 3.699740292421001e-08
1.6693386773547094 3.673171857650026e-08
1.6728456913827656 3.646886173997185e-08
1.6763527054108216 3.62087932357881e-08
1.6798597194388778 3.5951474548733964e-08
1.6833667334669338 3.569686781398584e-08
1.68687374749499 3.5444935804186434e-08
1.6903807615230462 3.519564191681199e-08
1.6938877755511021 3.49489501618292e-08
1.6973947895791583 3.4704825149629163e-08
1.7009018036072145 3.446323207923581e-08
1.7044088176352705 3.422413672677962e-08
1.7079158316633267 3.398750543423084e-08
1.7114228456913827 3.375330509838307e-08
1.714929859719439 3.352150316008606e-08
1.718436873747495 3.3292067593715875e-08
1.721943887775551 3.306496689687964e-08
1.7254509018036073 3.284017008034879e-08
1.7289579158316633 3.2617646658213985e-08
1.7324649298597194 3.2397366638256935e-08
1.7359719438877756 3.217930051253442e-08
1.7394789579158316 3.196341924816664e-08
1.7429859719438878 3.174969427832885e-08
1.7464929859719438 3.1538097493437285e-08
1.75 3.132860123252797e-08
