0.5038716357254187 0.0
0.5063688869564299 0.0
0.5088661381874411 0.0
0.5113633894184523 0.0
0.5138606406494635 0.0
0.5163578918804747 0.0
0.5188551431114858 0.0
0.521352394342497 0.0
0.5238496455735082 0.0
0.5263468968045194 0.0
0.5288441480355306 0.0
0.5313413992665418 0.0
0.533838650497553 0.0
0.5363359017285642 0.0
0.5388331529595753 0.0
0.5413304041905864 0.0
0.5438276554215977 0.0
0.5463249066526088 0.0
0.54882215788362 0.0
0.5513194091146312 0.0
0.5538166603456424 0.0
0.5563139115766536 0.0
0.5588111628076647 0.0
0.5613084140386759 0.0
0.5638056652696871 0.0
0.5663029165006983 0.0
0.5688001677317095 0.0
0.5712974189627207 0.0
0.5737946701937319 0.0
0.5762919214247431 0.0
0.5787891726557542 0.0
0.5812864238867654 0.0
0.5837836751177766 0.0
0.5862809263487878 0.0
0.588778177579799 0.0
0.5912754288108102 0.0
0.5937726800418214 0.0
0.5962699312728326 0.0
0.5987671825038438 0.0
0.6012644337348549 0.0
0.6037616849658661 0.0
0.6062589361968773 0.0
0.6087561874278885 0.0
0.6112534386588997 0.0
0.6137506898899109 0.0
0.6162479411209221 0.0
0.6187451923519331 0.0
0.6212424435829444 0.0
0.6237396948139555 0.0
0.6262369460449668 0.0
0.6287341972759779 0.0
0.6312314485069892 0.0
0.6337286997380003 0.0
0.6362259509690115 0.0
0.6387232022000227 0.0
0.6412204534310338 0.0
0.643717704662045 0.0
0.6462149558930562 0.0
0.6487122071240674 0.0
0.6512094583550786 0.0
0.6537067095860898 0.0
0.656203960817101 0.0
0.6587012120481122 0.0
0.6611984632791233 0.0
0.6636957145101345 0.0
0.6661929657411457 0.0
0.6686902169721569 0.0
0.6711874682031681 0.0
0.6736847194341793 0.0
0.6761819706651905 0.0
0.6786792218962017 0.0
0.6811764731272129 0.0
0.683673724358224 0.0
0.6861709755892352 0.0
0.6886682268202464 0.0
0.6911654780512576 0.0
0.6936627292822688 0.0
0.6961599805132799 0.0
0.6986572317442912 0.0
0.7011544829753023 0.0
0.7036517342063136 0.0
0.7061489854373246 0.0
0.7086462366683359 0.0
0.711143487899347 0.0
0.7136407391303583 0.0
0.7161379903613694 0.0
0.7186352415923806 0.0
0.7211324928233918 0.0
0.723629744054403 0.0
0.7261269952854141 0.0
0.7286242465164253 0.0
0.7311214977474365 0.0
0.7336187489784477 0.0
0.7361160002094589 0.0
0.7386132514404701 0.0
0.7411105026714813 0.0
0.7436077539024925 0.0
0.7461050051335036 0.0
0.7486022563645148 1.2903443514745102e-07
0.751099507595526 2.257186182495157e-07
0.7535967588265372 2.6495778189280603e-07
0.7560940100575484 2.8243258670571527e-07
0.7585912612885596 2.8836107841987414e-07
0.7610885125195708 2.875064702939716e-07
0.763585763750582 2.825072915219138e-07
0.7660830149815931 2.749589958091436e-07
0.7685802662126042 2.6587651604080074e-07
0.7710775174436155 2.559256923798393e-07
0.7735747686746266 2.455513480314066e-07
0.7760720199056379 2.35053259919893e-07
0.778569271136649 2.2463353258683607e-07
0.7810665223676603 2.1442726231629009e-07
0.7835637735986714 2.04522960253278e-07
0.7860610248296827 1.949764610284314e-07
0.7885582760606937 1.8582056274565912e-07
0.791055527291705 1.770718020304047e-07
0.7935527785227161 1.6873526803901362e-07
0.7960500297537274 1.608080520869197e-07
0.7985472809847385 1.532817350252975e-07
0.8010445322157498 1.4614418821526962e-07
0.8035417834467609 1.3938088020159446e-07
0.806039034677772 1.3297582461486586e-07
0.8085362859087832 1.2691226599841933e-07
0.8110335371397944 1.2117317322441692e-07
0.8135307883708056 1.1574159111364349e-07
0.8160280396018168 1.1060088730162683e-07
0.818525290832828 1.0573492163094455e-07
0.8210225420638392 1.0112815826649629e-07
0.8235197932948504 9.676573555231314e-08
0.8260170445258616 9.263350481725627e-08
0.8285142957568727 8.871804651498994e-08
0.8310115469878839 8.50066699831209e-08
0.8335087982188951 8.148740153572266e-08
0.8360060494499063 7.814896442432378e-08
0.8385033006809175 7.498075331429543e-08
0.8410005519119287 7.197280525280142e-08
0.8434978031429399 6.911576859683306e-08
0.845995054373951 6.640087098514423e-08
0.8484923056049622 6.381988714614815e-08
0.8509895568359733 6.136510711262355e-08
0.8534868080669846 5.902930524649866e-08
0.8559840592979957 5.68057103503231e-08
0.858481310529007 5.4687977046587417e-08
0.8609785617600181 5.26701585345026e-08
0.8634758129910294 5.074668078056159e-08
0.8659730642220405 4.891231815989891e-08
0.8684703154530518 4.716217053684126e-08
0.8709675666840628 4.5491641752587294e-08
0.8734648179150741 4.389641947370339e-08
0.8759620691460852 4.237245634560271e-08
0.8784593203770965 4.091595238920334e-08
0.8809565716081076 3.95233385756808e-08
0.8834538228391188 3.8191261512922014e-08
0.88595107407013 3.6916569177451295e-08
0.8884483253011412 3.5696297626815144e-08
0.8909455765321523 3.452765862937058e-08
0.8934428277631635 3.340802815089094e-08
0.8959400789941747 3.2334935640197064e-08
0.8984373302251859 3.130605405900718e-08
0.9009345814561971 3.031919060427107e-08
0.9034318326872083 2.9372278074342245e-08
0.9059290839182195 2.8463366833384655e-08
0.9084263351492307 2.7590617331374005e-08
0.9109235863802418 2.6752293139905515e-08
0.913420837611253 2.5946754466749765e-08
0.9159180888422642 2.5172452114683623e-08
0.9184153400732754 2.4427921852571448e-08
0.9209125913042866 2.371177916896989e-08
0.9234098425352978 2.3022714380687495e-08
0.925907093766309 2.2359488070742817e-08
0.92840434499732 2.1720926832048156e-08
0.9309015962283314 2.1105919294890492e-08
0.9333988474593424 2.0513412417911013e-08
0.9358960986903537 1.9942408023788588e-08
0.9383933499213648 1.9391959562234797e-08
0.9408906011523761 1.8861169084198857e-08
0.9433878523833872 1.834918441238303e-08
0.9458851036143985 1.7855196494272672e-08
0.9483823548454096 1.737843692491473e-08
0.9508796060764209 1.691817562761984e-08
0.9533768573074319 1.647371868164271e-08
0.9558741085384432 1.604440628669889e-08
0.9583713597694543 1.5629610854925858e-08
0.9608686110004656 1.5228735221582226e-08
0.9633658622314767 1.4841210966417552e-08
0.9658631134624879 1.4466496838230992e-08
0.9683603646934991 1.4104077275681557e-08
0.9708576159245103 1.3753461017911918e-08
0.9733548671555214 1.3414179799013246e-08
0.9758521183865326 1.308578712078412e-08
0.9783493696175438 1.2767857098634331e-08
0.980846620848555 1.2459983375848282e-08
0.9833438720795662 1.2161778101761665e-08
0.9858411233105774 1.1872870969717828e-08
0.9883383745415886 1.1592908310958714e-08
0.9908356257725998 1.1321552240874268e-08
0.993332877003611 1.1058479854280943e-08
0.9958301282346221 1.0803382466629687e-08
0.9983273794656333 1.0555964898257005e-08
1.0008246306966444 1.0315944798988716e-08
1.0033218819276557 1.0083052010589237e-08
1.005819133158667 9.857027964718585e-09
1.008316384389678 9.637625114215835e-09
1.0108136356206892 9.424606395673708e-09
1.0133108868517005 9.217744721404787e-09
1.0158081380827118 9.0168224990245e-09
1.0183053893137228 8.821631176993314e-09
1.020802640544734 8.631970814568713e-09
1.0232998917757452 8.447649674719016e-09
1.0257971430067563 8.268483838643364e-09
1.0282943942377676 8.094296840630819e-09
1.0307916454687787 7.924919322072265e-09
1.0332888966997897 7.760188703513599e-09
1.035786147930801 7.59994887371027e-09
1.0382833991618123 7.444049894707538e-09
1.0407806503928234 7.2923477220331294e-09
1.0432779016238345 7.144703939144591e-09
1.0457751528548458 7.000985505327924e-09
1.048272404085857 6.861064516293227e-09
1.0507696553168682 6.724817976758616e-09
1.0532669065478792 6.592127584358409e-09
1.0557641577788905 6.462879524250158e-09
1.0582614090099018 6.336964273834306e-09
1.060758660240913 6.2142764170345976e-09
1.063255911471924 6.094714467620023e-09
1.0657531627029353 5.978180701081338e-09
1.0682504139339466 5.864580994602358e-09
1.0707476651649577 5.753824674694043e-09
1.0732449163959688 5.6458243720847454e-09
1.07574216762698 5.54049588348319e-09
1.0782394188579913 5.437758039853278e-09
1.0807366700890024 5.337532580860657e-09
1.0832339213200135 5.239744035169723e-09
1.0857311725510248 5.144319606289339e-09
1.088228423782036 5.051189063681342e-09
1.0907256750130472 4.960284638862818e-09
1.0932229262440583 4.871540926247853e-09
1.0957201774750696 4.784894788489098e-09
1.0982174287060809 4.700285266092066e-09
1.100714679937092 4.6176534910884275e-09
1.103211931168103 4.536942604565628e-09
1.105709182399114 4.45809767786183e-09
1.1082064336301254 4.381065637245064e-09
1.1107036848611367 4.305795191905681e-09
1.1132009360921478 4.232236765100083e-09
1.1156981873231588 4.1603424282927075e-09
1.1181954385541701 4.090065838151148e-09
1.1206926897851814 4.021362176257073e-09
1.1231899410161925 3.954188091403057e-09
1.1256871922472036 3.888501644351779e-09
1.128184443478215 3.8242622549412305e-09
1.1306816947092262 3.7614306514248746e-09
1.1331789459402373 3.699968821942013e-09
1.1356761971712483 3.6398399680186975e-09
1.1381734484022596 3.581008460004846e-09
1.140670699633271 3.5234397943579147e-09
1.143167950864282 3.467100552688029e-09
1.145665202095293 3.4119583624838307e-09
1.1481624533263044 3.3579818594424278e-09
1.1506597045573157 3.305140651330626e-09
1.1531569557883268 3.2534052833080015e-09
1.1556542070193379 3.202747204646307e-09
1.1581514582503492 3.1531387367826648e-09
1.1606487094813605 3.1045530426469547e-09
1.1631459607123715 3.0569640972069575e-09
1.1656432119433826 3.0103466591775174e-09
1.168140463174394 2.9646762438424917e-09
1.1706377144054052 2.919929096940871e-09
1.1731349656364163 2.876082169570635e-09
1.1756322168674274 2.833113094066233e-09
1.1781294680984387 2.7910001608077653e-09
1.18062671932945 2.749722295921714e-09
1.183123970560461 2.7092590398351004e-09
1.1856212217914721 2.6695905266467936e-09
1.1881184730224832 2.6306974642812328e-09
1.1906157242534945 2.5925611153916805e-09
1.1931129754845058 2.5551632789812868e-09
1.1956102267155169 2.5184862727121463e-09
1.198107477946528 2.482512915873574e-09
1.2006047291775392 2.447226512982262e-09
1.2031019804085505 2.4126108379882914e-09
1.2055992316395616 2.3786501190619813e-09
1.2080964828705727 2.3453290239378735e-09
1.210593734101584 2.3126326457931456e-09
1.2130909853325953 2.2805464896386795e-09
1.2155882365636064 2.2490564592021517e-09
1.2180854877946174 2.218148844283242e-09
1.2205827390256287 2.187810308562213e-09
1.22307999025664 2.158027877843507e-09
1.2255772414876511 2.1287889287173246e-09
1.2280744927186622 2.1000811776224616e-09
1.2305717439496735 2.071892670294667e-09
1.2330689951806848 2.0442117715854142e-09
1.2355662464116959 2.017027155636522e-09
1.238063497642707 1.990327796396806e-09
1.2405607488737183 1.9641029584675733e-09
1.2430580001047296 1.93834218826412e-09
1.2455552513357406 1.913035305481201e-09
1.2480525025667517 1.8881723948507577e-09
1.250549753797763 1.8637437981808172e-09
1.2530470050287743 1.8397401066647742e-09
1.2555442562597854 1.8161521534509407e-09
1.2580415074907965 1.7929710064624908e-09
1.2605387587218078 1.7701879614583799e-09
1.2630360099528188 1.7477945353263063e-09
1.2655332611838301 1.7257824595989481e-09
1.2680305124148412 1.7041436741853158e-09
1.2705277636458523 1.6828703213092213e-09
1.2730250148768636 1.66195473964716e-09
1.275522266107875 1.6413894586584615e-09
1.278019517338886 1.6211671931005062e-09
1.280516768569897 1.6012808377224178e-09
1.2830140198009083 1.5817234621306273e-09
1.2855112710319196 1.5624883058202325e-09
1.2880085222629307 1.5435687733661116e-09
1.2905057734939418 1.5249584297680498e-09
1.293003024724953 1.5066509959444417e-09
1.2955002759559644 1.4886403443692555e-09
1.2979975271869755 1.4709204948471388e-09
1.3004947784179866 1.453485610421872e-09
1.3029920296489979 1.436329993413433e-09
1.3054892808800092 1.419448081579122e-09
1.3079865321110202 1.402834444394529e-09
1.3104837833420313 1.38648377945005e-09
1.3129810345730426 1.3703909089590269e-09
1.315478285804054 1.3545507763736433e-09
1.317975537035065 1.3389584431048654e-09
1.320472788266076 1.3236090853427982e-09
1.3229700394970874 1.3084979909741755e-09
1.3254672907280987 1.2936205565934946e-09
1.3279645419591097 1.2789722846047867e-09
1.3304617931901208 1.264548780410835e-09
1.332959044421132 1.250345749686969e-09
1.3354562956521434 1.2363589957365663e-09
1.3379535468831545 1.2225844169255688e-09
1.3404507981141656 1.2090180041932908e-09
1.3429480493451769 1.1956558386370957e-09
1.345445300576188 1.1824940891684442e-09
1.3479425518071992 1.169529010237961e-09
1.3504398030382103 1.1567569396272266e-09
1.3529370542692214 1.1441742963052008e-09
1.3554343055002327 1.1317775783470683e-09
1.357931556731244 1.1195633609135131e-09
1.360428807962255 1.1075282942885156e-09
1.3629260591932661 1.0956691019736857e-09
1.3654233104242774 1.0839825788373986e-09
1.3679205616552887 1.072465589316907e-09
1.3704178128862998 1.0611150656718371e-09
1.372915064117311 1.0499280062872796e-09
1.3754123153483222 1.0389014740250411e-09
1.3779095665793335 1.0280325946215058e-09
1.3804068178103446 1.017318555130519e-09
1.3829040690413557 1.0067566024100675e-09
1.385401320272367 9.96344041651239e-10
1.3878985715033783 9.860782349481844e-10
1.3903958227343893 9.759565999078376e-10
1.3928930739654004 9.659766082981346e-10
1.3953903251964117 9.561357847335026e-10
1.397887576427423 9.464317053965602e-10
1.400384827658434 9.368619967948507e-10
1.4028820788894452 9.274243345515331e-10
1.4053793301204565 9.181164422290429e-10
1.4078765813514678 9.089360901846781e-10
1.4103738325824788 8.99881094457168e-10
1.41287108381349 8.909493156832417e-10
1.4153683350445012 8.821386580433911e-10
1.4178655862755125 8.734470682358323e-10
1.4203628375065236 8.64872534477916e-10
1.4228600887375347 8.564130855341002e-10
1.4253573399685457 8.480667897697611e-10
1.427854591199557 8.398317542300277e-10
1.4303518424305683 8.317061237428756e-10
1.4328490936615794 8.236880800458966e-10
1.4353463448925905 8.157758409358638e-10
1.4378435961236018 8.079676594405583e-10
1.440340847354613 8.002618230121861e-10
1.4428380985856242 7.926566527417026e-10
1.4453353498166353 7.851505025935031e-10
1.4478326010476466 7.777417586598502e-10
1.4503298522786578 7.704288384344644e-10
1.452827103509669 7.632101901048029e-10
1.45532435474068 7.560842918623553e-10
1.4578216059716913 7.490496512305812e-10
1.4603188572027026 7.421048044098844e-10
1.4628161084337137 7.352483156392309e-10
1.4653133596647248 7.284787765738139e-10
1.467810610895736 7.217948056784842e-10
1.4703078621267474 7.15195047636316e-10
1.4728051133577584 7.086781727720507e-10
1.4753023645887695 7.022428764898746e-10
1.4777996158197808 6.958878787252132e-10
1.480296867050792 6.896119234101243e-10
1.4827941182818032 6.834137779518727e-10
1.4852913695128143 6.772922327244371e-10
1.4877886207438256 6.712461005724384e-10
1.4902858719748369 6.652742163272633e-10
1.492783123205848 6.593754363350314e-10
1.495280374436859 6.535486379960425e-10
1.4977776256678703 6.477927193153886e-10
1.5002748768988816 6.421065984645101e-10
1.5027721281298927 6.36489213353312e-10
1.5052693793609038 6.309395212125581e-10
1.507766630591915 6.254564981863492e-10
1.5102638818229261 6.200391389343233e-10
1.5127611330539374 6.146864562433549e-10
1.5152583842849485 6.09397480648514e-10
1.5177556355159598 6.041712600630123e-10
1.520252886746971 5.990068594169132e-10
1.5227501379779822 5.939033603043731e-10
1.5252473892089933 5.888598606391671e-10
1.5277446404400046 5.838754743183287e-10
1.5302418916710157 5.789493308936376e-10
1.532739142902027 5.740805752507913e-10
1.535236394133038 5.692683672960208e-10
1.5377336453640493 5.645118816500143e-10
1.5402308965950604 5.598103073488817e-10
1.5427281478260717 5.551628475520485e-10
1.5452253990570828 5.50568719256877e-10
1.5477226502880939 5.460271530198052e-10
1.5502199015191052 5.415373926838998e-10
1.5527171527501162 5.370986951126124e-10
1.5552144039811275 5.327103299295941e-10
1.5577116552121386 5.283715792644251e-10
1.56020890644315 5.240817375040764e-10
1.562706157674161 5.198401110500312e-10
1.5652034089051723 5.15646018080805e-10
1.5677006601361834 5.114987883198608e-10
1.5701979113671947 5.073977628086813e-10
1.5726951625982057 5.033422936849233e-10
1.575192413829217 4.993317439655087e-10
1.5776896650602281 4.953654873345361e-10
1.5801869162912394 4.914429079358893e-10
1.5826841675222505 4.875634001704163e-10
1.5851814187532618 4.837263684976006e-10
1.5876786699842729 4.799312272415587e-10
1.5901759212152842 4.761774004013163e-10
1.5926731724462952 4.724643214652223e-10
1.5951704236773065 4.687914332293969e-10
1.5976676749083176 4.6515818762014785e-10
1.600164926139329 4.6156404552021894e-10
1.60266217737034 4.5800847659879726e-10
1.6051594286013513 4.5449095914520364e-10
1.6076566798323624 4.510109799061539e-10
1.6101539310633737 4.4756803392648497e-10
1.6126511822943848 4.441616243933438e-10
1.615148433525396 4.407912624836492e-10
1.6176456847564071 4.374564672148346e-10
1.6201429359874184 4.341567652987435e-10
1.6226401872184295 4.308916909986346e-10
1.6251374384494406 4.276607859891885e-10
1.6276346896804519 4.2446359921948293e-10
1.630131940911463 4.2129968677883984e-10
1.6326291921424743 4.181686117654832e-10
1.6351264433734853 4.150699441579445e-10
1.6376236946044966 4.1200326068915914e-10
1.6401209458355077 4.089681447231704e-10
1.642618197066519 4.05964186134393e-10
1.64511544829753 4.029909811893936e-10
1.6476126995285414 4.000481324310831e-10
1.6501099507595525 3.9713524856532634e-10
1.6526072019905638 3.9425194434985417e-10
1.6551044532215748 3.9139784048547164e-10
1.6576017044525861 3.885725635094736e-10
1.6600989556835972 3.857757456912548e-10
1.6625962069146085 3.8300702493002304e-10
1.6650934581456196 3.802660446546027e-10
1.667590709376631 3.7755245372525246e-10
1.670087960607642 3.748659063374823e-10
1.6725852118386533 3.722060619277971e-10
1.6750824630696644 3.6957258508133e-10
1.6775797143006757 3.6696514544134274e-10
1.6800769655316867 3.6438341762052617e-10
1.682574216762698 3.6182708111405853e-10
1.685071467993709 3.5929582021442246e-10
1.6875687192247204 3.5678932392788475e-10
1.6900659704557315 3.543072858926436e-10
1.6925632216867428 3.518494042985959e-10
1.6950604729177539 3.494153818086746e-10
1.6975577241487652 3.4700492548173997e-10
1.7000549753797762 3.446177466969879e-10
1.7025522266107873 3.422535610798205e-10
1.7050494778417986 3.399120884291849e-10
1.7075467290728097 3.375930526463082e-10
1.710043980303821 3.352961816648324e-10
1.712541231534832 3.330212073822909e-10
1.7150384827658434 3.307678655929161e-10
1.7175357339968544 3.2853589592174793e-10
1.7200329852278657 3.2632504175999496e-10
1.7225302364588768 3.2413505020165723e-10
1.7250274876898881 3.2196567198134037e-10
1.7275247389208992 3.1981666141328217e-10
1.7300219901519105 3.1768777633152285e-10
1.7325192413829216 3.1557877803121647e-10
1.7350164926139329 3.134894312110653e-10
1.737513743844944 3.1141950391683843e-10
1.7400109950759552 3.0936876748595316e-10
1.7425082463069663 3.0733699649310593e-10
1.7450054975379776 3.0532396869692624e-10
1.7475027487689887 3.033294649876249e-10
1.75 3.0135326933563266e-10
