0.5038716357254187 0.0
0.5063688869564299 0.0
0.5088661381874411 0.0
0.5113633894184523 0.0
0.5138606406494635 0.0
0.5163578918804747 0.0
0.5188551431114858 0.0
0.521352394342497 0.0
0.5238496455735082 0.0
0.5263468968045194 0.0
0.5288441480355306 0.0
0.5313413992665418 0.0
0.533838650497553 0.0
0.5363359017285642 0.0
0.5388331529595753 0.0
0.5413304041905864 0.0
0.5438276554215977 0.0
0.5463249066526088 0.0
0.54882215788362 0.0
0.5513194091146312 0.0
0.5538166603456424 0.0
0.5563139115766536 0.0
0.5588111628076647 0.0
0.5613084140386759 0.0
0.5638056652696871 0.0
0.5663029165006983 0.0
0.5688001677317095 0.0
0.5712974189627207 0.0
0.5737946701937319 0.0
0.5762919214247431 0.0
0.5787891726557542 0.0
0.5812864238867654 0.0
0.5837836751177766 0.0
0.5862809263487878 0.0
0.588778177579799 0.0
0.5912754288108102 0.0
0.5937726800418214 0.0
0.5962699312728326 0.0
0.5987671825038438 0.0
0.6012644337348549 0.0
0.6037616849658661 0.0
0.6062589361968773 0.0
0.6087561874278885 0.0
0.6112534386588997 0.0
0.6137506898899109 0.0
0.6162479411209221 0.0
0.6187451923519331 0.0
0.6212424435829444 0.0
0.6237396948139555 0.0
0.6262369460449668 0.0
0.6287341972759779 0.0
0.6312314485069892 0.0
0.6337286997380003 0.0
0.6362259509690115 0.0
0.6387232022000227 0.0
0.6412204534310338 0.0
0.643717704662045 0.0
0.6462149558930562 0.0
0.6487122071240674 0.0
0.6512094583550786 0.0
0.6537067095860898 0.0
0.656203960817101 0.0
0.6587012120481122 0.0
0.6611984632791233 0.0
0.6636957145101345 0.0
0.6661929657411457 0.0
0.6686902169721569 0.0
0.6711874682031681 0.0
0.6736847194341793 0.0
0.6761819706651905 0.0
0.6786792218962017 0.0
0.6811764731272129 0.0
0.683673724358224 0.0
0.6861709755892352 0.0
0.6886682268202464 0.0
0.6911654780512576 0.0
0.6936627292822688 0.0
0.6961599805132799 0.0
0.6986572317442912 0.0
0.7011544829753023 0.0
0.7036517342063136 0.0
0.7061489854373246 0.0
0.7086462366683359 0.0
0.711143487899347 0.0
0.7136407391303583 0.0
0.7161379903613694 0.0
0.7186352415923806 0.0
0.7211324928233918 0.0
0.723629744054403 0.0
0.7261269952854141 0.0
0.7286242465164253 0.0
0.7311214977474365 0.0
0.7336187489784477 0.0
0.7361160002094589 0.0
0.7386132514404701 0.0
0.7411105026714813 0.0
0.7436077539024925 0.0
0.7461050051335036 0.0
0.7486022563645148 1.1795865614721634e-06
0.751099507595526 2.0859801258343315e-06
0.7535967588265372 2.472590236618347e-06
0.7560940100575484 2.6588789586293148e-06
0.7585912612885596 2.736255524832418e-06
0.7610885125195708 2.7477459745836443e-06
0.763585763750582 2.717557067064814e-06
0.7660830149815931 2.6606098820260976e-06
0.7685802662126042 2.5866062731080993e-06
0.7710775174436155 2.5020672785137257e-06
0.7735747686746266 2.4114678319343506e-06
0.7760720199056379 2.3179159832720284e-06
0.778569271136649 2.2235813974074516e-06
0.7810665223676603 2.1299764993011743e-06
0.7835637735986714 2.0381465648225287e-06
0.7860610248296827 1.94880129654855e-06
0.7885582760606937 1.862407602799604e-06
0.791055527291705 1.7792559958182726e-06
0.7935527785227161 1.69950867680929e-06
0.7960500297537274 1.6232346888663466e-06
0.7985472809847385 1.5504358063170782e-06
0.8010445322157498 1.4810657083140356e-06
0.8035417834467609 1.415044234367809e-06
0.806039034677772 1.3522680075876414e-06
0.8085362859087832 1.2926183561022187e-06
0.8110335371397944 1.2359672129073603e-06
0.8135307883708056 1.1821814958784521e-06
0.8160280396018168 1.1311263408863735e-06
0.818525290832828 1.0826674670880445e-06
0.8210225420638392 1.0366728844404627e-06
0.8235197932948504 9.930141023302528e-07
0.8260170445258616 9.515669600263353e-07
0.8285142957568727 9.122121709813595e-07
0.8310115469878839 8.748356513419041e-07
0.8335087982188951 8.393286865798959e-07
0.8360060494499063 8.055879776159916e-07
0.8385033006809175 7.735155982052836e-07
0.8410005519119287 7.430188879818738e-07
0.8434978031429399 7.140102998789453e-07
0.845995054373951 6.864072162555127e-07
0.8484923056049622 6.601317446684483e-07
0.8509895568359733 6.351105016004282e-07
0.8534868080669846 6.112743904168803e-07
0.8559840592979957 5.88558378244994e-07
0.858481310529007 5.669012752427894e-07
0.8609785617600181 5.46245518777646e-07
0.8634758129910294 5.265369643003919e-07
0.8659730642220405 5.077246841359117e-07
0.8684703154530518 4.897607749772834e-07
0.8709675666840628 4.726001745392959e-07
0.8734648179150741 4.562004875760757e-07
0.8759620691460852 4.4052182127925974e-07
0.8784593203770965 4.255266299336023e-07
0.8809565716081076 4.1117956860560635e-07
0.8834538228391188 3.9744735556895567e-07
0.88595107407013 3.842986431216799e-07
0.8884483253011412 3.717038964188385e-07
0.8909455765321523 3.5963527992684514e-07
0.8934428277631635 3.4806655109820204e-07
0.8959400789941747 3.369729608657982e-07
0.8984373302251859 3.263311605620303e-07
0.9009345814561971 3.161191148782619e-07
0.9034318326872083 3.0631602049336527e-07
0.9059290839182195 2.96902230015277e-07
0.9084263351492307 2.8785918089597364e-07
0.9109235863802418 2.791693289973945e-07
0.913420837611253 2.7081608650331087e-07
0.9159180888422642 2.627837638894366e-07
0.9184153400732754 2.5505751568119035e-07
0.9209125913042866 2.4762328974507994e-07
0.9234098425352978 2.40467779875692e-07
0.925907093766309 2.3357838145557636e-07
0.92840434499732 2.2694314997993327e-07
0.9309015962283314 2.205507622518192e-07
0.9333988474593424 2.143904800666975e-07
0.9358960986903537 2.0845211621743287e-07
0.9383933499213648 2.0272600266244625e-07
0.9408906011523761 1.9720296071053704e-07
0.9433878523833872 1.9187427308608576e-07
0.9458851036143985 1.8673165774776498e-07
0.9483823548454096 1.817672433427987e-07
0.9508796060764209 1.769735461869965e-07
0.9533768573074319 1.7234344866850821e-07
0.9558741085384432 1.678701789803605e-07
0.9583713597694543 1.6354729209350003e-07
0.9608686110004656 1.593686518882226e-07
0.9633658622314767 1.5532841436762235e-07
0.9658631134624879 1.5142101188200556e-07
0.9683603646934991 1.4764113829817655e-07
0.9708576159245103 1.4398373505207656e-07
0.9733548671555214 1.404439780275366e-07
0.9758521183865326 1.3701726520784452e-07
0.9783493696175438 1.3369920505051558e-07
0.980846620848555 1.304856055390463e-07
0.9833438720795662 1.2737246386860568e-07
0.9858411233105774 1.2435595672554958e-07
0.9883383745415886 1.2143243112336738e-07
0.9908356257725998 1.1859839576020718e-07
0.993332877003611 1.1585051286546793e-07
0.9958301282346221 1.1318559050513158e-07
0.9983273794656333 1.1060057531754146e-07
1.0008246306966444 1.0809254565320553e-07
1.0033218819276557 1.0565870509396496e-07
1.005819133158667 1.0329637632848774e-07
1.008316384389678 1.0100299536256658e-07
1.0108136356206892 9.877610604409591e-08
1.0133108868517005 9.661335488393118e-08
1.0158081380827118 9.45124861550319e-08
1.0183053893137228 9.247133725343431e-08
1.020802640544734 9.048783430565416e-08
1.0232998917757452 8.855998800810351e-08
1.0257971430067563 8.668588968501752e-08
1.0282943942377676 8.486370755224217e-08
1.0307916454687787 8.309168317503785e-08
1.0332888966997897 8.136812810878022e-08
1.035786147930801 7.969142071214782e-08
1.0382833991618123 7.806000312301678e-08
1.0407806503928234 7.647237838790332e-08
1.0432779016238345 7.492710773633547e-08
1.0457751528548458 7.342280799208247e-08
1.048272404085857 7.195814911364976e-08
1.0507696553168682 7.053185185690296e-08
1.0532669065478792 6.914268555312793e-08
1.0557641577788905 6.778946599621672e-08
1.0582614090099018 6.647105343306173e-08
1.060758660240913 6.518635065157951e-08
1.063255911471924 6.393430116111627e-08
1.0657531627029353 6.271388746030326e-08
1.0682504139339466 6.152412938770826e-08
1.0707476651649577 6.036408255090294e-08
1.0732449163959688 5.923283682982256e-08
1.07574216762698 5.812951495052661e-08
1.0782394188579913 5.705327112569455e-08
1.0807366700890024 5.600328975840052e-08
1.0832339213200135 5.497878420590018e-08
1.0857311725510248 5.3978995600359044e-08
1.088228423782036 5.300319172361061e-08
1.0907256750130472 5.205066593320593e-08
1.0932229262440583 5.11207361371587e-08
1.0957201774750696 5.0212743814946024e-08
1.0982174287060809 4.9326053082444425e-08
1.100714679937092 4.846004979862038e-08
1.103211931168103 4.76141407119049e-08
1.105709182399114 4.678775264430012e-08
1.1082064336301254 4.598033171136579e-08
1.1107036848611367 4.5191342576338026e-08
1.1132009360921478 4.4420267736721166e-08
1.1156981873231588 4.366660684178671e-08
1.1181954385541701 4.2929876039492324e-08
1.1206926897851814 4.220960735141349e-08
1.1231899410161925 4.150534807435702e-08
1.1256871922472036 4.081666020738768e-08
1.128184443478215 4.014311990307542e-08
1.1306816947092262 3.948431694182291e-08
1.1331789459402373 3.883985422819729e-08
1.1356761971712483 3.820934730824277e-08
1.1381734484022596 3.7592423906804915e-08
1.140670699633271 3.698872348394429e-08
1.143167950864282 3.639789680956473e-08
1.145665202095293 3.5819605555426194e-08
1.1481624533263044 3.5253521903752684e-08
1.1506597045573157 3.469932817168663e-08
1.1531569557883268 3.415671645087395e-08
1.1556542070193379 3.3625388261505993e-08
1.1581514582503492 3.3105054220172505e-08
1.1606487094813605 3.2595433720912737e-08
1.1631459607123715 3.209625462888231e-08
1.1656432119433826 3.160725298608153e-08
1.168140463174394 3.1128172728616776e-08
1.1706377144054052 3.065876541499338e-08
1.1731349656364163 3.019878996496085e-08
1.1756322168674274 2.974801240845485e-08
1.1781294680984387 2.9306205644203017e-08
1.18062671932945 2.8873149207579497e-08
1.183123970560461 2.8448629047315915e-08
1.1856212217914721 2.803243731069118e-08
1.1881184730224832 2.7624372136844035e-08
1.1906157242534945 2.7224237457865766e-08
1.1931129754845058 2.683184280734714e-08
1.1956102267155169 2.6447003136069526e-08
1.198107477946528 2.606953863454355e-08
1.2006047291775392 2.5699274562111712e-08
1.2031019804085505 2.5336041082346273e-08
1.2055992316395616 2.4979673104482557e-08
1.2080964828705727 2.4630010130642937e-08
1.210593734101584 2.4286896108615982e-08
1.2130909853325953 2.3950179289965474e-08
1.2155882365636064 2.3619712093254943e-08
1.2180854877946174 2.3295350972182393e-08
1.2205827390256287 2.2976956288429863e-08
1.22307999025664 2.2664392189038368e-08
1.2255772414876511 2.2357526488131358e-08
1.2280744927186622 2.205623055281267e-08
1.2305717439496735 2.1760379193076858e-08
1.2330689951806848 2.1469850555574192e-08
1.2355662464116959 2.1184526021079697e-08
1.238063497642707 2.090429010552279e-08
1.2405607488737183 2.0629030364440252e-08
1.2430580001047296 2.035863730072012e-08
1.2455552513357406 2.009300427551031e-08
1.2480525025667517 1.9832027422171803e-08
1.250549753797763 1.957560556315975e-08
1.2530470050287743 1.932364012972194e-08
1.2555442562597854 1.9076035084308034e-08
1.2580415074907965 1.8832696845588246e-08
1.2605387587218078 1.8593534215983013e-08
1.2630360099528188 1.835845831161065e-08
1.2655332611838301 1.8127382494562282e-08
1.2680305124148412 1.7900222307419077e-08
1.2705277636458523 1.767689540992836e-08
1.2730250148768636 1.7457321517758883e-08
1.275522266107875 1.724142234326077e-08
1.278019517338886 1.7029121538155258e-08
1.280516768569897 1.6820344638085465e-08
1.2830140198009083 1.66150190089599e-08
1.2855112710319196 1.641307379502517e-08
1.2880085222629307 1.6214439868605156e-08
1.2905057734939418 1.601904978144671e-08
1.293003024724953 1.5826837717615645e-08
1.2955002759559644 1.563773944788739e-08
1.2979975271869755 1.5451692285579034e-08
1.3004947784179866 1.526863504377311e-08
1.3029920296489979 1.5088507993883372e-08
1.3054892808800092 1.4911252825515585e-08
1.3079865321110202 1.473681260757914e-08
1.3104837833420313 1.4565131750604922e-08
1.3129810345730426 1.4396155970228271e-08
1.315478285804054 1.4229832251797281e-08
1.317975537035065 1.4066108816067037e-08
1.320472788266076 1.3904935085942747e-08
1.3229700394970874 1.3746261654236885e-08
1.3254672907280987 1.3590040252404387e-08
1.3279645419591097 1.3436223720224553e-08
1.3304617931901208 1.3284765976396098e-08
1.332959044421132 1.3135621990015809e-08
1.3354562956521434 1.2988747752910577e-08
1.3379535468831545 1.284410025279487e-08
1.3404507981141656 1.2701637447225414e-08
1.3429480493451769 1.2561318238327425e-08
1.345445300576188 1.24231024482667e-08
1.3479425518071992 1.2286950795442869e-08
1.3504398030382103 1.2152824871379885e-08
1.3529370542692214 1.2020687118291976e-08
1.3554343055002327 1.1890500807301942e-08
1.357931556731244 1.1762230017291086e-08
1.360428807962255 1.1635839614360708e-08
1.3629260591932661 1.1511295231884725e-08
1.3654233104242774 1.1388563251134994e-08
1.3679205616552887 1.1267610782460666e-08
1.3704178128862998 1.114840564700442e-08
1.372915064117311 1.1030916358937478e-08
1.3754123153483222 1.0915112108198104e-08
1.3779095665793335 1.0800962743717304e-08
1.3804068178103446 1.0688438757115571e-08
1.3829040690413557 1.0577511266857358e-08
1.385401320272367 1.0468152002847823e-08
1.3878985715033783 1.0360333291458439e-08
1.3903958227343893 1.0254028040968257e-08
1.3928930739654004 1.0149209727407931e-08
1.3953903251964117 1.00458523807936e-08
1.397887576427423 9.943930571739461e-09
1.400384827658434 9.843419398436869e-09
1.4028820788894452 9.744294473988666e-09
1.4053793301204565 9.646531914088287e-09
1.4078765813514678 9.550108325033175e-09
1.4103738325824788 9.455000792061953e-09
1.41287108381349 9.36118686800583e-09
1.4153683350445012 9.2686445622452e-09
1.4178655862755125 9.177352329961506e-09
1.4203628375065236 9.087289061676248e-09
1.4228600887375347 8.99843407306789e-09
1.4253573399685457 8.910767095059243e-09
1.427854591199557 8.824268264166774e-09
1.4303518424305683 8.73891811310367e-09
1.4328490936615794 8.654697561630766e-09
1.4353463448925905 8.571587907646105e-09
1.4378435961236018 8.489570818507442e-09
1.440340847354613 8.408628322580762e-09
1.4428380985856242 8.328742801007675e-09
1.4453353498166353 8.24989697968592e-09
1.4478326010476466 8.172073921456608e-09
1.4503298522786578 8.095257018492005e-09
1.452827103509669 8.019429984878922e-09
1.45532435474068 7.944576849390829e-09
1.4578216059716913 7.870681948444641e-09
1.4603188572027026 7.79772991923586e-09
1.4628161084337137 7.725705693047949e-09
1.4653133596647248 7.65459448872988e-09
1.467810610895736 7.584381806338559e-09
1.4703078621267474 7.51505342093992e-09
1.4728051133577584 7.446595376565736e-09
1.4753023645887695 7.3789939803205295e-09
1.4777996158197808 7.3122357966352736e-09
1.480296867050792 7.246307641663594e-09
1.4827941182818032 7.181196577815904e-09
1.4852913695128143 7.116889908429007e-09
1.4877886207438256 7.053375172565933e-09
1.4902858719748369 6.990640139943298e-09
1.492783123205848 6.9286728059829e-09
1.495280374436859 6.867461386983405e-09
1.4977776256678703 6.806994315409157e-09
1.5002748768988816 6.7472602352934726e-09
1.5027721281298927 6.688247997752644e-09
1.5052693793609038 6.629946656607587e-09
1.507766630591915 6.572345464111161e-09
1.5102638818229261 6.515433866777271e-09
1.5127611330539374 6.459201501309529e-09
1.5152583842849485 6.4036381906269885e-09
1.5177556355159598 6.348733939983894e-09
1.520252886746971 6.294478933181388e-09
1.5227501379779822 6.240863528868558e-09
1.5252473892089933 6.187878256930258e-09
1.5277446404400046 6.135513814959977e-09
1.5302418916710157 6.083761064814975e-09
1.532739142902027 6.0326110292518405e-09
1.535236394133038 5.982054888640175e-09
1.5377336453640493 5.932083977752761e-09
1.5402308965950604 5.88268978262956e-09
1.5427281478260717 5.8338639375143315e-09
1.5452253990570828 5.785598221861704e-09
1.5477226502880939 5.737884557412648e-09
1.5502199015191052 5.690715005337048e-09
1.5527171527501162 5.644081763441394e-09
1.5552144039811275 5.597977163439892e-09
1.5577116552121386 5.5523936682876345e-09
1.56020890644315 5.507323869573809e-09
1.562706157674161 5.462760484974232e-09
1.5652034089051723 5.418696355760479e-09
1.5677006601361834 5.375124444365575e-09
1.5701979113671947 5.332037832003713e-09
1.5726951625982057 5.289429716343266e-09
1.575192413829217 5.247293409231554e-09
1.5776896650602281 5.205622334470123e-09
1.5801869162912394 5.164410025639251e-09
1.5826841675222505 5.1236501239704304e-09
1.5851814187532618 5.083336376265863e-09
1.5876786699842729 5.043462632863383e-09
1.5901759212152842 5.00402284564615e-09
1.5926731724462952 4.9650110660958175e-09
1.5951704236773065 4.926421443387899e-09
1.5976676749083176 4.888248222528877e-09
1.600164926139329 4.850485742533284e-09
1.60266217737034 4.813128434640409e-09
1.6051594286013513 4.776170820569471e-09
1.6076566798323624 4.739607510812293e-09
1.6101539310633737 4.703433202962327e-09
1.6126511822943848 4.6676426800799145e-09
1.615148433525396 4.6322308090919024e-09
1.6176456847564071 4.597192539225741e-09
1.6201429359874184 4.562522900476495e-09
1.6226401872184295 4.528217002106534e-09
1.6251374384494406 4.494270031176778e-09
1.6276346896804519 4.4606772511088736e-09
1.630131940911463 4.4274340002777275e-09
1.6326291921424743 4.394535690633308e-09
1.6351264433734853 4.361977806351374e-09
1.6376236946044966 4.329755902512406e-09
1.6401209458355077 4.297865603807865e-09
1.642618197066519 4.266302603273271e-09
1.64511544829753 4.2350626610477875e-09
1.6476126995285414 4.204141603158946e-09
1.6501099507595525 4.173535320332839e-09
1.6526072019905638 4.143239766828395e-09
1.6551044532215748 4.113250959295787e-09
1.6576017044525861 4.083564975657974e-09
1.6600989556835972 4.054177954015217e-09
1.6625962069146085 4.025086091571725e-09
1.6650934581456196 3.996285643584142e-09
1.667590709376631 3.967772922331291e-09
1.670087960607642 3.939544296104706e-09
1.6725852118386533 3.9115961882195436e-09
1.6750824630696644 3.8839250760452386e-09
1.6775797143006757 3.856527490055717e-09
1.6800769655316867 3.829400012898542e-09
1.682574216762698 3.80253927848249e-09
1.685071467993709 3.775941971083562e-09
1.6875687192247204 3.74960482446843e-09
1.6900659704557315 3.7235246210354112e-09
1.6925632216867428 3.697698190972369e-09
1.6950604729177539 3.6721224114312004e-09
1.6975577241487652 3.6467942057184874e-09
1.7000549753797762 3.6217105425021322e-09
1.7025522266107873 3.5968684350333883e-09
1.7050494778417986 3.572264940384173e-09
1.7075467290728097 3.547897158699096e-09
1.710043980303821 3.5237622324622127e-09
1.712541231534832 3.4998573457777628e-09
1.7150384827658434 3.4761797236649352e-09
1.7175357339968544 3.452726631366243e-09
1.7200329852278657 3.429495373669123e-09
1.7225302364588768 3.4064832942406378e-09
1.7250274876898881 3.383687774974804e-09
1.7275247389208992 3.3611062353525457e-09
1.7300219901519105 3.338736131813725e-09
1.7325192413829216 3.316574957141109e-09
1.7350164926139329 3.2946202398560935e-09
1.737513743844944 3.2728695436258553e-09
1.7400109950759552 3.2513204666816075e-09
1.7425082463069663 3.2299706412479104e-09
1.7450054975379776 3.2088177329827055e-09
1.7475027487689887 3.187859440427739e-09
1.75 3.1670934944694356e-09
