0.5038716357254187 0.0
0.5063688869564299 0.0
0.5088661381874411 0.0
0.5113633894184523 0.0
0.5138606406494635 0.0
0.5163578918804747 0.0
0.5188551431114858 0.0
0.521352394342497 0.0
0.5238496455735082 0.0
0.5263468968045194 0.0
0.5288441480355306 0.0
0.5313413992665418 0.0
0.533838650497553 0.0
0.5363359017285642 0.0
0.5388331529595753 0.0
0.5413304041905864 0.0
0.5438276554215977 0.0
0.5463249066526088 0.0
0.54882215788362 0.0
0.5513194091146312 0.0
0.5538166603456424 0.0
0.5563139115766536 0.0
0.5588111628076647 0.0
0.5613084140386759 0.0
0.5638056652696871 0.0
0.5663029165006983 0.0
0.5688001677317095 0.0
0.5712974189627207 0.0
0.5737946701937319 0.0
0.5762919214247431 0.0
0.5787891726557542 0.0
0.5812864238867654 0.0
0.5837836751177766 0.0
0.5862809263487878 0.0
0.588778177579799 0.0
0.5912754288108102 0.0
0.5937726800418214 0.0
0.5962699312728326 0.0
0.5987671825038438 0.0
0.6012644337348549 0.0
0.6037616849658661 0.0
0.6062589361968773 0.0
0.6087561874278885 0.0
0.6112534386588997 0.0
0.6137506898899109 0.0
0.6162479411209221 0.0
0.6187451923519331 0.0
0.6212424435829444 0.0
0.6237396948139555 0.0
0.6262369460449668 0.0
0.6287341972759779 0.0
0.6312314485069892 0.0
0.6337286997380003 0.0
0.6362259509690115 0.0
0.6387232022000227 0.0
0.6412204534310338 0.0
0.643717704662045 0.0
0.6462149558930562 0.0
0.6487122071240674 0.0
0.6512094583550786 0.0
0.6537067095860898 0.0
0.656203960817101 0.0
0.6587012120481122 0.0
0.6611984632791233 0.0
0.6636957145101345 0.0
0.6661929657411457 0.0
0.6686902169721569 0.0
0.6711874682031681 0.0
0.6736847194341793 0.0
0.6761819706651905 0.0
0.6786792218962017 0.0
0.6811764731272129 0.0
0.683673724358224 0.0
0.6861709755892352 0.0
0.6886682268202464 0.0
0.6911654780512576 0.0
0.6936627292822688 0.0
0.6961599805132799 0.0
0.6986572317442912 0.0
0.7011544829753023 0.0
0.7036517342063136 0.0
0.7061489854373246 0.0
0.7086462366683359 0.0
0.711143487899347 0.0
0.7136407391303583 0.0
0.7161379903613694 0.0
0.7186352415923806 0.0
0.7211324928233918 0.0
0.723629744054403 0.0
0.7261269952854141 0.0
0.7286242465164253 0.0
0.7311214977474365 0.0
0.7336187489784477 0.0
0.7361160002094589 0.0
0.7386132514404701 0.0
0.7411105026714813 0.0
0.7436077539024925 0.0
0.7461050051335036 0.0
0.7486022563645148 7.0629787285671825e-06
0.751099507595526 1.3304093313279062e-05
0.7535967588265372 1.675967065498296e-05
0.7560940100575484 1.9111721488848765e-05
0.7585912612885596 2.0812502857020445e-05
0.7610885125195708 2.2070796644011026e-05
0.763585763750582 2.3005406009616644e-05
0.7660830149815931 2.369226734068546e-05
0.7685802662126042 2.418367393747236e-05
0.7710775174436155 2.4517558714067188e-05
0.7735747686746266 2.4722513500998807e-05
0.7760720199056379 2.482073384240813e-05
0.778569271136649 2.4829856650399098e-05
0.7810665223676603 2.476416368408002e-05
0.7835637735986714 2.4635400896606728e-05
0.7860610248296827 2.445335434857461e-05
0.7885582760606937 2.4226265996411822e-05
0.791055527291705 2.396114081815941e-05
0.7935527785227161 2.3663978222825802e-05
0.7960500297537274 2.3339949488060124e-05
0.7985472809847385 2.2993535959385845e-05
0.8010445322157498 2.2628638223493532e-05
0.8035417834467609 2.224866347679828e-05
0.806039034677772 2.185659628551614e-05
0.8085362859087832 2.1455056534787367e-05
0.8110335371397944 2.10463473807228e-05
0.8135307883708056 2.0632495316361794e-05
0.8160280396018168 2.0215283953032754e-05
0.818525290832828 1.9796282744540422e-05
0.8210225420638392 1.9376871603790975e-05
0.8235197932948504 1.8958262152991064e-05
0.8260170445258616 1.8541516190647962e-05
0.8285142957568727 1.812756183796779e-05
0.8310115469878839 1.771720773438112e-05
0.8335087982188951 1.7311155579920238e-05
0.8360060494499063 1.6910011265970174e-05
0.8385033006809175 1.6514294791776457e-05
0.8410005519119287 1.6124449129218795e-05
0.8434978031429399 1.5740848170647924e-05
0.845995054373951 1.5363803872437754e-05
0.8484923056049622 1.4993572689105626e-05
0.8509895568359733 1.4630361378466448e-05
0.8534868080669846 1.4274332246586137e-05
0.8559840592979957 1.3925607891728975e-05
0.858481310529007 1.3584275498610274e-05
0.8609785617600181 1.325039072773303e-05
0.8634758129910294 1.2923981239133378e-05
0.8659730642220405 1.2605049885275337e-05
0.8684703154530518 1.2293577603951846e-05
0.8709675666840628 1.1989526038737451e-05
0.8734648179150741 1.169283991168909e-05
0.8759620691460852 1.1403449170527044e-05
0.8784593203770965 1.1121270930376027e-05
0.8809565716081076 1.0846211228259592e-05
0.8834538228391188 1.0578166606870748e-05
0.88595107407013 1.031702554265828e-05
0.8884483253011412 1.0062669731941601e-05
0.8909455765321523 9.814975247575047e-06
0.8934428277631635 9.573813577606629e-06
0.8959400789941747 9.339052556402591e-06
0.8984373302251859 9.11055719782341e-06
0.9009345814561971 8.888190439229895e-06
0.9034318326872083 8.67181380436137e-06
0.9059290839182195 8.461287992453133e-06
0.9084263351492307 8.256473400342342e-06
0.9109235863802418 8.05723058374383e-06
0.913420837611253 7.863420663356905e-06
0.9159180888422642 7.674905680984603e-06
0.9184153400732754 7.491548910407157e-06
0.9209125913042866 7.313215127346161e-06
0.9234098425352978 7.139770842483955e-06
0.925907093766309 6.97108450115959e-06
0.92840434499732 6.807026653048893e-06
0.9309015962283314 6.6474700948455934e-06
0.9333988474593424 6.492289988695597e-06
0.9358960986903537 6.3413639588910896e-06
0.9383933499213648 6.194572169108085e-06
0.9408906011523761 6.051797382263936e-06
0.9433878523833872 5.912925004883889e-06
0.9458851036143985 5.7778431176913225e-06
0.9483823548454096 5.646442493979232e-06
0.9508796060764209 5.518616607174084e-06
0.9533768573074319 5.394261628871453e-06
0.9558741085384432 5.273276418500551e-06
0.9583713597694543 5.1555625056645e-06
0.9608686110004656 5.041024066101223e-06
0.9633658622314767 4.92956789211793e-06
0.9658631134624879 4.821103358267238e-06
0.9683603646934991 4.715542382956648e-06
0.9708576159245103 4.6127993866124686e-06
0.9733548671555214 4.512791246956126e-06
0.9758521183865326 4.415437251892216e-06
0.9783493696175438 4.320659050455542e-06
0.980846620848555 4.2283806022160635e-06
0.9833438720795662 4.1385281254974e-06
0.9858411233105774 4.051030044725286e-06
0.9883383745415886 3.965816937186287e-06
0.9908356257725998 3.882821479445276e-06
0.993332877003611 3.801978393640482e-06
0.9958301282346221 3.723224393848695e-06
0.9983273794656333 3.64649813268943e-06
1.0008246306966444 3.571740148315092e-06
1.0033218819276557 3.4988928119150086e-06
1.005819133158667 3.4279002758436546e-06
1.008316384389678 3.358708422467661e-06
1.0108136356206892 3.291264813812051e-06
1.0133108868517005 3.225518642073799e-06
1.0158081380827118 3.1614206810590813e-06
1.0183053893137228 3.09892323859074e-06
1.020802640544734 3.0379801099233554e-06
1.0232998917757452 2.9785465321953607e-06
1.0257971430067563 2.9205791399403174e-06
1.0282943942377676 2.8640359216731894e-06
1.0307916454687787 2.808876177562057e-06
1.0332888966997897 2.755060478190277e-06
1.035786147930801 2.7025506244103e-06
1.0382833991618123 2.6513096082859795e-06
1.0407806503928234 2.601301575117409e-06
1.0432779016238345 2.5524917865388745e-06
1.0457751528548458 2.504846584678472e-06
1.048272404085857 2.4583333573655574e-06
1.0507696553168682 2.4129205043701954e-06
1.0532669065478792 2.3685774046576926e-06
1.0557641577788905 2.3252743846393814e-06
1.0582614090099018 2.2829826874003408e-06
1.060758660240913 2.241674442883411e-06
1.063255911471924 2.20132263900831e-06
1.0657531627029353 2.1619010937043118e-06
1.0682504139339466 2.1233844278342714e-06
1.0707476651649577 2.0857480389875927e-06
1.0732449163959688 2.048968076119755e-06
1.07574216762698 2.013021415015674e-06
1.0782394188579913 1.9778856345544406e-06
1.0807366700890024 1.943538993752983e-06
1.0832339213200135 1.909960409566224e-06
1.0857311725510248 1.8771294354219168e-06
1.088228423782036 1.8450262404681405e-06
1.0907256750130472 1.8136315895121282e-06
1.0932229262440583 1.7829268236291703e-06
1.0957201774750696 1.7528938414210111e-06
1.0982174287060809 1.723515080903231e-06
1.100714679937092 1.6947735020017905e-06
1.103211931168103 1.666652569639193e-06
1.105709182399114 1.6391362373913052e-06
1.1082064336301254 1.612208931696177e-06
1.1107036848611367 1.5858555365968495e-06
1.1132009360921478 1.5600613790004245e-06
1.1156981873231588 1.5348122144363375e-06
1.1181954385541701 1.5100942132970655e-06
1.1206926897851814 1.4858939475451021e-06
1.1231899410161925 1.462198377870481e-06
1.1256871922472036 1.4389948412834665e-06
1.128184443478215 1.416271039127738e-06
1.1306816947092262 1.3940150254995767e-06
1.1331789459402373 1.3722151960592123e-06
1.1356761971712483 1.3508602772207803e-06
1.1381734484022596 1.3299393157079005e-06
1.140670699633271 1.3094416684622118e-06
1.143167950864282 1.289356992892614e-06
1.145665202095293 1.2696752374534235e-06
1.1481624533263044 1.2503866325400177e-06
1.1506597045573157 1.2314816816909262e-06
1.1531569557883268 1.212951153085611e-06
1.1556542070193379 1.1947860713277284e-06
1.1581514582503492 1.1769777095038553e-06
1.1606487094813605 1.1595175815080466e-06
1.1631459607123715 1.1423974346229538e-06
1.1656432119433826 1.1256092423485218e-06
1.168140463174394 1.1091451974696127e-06
1.1706377144054052 1.0929977053542122e-06
1.1731349656364163 1.0771593774741296e-06
1.1756322168674274 1.0616230251404168e-06
1.1781294680984387 1.0463816534460373e-06
1.18062671932945 1.0314284554084899e-06
1.183123970560461 1.016756806305453e-06
1.1856212217914721 1.0023602581966706e-06
1.1881184730224832 9.882325346256261e-07
1.1906157242534945 9.7436752549472e-07
1.1931129754845058 9.60759282107897e-07
1.1956102267155169 9.474020123749306e-07
1.198107477946528 9.342900761717207e-07
1.2006047291775392 9.21417980851204e-07
1.2031019804085505 9.087803768996719e-07
1.2055992316395616 8.963720537334173e-07
1.2080964828705727 8.841879356309022e-07
1.210593734101584 8.72223077795759e-07
1.2130909853325953 8.604726625461033e-07
1.2155882365636064 8.489319956258065e-07
1.2180854877946174 8.375965026335553e-07
1.2205827390256287 8.264617255656643e-07
1.22307999025664 8.155233194686952e-07
1.2255772414876511 8.047770491982004e-07
1.2280744927186622 7.942187862798958e-07
1.2305717439496735 7.83844505869823e-07
1.2330689951806848 7.736502838101326e-07
1.2355662464116959 7.636322937772012e-07
1.238063497642707 7.537868045189952e-07
1.2405607488737183 7.44110177178649e-07
1.2430580001047296 7.345988627013476e-07
1.2455552513357406 7.252493993216997e-07
1.2480525025667517 7.16058410128917e-07
1.250549753797763 7.070226007071735e-07
1.2530470050287743 6.981387568486253e-07
1.2555442562597854 6.894037423366742e-07
1.2580415074907965 6.808144967971384e-07
1.2605387587218078 6.723680336150505e-07
1.2630360099528188 6.640614379149361e-07
1.2655332611838301 6.558918646024313e-07
1.2680305124148412 6.478565364652545e-07
1.2705277636458523 6.399527423315561e-07
1.2730250148768636 6.321778352837385e-07
1.275522266107875 6.245292309259822e-07
1.278019517338886 6.170044057036594e-07
1.280516768569897 6.096008952729822e-07
1.2830140198009083 6.023162929192198e-07
1.2855112710319196 5.951482480219375e-07
1.2880085222629307 5.880944645657105e-07
1.2905057734939418 5.811526996948357e-07
1.293003024724953 5.743207623106477e-07
1.2955002759559644 5.675965117100528e-07
1.2979975271869755 5.609778562639405e-07
1.3004947784179866 5.544627521342341e-07
1.3029920296489979 5.480492020283169e-07
1.3054892808800092 5.417352539896383e-07
1.3079865321110202 5.355190002233832e-07
1.3104837833420313 5.293985759560524e-07
1.3129810345730426 5.233721583279005e-07
1.315478285804054 5.174379653172106e-07
1.317975537035065 5.115942546953708e-07
1.320472788266076 5.058393230117998e-07
1.3229700394970874 5.001715046078069e-07
1.3254672907280987 4.945891706584344e-07
1.3279645419591097 4.890907282414743e-07
1.3304617931901208 4.836746194327533e-07
1.332959044421132 4.783393204269122e-07
1.3354562956521434 4.730833406828742e-07
1.3379535468831545 4.679052220932543e-07
1.3404507981141656 4.628035381769462e-07
1.3429480493451769 4.5777689329420717e-07
1.345445300576188 4.5282392188353973e-07
1.3479425518071992 4.4794328771969953e-07
1.3504398030382103 4.431336831921827e-07
1.3529370542692214 4.383938286035966e-07
1.3554343055002327 4.337224714872826e-07
1.357931556731244 4.2911838594361814e-07
1.360428807962255 4.245803719944515e-07
1.3629260591932661 4.2010725495509674e-07
1.3654233104242774 4.1569788482338696e-07
1.3679205616552887 4.1135113568525545e-07
1.3704178128862998 4.070659051363824e-07
1.372915064117311 4.0284111371938036e-07
1.3754123153483222 3.986757043761118e-07
1.3779095665793335 3.9456864191466203e-07
1.3804068178103446 3.905189124905214e-07
1.3829040690413557 3.8652552310160067e-07
1.385401320272367 3.8258750109663574e-07
1.3878985715033783 3.787038936966047e-07
1.3903958227343893 3.7487376752878057e-07
1.3928930739654004 3.7109620817304755e-07
1.3953903251964117 3.673703197201154e-07
1.397887576427423 3.636952243413087e-07
1.400384827658434 3.600700618695812e-07
1.4028820788894452 3.5649398939142907e-07
1.4053793301204565 3.529661808494004e-07
1.4078765813514678 3.4948582665489823e-07
1.4103738325824788 3.4605213331096794e-07
1.41287108381349 3.426643230447928e-07
1.4153683350445012 3.3932163344963806e-07
1.4178655862755125 3.360233171359419e-07
1.4203628375065236 3.327686413913272e-07
1.4228600887375347 3.295568878492516e-07
1.4253573399685457 3.2638735216608847e-07
1.427854591199557 3.2325934370637444e-07
1.4303518424305683 3.201721852359877e-07
1.4328490936615794 3.1712521262308625e-07
1.4353463448925905 3.141177745465216e-07
1.4378435961236018 3.111492322115675e-07
1.440340847354613 3.0821895907275253e-07
1.4428380985856242 3.053263405635847e-07
1.4453353498166353 3.024707738329941e-07
1.4478326010476466 2.996516674883041e-07
1.4503298522786578 2.968684413445408e-07
1.452827103509669 2.941205261799407e-07
1.45532435474068 2.91407363497436e-07
1.4578216059716913 2.8872840529200746e-07
1.4603188572027026 2.860831138237055e-07
1.4628161084337137 2.8347096139621875e-07
1.4653133596647248 2.8089143014080067e-07
1.467810610895736 2.783440118054624e-07
1.4703078621267474 2.7582820754923253e-07
1.4728051133577584 2.733435277414017e-07
1.4753023645887695 2.7088949176557434e-07
1.4777996158197808 2.6846562782843e-07
1.480296867050792 2.6607147277306203e-07
1.4827941182818032 2.6370657189674745e-07
1.4852913695128143 2.613704787730838e-07
1.4877886207438256 2.590627550783186e-07
1.4902858719748369 2.5678297042179464e-07
1.492783123205848 2.5453070218041087e-07
1.495280374436859 2.52305535336965e-07
1.4977776256678703 2.5010706232228856e-07
1.5002748768988816 2.479348828610928e-07
1.5027721281298927 2.4578860382140824e-07
1.5052693793609038 2.4366783906751833e-07
1.507766630591915 2.415722093163322e-07
1.5102638818229261 2.3950134199706857e-07
1.5127611330539374 2.3745487111418485e-07
1.5152583842849485 2.3543243711347265e-07
1.5177556355159598 2.3343368675122343e-07
1.520252886746971 2.314582729663994e-07
1.5227501379779822 2.2950585475572853e-07
1.5252473892089933 2.275760970516397e-07
1.5277446404400046 2.256686706029882e-07
1.5302418916710157 2.2378325185847943e-07
1.532739142902027 2.2191952285273436e-07
1.535236394133038 2.2007717109492355e-07
1.5377336453640493 2.1825588945991895e-07
1.5402308965950604 2.1645537608187622e-07
1.5427281478260717 2.1467533425021152e-07
1.5452253990570828 2.1291547230790472e-07
1.5477226502880939 2.111755035520589e-07
1.5502199015191052 2.0945514613668043e-07
1.5527171527501162 2.0775412297761228e-07
1.5552144039811275 2.060721616595677e-07
1.5577116552121386 2.0440899434522095e-07
1.56020890644315 2.0276435768628875e-07
1.562706157674161 2.0113799273658248e-07
1.5652034089051723 1.9952964486693943e-07
1.5677006601361834 1.9793906368203612e-07
1.5701979113671947 1.9636600293899866e-07
1.5726951625982057 1.9481022046778862e-07
1.575192413829217 1.9327147809331412e-07
1.5776896650602281 1.917495415592258e-07
1.5801869162912394 1.9024418045335563e-07
1.5826841675222505 1.8875516813476045e-07
1.5851814187532618 1.8728228166233517e-07
1.5876786699842729 1.8582530172494704e-07
1.5901759212152842 1.8438401257306984e-07
1.5926731724462952 1.8295820195187408e-07
1.5951704236773065 1.8154766103573203e-07
1.5976676749083176 1.8015218436412458e-07
1.600164926139329 1.7877156977889032e-07
1.60266217737034 1.7740561836280423e-07
1.6051594286013513 1.760541343794546e-07
1.6076566798323624 1.7471692521437709e-07
1.6101539310633737 1.7339380131741571e-07
1.6126511822943848 1.72084576146304e-07
1.615148433525396 1.7078906611140708e-07
1.6176456847564071 1.6950709052162247e-07
1.6201429359874184 1.682384715313964e-07
1.6226401872184295 1.6698303408884454e-07
1.6251374384494406 1.657406058849356e-07
1.6276346896804519 1.645110173037264e-07
1.630131940911463 1.6329410137362046e-07
1.6326291921424743 1.6208969371962113e-07
1.6351264433734853 1.6089763251656366e-07
1.6376236946044966 1.5971775844330409e-07
1.6401209458355077 1.5854991463783583e-07
1.642618197066519 1.5739394665331712e-07
1.64511544829753 1.562497024149981e-07
1.6476126995285414 1.5511703217800422e-07
1.6501099507595525 1.5399578848598512e-07
1.6526072019905638 1.528858261305833e-07
1.6551044532215748 1.5178700211172483e-07
1.6576017044525861 1.5069917559869746e-07
1.6600989556835972 1.4962220789201524e-07
1.6625962069146085 1.4855596238603303e-07
1.6650934581456196 1.475003045323125e-07
1.667590709376631 1.4645510180370784e-07
1.670087960607642 1.4542022365916792e-07
1.6725852118386533 1.443955415092303e-07
1.6750824630696644 1.4338092868219352e-07
1.6775797143006757 1.4237626039095824e-07
1.6800769655316867 1.4138141370051631e-07
1.682574216762698 1.403962674960715e-07
1.685071467993709 1.3942070245179135e-07
1.6875687192247204 1.384546010001592e-07
1.6900659704557315 1.3749784730192561e-07
1.6925632216867428 1.3655032721664174e-07
1.6950604729177539 1.356119282737617e-07
1.6975577241487652 1.3468253964430195e-07
1.7000549753797762 1.3376205211304926e-07
1.7025522266107873 1.3285035805129748e-07
1.7050494778417986 1.3194735139011207e-07
1.7075467290728097 1.310529275940998e-07
1.710043980303821 1.3016698363568642e-07
1.712541231534832 1.2928941796987635e-07
1.7150384827658434 1.2842013050949538e-07
1.7175357339968544 1.2755902260090398e-07
1.7200329852278657 1.2670599700016516e-07
1.7225302364588768 1.2586095784966716e-07
1.7250274876898881 1.250238106551799e-07
1.7275247389208992 1.2419446226334968e-07
1.7300219901519105 1.233728208396101e-07
1.7325192413829216 1.225587958465059e-07
1.7350164926139329 1.2175229802242479e-07
1.737513743844944 1.2095323936072354e-07
1.7400109950759552 1.201615330892392e-07
1.7425082463069663 1.1937709365018383e-07
1.7450054975379776 1.1859983668040913e-07
1.7475027487689887 1.1782967899203376e-07
1.75 1.1706653855343152e-07
