0.5038716357254187 0.0
0.5063688869564299 0.0
0.5088661381874411 0.0
0.5113633894184523 0.0
0.5138606406494635 0.0
0.5163578918804747 0.0
0.5188551431114858 0.0
0.521352394342497 0.0
0.5238496455735082 0.0
0.5263468968045194 0.0
0.5288441480355306 0.0
0.5313413992665418 0.0
0.533838650497553 0.0
0.5363359017285642 0.0
0.5388331529595753 0.0
0.5413304041905864 0.0
0.5438276554215977 0.0
0.5463249066526088 0.0
0.54882215788362 0.0
0.5513194091146312 0.0
0.5538166603456424 0.0
0.5563139115766536 0.0
0.5588111628076647 0.0
0.5613084140386759 0.0
0.5638056652696871 0.0
0.5663029165006983 0.0
0.5688001677317095 0.0
0.5712974189627207 0.0
0.5737946701937319 0.0
0.5762919214247431 0.0
0.5787891726557542 0.0
0.5812864238867654 0.0
0.5837836751177766 0.0
0.5862809263487878 0.0
0.588778177579799 0.0
0.5912754288108102 0.0
0.5937726800418214 0.0
0.5962699312728326 0.0
0.5987671825038438 0.0
0.6012644337348549 0.0
0.6037616849658661 0.0
0.6062589361968773 0.0
0.6087561874278885 0.0
0.6112534386588997 0.0
0.6137506898899109 0.0
0.6162479411209221 0.0
0.6187451923519331 0.0
0.6212424435829444 0.0
0.6237396948139555 0.0
0.6262369460449668 0.0
0.6287341972759779 0.0
0.6312314485069892 0.0
0.6337286997380003 0.0
0.6362259509690115 0.0
0.6387232022000227 0.0
0.6412204534310338 0.0
0.643717704662045 0.0
0.6462149558930562 0.0
0.6487122071240674 0.0
0.6512094583550786 0.0
0.6537067095860898 0.0
0.656203960817101 0.0
0.6587012120481122 0.0
0.6611984632791233 0.0
0.6636957145101345 0.0
0.6661929657411457 0.0
0.6686902169721569 0.0
0.6711874682031681 0.0
0.6736847194341793 0.0
0.6761819706651905 0.0
0.6786792218962017 0.0
0.6811764731272129 0.0
0.683673724358224 0.0
0.6861709755892352 0.0
0.6886682268202464 0.0
0.6911654780512576 0.0
0.6936627292822688 0.0
0.6961599805132799 0.0
0.6986572317442912 0.0
0.7011544829753023 0.0
0.7036517342063136 0.0
0.7061489854373246 0.0
0.7086462366683359 0.0
0.711143487899347 0.0
0.7136407391303583 0.0
0.7161379903613694 0.0
0.7186352415923806 0.0
0.7211324928233918 0.0
0.723629744054403 0.0
0.7261269952854141 0.0
0.7286242465164253 0.0
0.7311214977474365 0.0
0.7336187489784477 0.0
0.7361160002094589 0.0
0.7386132514404701 0.0
0.7411105026714813 0.0
0.7436077539024925 0.0
0.7461050051335036 0.0
0.7486022563645148 2.4321148184423267e-06
0.751099507595526 4.35770704989184e-06
0.7535967588265372 5.22787865395098e-06
0.7560940100575484 5.684238338184929e-06
0.7585912612885596 5.909416804870329e-06
0.7610885125195708 5.990016706197536e-06
0.763585763750582 5.975507209004234e-06
0.7660830149815931 5.897011487204377e-06
0.7685802662126042 5.775264104850139e-06
0.7710775174436155 5.624589713513587e-06
0.7735747686746266 5.455122385832685e-06
0.7760720199056379 5.274142463631016e-06
0.778569271136649 5.086928404226069e-06
0.7810665223676603 4.897323057658646e-06
0.7835637735986714 4.708122578818073e-06
0.7860610248296827 4.521350432874623e-06
0.7885582760606937 4.338454395891866e-06
0.791055527291705 4.160450512692205e-06
0.7935527785227161 3.988029684093686e-06
0.7960500297537274 3.821637428629219e-06
0.7985472809847385 3.661534085698322e-06
0.8010445322157498 3.507840570530806e-06
0.8035417834467609 3.360573337434337e-06
0.806039034677772 3.2196712066155835e-06
0.8085362859087832 3.0850160076319012e-06
0.8110335371397944 2.956448492006985e-06
0.8135307883708056 2.8337806057427222e-06
0.8160280396018168 2.716804947677738e-06
0.818525290832828 2.6053020437431733e-06
0.8210225420638392 2.4990459208223706e-06
0.8235197932948504 2.3978083536574545e-06
0.8260170445258616 2.3013620745318905e-06
0.8285142957568727 2.209483171467315e-06
0.8310115469878839 2.121952851460545e-06
0.8335087982188951 2.038558707233969e-06
0.8360060494499063 1.9590955964050818e-06
0.8385033006809175 1.8833662189071944e-06
0.8410005519119287 1.811181460417098e-06
0.8434978031429399 1.7423605553354498e-06
0.845995054373951 1.6767311116613647e-06
0.8484923056049622 1.6141290312444701e-06
0.8509895568359733 1.5543983518786048e-06
0.8534868080669846 1.4973910321284169e-06
0.8559840592979957 1.4429666953489416e-06
0.858481310529007 1.3909923458298602e-06
0.8609785617600181 1.3413420671848717e-06
0.8634758129910294 1.293896710865147e-06
0.8659730642220405 1.2485435808888566e-06
0.8684703154530518 1.2051761194542873e-06
0.8709675666840628 1.1636935969700366e-06
0.8734648179150741 1.124000809133561e-06
0.8759620691460852 1.0860077829737748e-06
0.8784593203770965 1.049629493206676e-06
0.8809565716081076 1.0147855898065485e-06
0.8834538228391188 9.81400137344624e-07
0.88595107407013 9.494013663738481e-07
0.8884483253011412 9.187214369269631e-07
0.8909455765321523 8.892962140332581e-07
0.8934428277631635 8.610650550371154e-07
0.8959400789941747 8.339706084110067e-07
0.8984373302251859 8.079586236902505e-07
0.9009345814561971 7.829777721115066e-07
0.9034318326872083 7.589794775075308e-07
0.9059290839182195 7.359177569935678e-07
0.9084263351492307 7.13749070973405e-07
0.9109235863802418 6.924321819930958e-07
0.913420837611253 6.719280219762813e-07
0.9159180888422642 6.521995673849901e-07
0.9184153400732754 6.332117218631503e-07
0.9209125913042866 6.149312059354862e-07
0.9234098425352978 5.9732645335156e-07
0.925907093766309 5.803675136826624e-07
0.92840434499732 5.640259607978652e-07
0.9309015962283314 5.482748068641502e-07
0.9333988474593424 5.330884215342182e-07
0.9358960986903537 5.184424560037754e-07
0.9383933499213648 5.043137716380458e-07
0.9408906011523761 4.906803728844054e-07
0.9433878523833872 4.775213442047843e-07
0.9458851036143985 4.6481679077727757e-07
0.9483823548454096 4.525477827317365e-07
0.9508796060764209 4.4069630269843404e-07
0.9533768573074319 4.2924519646271594e-07
0.9558741085384432 4.181781265314219e-07
0.9583713597694543 4.0747952842917616e-07
0.9608686110004656 3.9713456955411097e-07
0.9633658622314767 3.8712911043351363e-07
0.9658631134624879 3.7744966823001836e-07
0.9683603646934991 3.680833823586088e-07
0.9708576159245103 3.590179820836085e-07
0.9733548671555214 3.5024175597332424e-07
0.9758521183865326 3.417435230978185e-07
0.9783493696175438 3.3351260586273074e-07
0.980846620848555 3.2553880437891706e-07
0.9833438720795662 3.178123722741482e-07
0.9858411233105774 3.103239938591548e-07
0.9883383745415886 3.0306476256590115e-07
0.9908356257725998 2.960261605812913e-07
0.993332877003611 2.892000396043765e-07
0.9958301282346221 2.82578602659761e-07
0.9983273794656333 2.7615438690418774e-07
1.0008246306966444 2.699202473672775e-07
1.0033218819276557 2.6386934157115626e-07
1.005819133158667 2.5799511497719313e-07
1.008316384389678 2.522912872113298e-07
1.0108136356206892 2.467518390225277e-07
1.0133108868517005 2.4137099993173314e-07
1.0158081380827118 2.3614323653137864e-07
1.0183053893137228 2.31063241397957e-07
1.020802640544734 2.2612592258251036e-07
1.0232998917757452 2.2132639364605673e-07
1.0257971430067563 2.1665996420898914e-07
1.0282943942377676 2.1212213098538963e-07
1.0307916454687787 2.0770856927498278e-07
1.0332888966997897 2.0341512488708093e-07
1.035786147930801 1.9923780647246242e-07
1.0382833991618123 1.9517277824053595e-07
1.0407806503928234 1.9121635304054563e-07
1.0432779016238345 1.8736498578679115e-07
1.0457751528548458 1.8361526720907646e-07
1.048272404085857 1.7996391791068792e-07
1.0507696553168682 1.7640778271723788e-07
1.0532669065478792 1.7294382530072437e-07
1.0557641577788905 1.6956912306402664e-07
1.0582614090099018 1.6628086227196095e-07
1.060758660240913 1.6307633341579202e-07
1.063255911471924 1.59952926798861e-07
1.0657531627029353 1.5690812833171677e-07
1.0682504139339466 1.5393951552577683e-07
1.0707476651649577 1.5104475367517747e-07
1.0732449163959688 1.4822159221706894e-07
1.07574216762698 1.4546786126114625e-07
1.0782394188579913 1.4278146827973143e-07
1.0807366700890024 1.4016039495021168e-07
1.0832339213200135 1.3760269414207635e-07
1.0857311725510248 1.3510648704125666e-07
1.088228423782036 1.3266996040484032e-07
1.0907256750130472 1.302913639396387e-07
1.0932229262440583 1.2796900779842297e-07
1.0957201774750696 1.2570126018800226e-07
1.0982174287060809 1.2348654508360773e-07
1.100714679937092 1.2132334004436668e-07
1.103211931168103 1.1921017412491493e-07
1.105709182399114 1.1714562587847387e-07
1.1082064336301254 1.1512832144695306e-07
1.1107036848611367 1.1315693273388798e-07
1.1132009360921478 1.1123017565623046e-07
1.1156981873231588 1.0934680847123018e-07
1.1181954385541701 1.0750563017483269e-07
1.1206926897851814 1.0570547896820957e-07
1.1231899410161925 1.0394523078921443e-07
1.1256871922472036 1.0222379790571234e-07
1.128184443478215 1.0054012756790508e-07
1.1306816947092262 9.88932007169019e-08
1.1331789459402373 9.728203074694082e-08
1.1356761971712483 9.570566231878599e-08
1.1381734484022596 9.416317022195959e-08
1.140670699633271 9.265365828357997e-08
1.143167950864282 9.117625832168626e-08
1.145665202095293 8.973012914104238e-08
1.1481624533263044 8.831445556950652e-08
1.1506597045573157 8.692844753315273e-08
1.1531569557883268 8.557133916840768e-08
1.1556542070193379 8.424238796956858e-08
1.1581514582503492 8.294087397013417e-08
1.1606487094813605 8.166609895645987e-08
1.1631459607123715 8.041738571232227e-08
1.1656432119433826 7.91940772930452e-08
1.168140463174394 7.799553632790177e-08
1.1706377144054052 7.682114434957287e-08
1.1731349656364163 7.56703011494942e-08
1.1756322168674274 7.454242415798268e-08
1.1781294680984387 7.343694784808824e-08
1.18062671932945 7.235332316215786e-08
1.183123970560461 7.129101696015468e-08
1.1856212217914721 7.02495114888131e-08
1.1881184730224832 6.922830387075853e-08
1.1906157242534945 6.822690561275579e-08
1.1931129754845058 6.724484213229113e-08
1.1956102267155169 6.628165230172859e-08
1.198107477946528 6.53368880093168e-08
1.2006047291775392 6.441011373635191e-08
1.2031019804085505 6.350090614983993e-08
1.2055992316395616 6.26088537100221e-08
1.2080964828705727 6.173355629216457e-08
1.210593734101584 6.087462482203534e-08
1.2130909853325953 6.003168092451672e-08
1.2155882365636064 5.920435658482788e-08
1.2180854877946174 5.8392293821854544e-08
1.2205827390256287 5.7595144373106274e-08
1.22307999025664 5.6812569390837346e-08
1.2255772414876511 5.604423914889614e-08
1.2280744927186622 5.5289832759877704e-08
1.2305717439496735 5.4549037902179626e-08
1.2330689951806848 5.3821550556575264e-08
1.2355662464116959 5.310707475193361e-08
1.238063497642707 5.2405322319733896e-08
1.2405607488737183 5.171601265703698e-08
1.2430580001047296 5.103887249758853e-08
1.2455552513357406 5.037363569074357e-08
1.2480525025667517 4.972004298791619e-08
1.250549753797763 4.907784183626908e-08
1.2530470050287743 4.8446786179368354e-08
1.2555442562597854 4.782663626454404e-08
1.2580415074907965 4.721715845670443e-08
1.2605387587218078 4.6618125058363374e-08
1.2630360099528188 4.602931413565065e-08
1.2655332611838301 4.545050935008217e-08
1.2680305124148412 4.4881499795880714e-08
1.2705277636458523 4.432207984264148e-08
1.2730250148768636 4.377204898314561e-08
1.275522266107875 4.3231211686138764e-08
1.278019517338886 4.26993772538892e-08
1.280516768569897 4.217635968435644e-08
1.2830140198009083 4.166197753780135e-08
1.2855112710319196 4.115605380768179e-08
1.2880085222629307 4.065841579567752e-08
1.2905057734939418 4.0168894990698086e-08
1.293003024724953 3.9687326951733507e-08
1.2955002759559644 3.921355119441091e-08
1.2979975271869755 3.8747411081125624e-08
1.3004947784179866 3.828875371462365e-08
1.3029920296489979 3.783742983491311e-08
1.3054892808800092 3.739329371938793e-08
1.3079865321110202 3.695620308605529e-08
1.3104837833420313 3.652601899975584e-08
1.3129810345730426 3.610260578127565e-08
1.315478285804054 3.568583091925071e-08
1.317975537035065 3.527556498476759e-08
1.320472788266076 3.4871681548567756e-08
1.3229700394970874 3.447405710076943e-08
1.3254672907280987 3.4082570973018375e-08
1.3279645419591097 3.369710526298935e-08
1.3304617931901208 3.3317544761156195e-08
1.332959044421132 3.294377687975584e-08
1.3354562956521434 3.2575691583873155e-08
1.3379535468831545 3.2213181324576196e-08
1.3404507981141656 3.185614097403234e-08
1.3429480493451769 3.1504467762541797e-08
1.345445300576188 3.115806121742479e-08
1.3479425518071992 3.0816823103701156e-08
1.3504398030382103 3.04806573665033e-08
1.3529370542692214 3.014947007516785e-08
1.3554343055002327 2.982316936894989e-08
1.357931556731244 2.9501665404307256e-08
1.360428807962255 2.9184870303705792e-08
1.3629260591932661 2.887269810589464e-08
1.3654233104242774 2.856506471760612e-08
1.3679205616552887 2.8261887866633335e-08
1.3704178128862998 2.796308705624372e-08
1.372915064117311 2.76685835208831e-08
1.3754123153483222 2.737830018313229e-08
1.3779095665793335 2.7092161611876193e-08
1.3804068178103446 2.681009398164493e-08
1.3829040690413557 2.6532025033094206e-08
1.385401320272367 2.625788403458637e-08
1.3878985715033783 2.5987601744838934e-08
1.3903958227343893 2.572111037660795e-08
1.3928930739654004 2.5458343561373662e-08
1.3953903251964117 2.519923631499724e-08
1.397887576427423 2.4943725004320083e-08
1.400384827658434 2.4691747314675843e-08
1.4028820788894452 2.44432422182871e-08
1.4053793301204565 2.4198149943520767e-08
1.4078765813514678 2.395641194497578e-08
1.4103738325824788 2.3717970874377578e-08
1.41287108381349 2.3482770552255124e-08
1.4153683350445012 2.325075594037818e-08
1.4178655862755125 2.3021873114930342e-08
1.4203628375065236 2.279606924039711e-08
1.4228600887375347 2.257329254414686e-08
1.4253573399685457 2.235349229168542e-08
1.427854591199557 2.2136618762563502e-08
1.4303518424305683 2.1922623226916447e-08
1.4328490936615794 2.1711457922621855e-08
1.4353463448925905 2.150307603305169e-08
1.4378435961236018 2.1297431665405403e-08
1.440340847354613 2.1094479829606148e-08
1.4428380985856242 2.089417641774268e-08
1.4453353498166353 2.069647818404269e-08
1.4478326010476466 2.0501342725361408e-08
1.4503298522786578 2.0308728462170342e-08
1.452827103509669 2.011859462003352e-08
1.45532435474068 1.9930901211554763e-08
1.4578216059716913 1.974560901878495e-08
1.4603188572027026 1.95626795760746e-08
1.4628161084337137 1.938207515336053e-08
1.4653133596647248 1.9203758739872318e-08
1.467810610895736 1.9027694028249795e-08
1.4703078621267474 1.8853845399056453e-08
1.4728051133577584 1.8682177905681216e-08
1.4753023645887695 1.8512657259614667e-08
1.4777996158197808 1.834524981609153e-08
1.480296867050792 1.8179922560088687e-08
1.4827941182818032 1.8016643092667208e-08
1.4852913695128143 1.7855379617652675e-08
1.4877886207438256 1.7696100928640096e-08
1.4902858719748369 1.7538776396317412e-08
1.492783123205848 1.7383375956098787e-08
1.495280374436859 1.7229870096057716e-08
1.4977776256678703 1.707822984515247e-08
1.5002748768988816 1.6928426761737085e-08
1.5027721281298927 1.6780432922348974e-08
1.5052693793609038 1.663422091076497e-08
1.507766630591915 1.6489763807321384e-08
1.5102638818229261 1.6347035178487804e-08
1.5127611330539374 1.6206009066689894e-08
1.5152583842849485 1.60666599803741e-08
1.5177556355159598 1.5928962884307358e-08
1.520252886746971 1.5792893190106334e-08
1.5227501379779822 1.5658426746989615e-08
1.5252473892089933 1.552553983274672e-08
1.5277446404400046 1.539420914491947e-08
1.5302418916710157 1.526441179218861e-08
1.532739142902027 1.5136125285961494e-08
1.535236394133038 1.500932753215481e-08
1.5377336453640493 1.4883996823168136e-08
1.5402308965950604 1.4760111830042249e-08
1.5427281478260717 1.4637651594798432e-08
1.5452253990570828 1.4516595522954014e-08
1.5477226502880939 1.4396923376208651e-08
1.5502199015191052 1.4278615265298264e-08
1.5527171527501162 1.4161651643011598e-08
1.5552144039811275 1.4046013297365234e-08
1.5577116552121386 1.3931681344933647e-08
1.56020890644315 1.381863722432924e-08
1.562706157674161 1.3706862689830578e-08
1.5652034089051723 1.3596339805152072e-08
1.5677006601361834 1.348705093735492e-08
1.5701979113671947 1.3378978750893111e-08
1.5726951625982057 1.3272106201792502e-08
1.575192413829217 1.3166416531959348e-08
1.5776896650602281 1.3061893263614866e-08
1.5801869162912394 1.2958520193853068e-08
1.5826841675222505 1.2856281389318216e-08
1.5851814187532618 1.2755161180999976e-08
1.5876786699842729 1.2655144159141976e-08
1.5901759212152842 1.255621516826233e-08
1.5926731724462952 1.2458359302282789e-08
1.5951704236773065 1.2361561899763406e-08
1.5976676749083176 1.226580853924136e-08
1.600164926139329 1.2171085034670019e-08
1.60266217737034 1.2077377430956697e-08
1.6051594286013513 1.198467199959683e-08
1.6076566798323624 1.1892955234401758e-08
1.6101539310633737 1.1802213847317405e-08
1.6126511822943848 1.171243476433354e-08
1.615148433525396 1.1623605121479067e-08
1.6176456847564071 1.1535712260903208e-08
1.6201429359874184 1.1448743727039242e-08
1.6226401872184295 1.1362687262849957e-08
1.6251374384494406 1.1277530806151733e-08
1.6276346896804519 1.1193262486016299e-08
1.630131940911463 1.1109870619248097e-08
1.6326291921424743 1.1027343706935046e-08
1.6351264433734853 1.0945670431071554e-08
1.6376236946044966 1.0864839651252e-08
1.6401209458355077 1.0784840401432664e-08
1.642618197066519 1.070566188676066e-08
1.64511544829753 1.0627293480469107e-08
1.6476126995285414 1.0549724720835295e-08
1.6501099507595525 1.047294530820244e-08
1.6526072019905638 1.039694510206173e-08
1.6551044532215748 1.0321714118194673e-08
1.6576017044525861 1.0247242525873321e-08
1.6600989556835972 1.0173520645118024e-08
1.6625962069146085 1.010053894401038e-08
1.6650934581456196 1.0028288036061071e-08
1.667590709376631 9.956758677630514e-09
1.670087960607642 9.885941765401864e-09
1.6725852118386533 9.81582833390477e-09
1.6750824630696644 9.746409553088566e-09
1.6775797143006757 9.677676725944429e-09
1.6800769655316867 9.609621286174946e-09
1.682574216762698 9.542234795909603e-09
1.685071467993709 9.475508943466537e-09
1.6875687192247204 9.409435541157955e-09
1.6900659704557315 9.344006523139219e-09
1.6925632216867428 9.279213943300473e-09
1.6950604729177539 9.215049973199586e-09
1.6975577241487652 9.151506900035711e-09
1.7000549753797762 9.08857712466275e-09
1.7025522266107873 9.02625315964127e-09
1.7050494778417986 8.964527627328805e-09
1.7075467290728097 8.90339325800689e-09
1.710043980303821 8.842842888044896e-09
1.712541231534832 8.782869458099005e-09
1.7150384827658434 8.723466011346123e-09
1.7175357339968544 8.664625691751969e-09
1.7200329852278657 8.606341742372172e-09
1.7225302364588768 8.548607503686201e-09
1.7250274876898881 8.491416411962898e-09
1.7275247389208992 8.434761997657596e-09
1.7300219901519105 8.37863788383945e-09
1.7325192413829216 8.32303778464861e-09
1.7350164926139329 8.267955503782913e-09
1.737513743844944 8.213384933013078e-09
1.7400109950759552 8.159320050725766e-09
1.7425082463069663 8.105754920494233e-09
1.7450054975379776 8.052683689675852e-09
1.7475027487689887 8.000100588035724e-09
1.75 7.947999926396284e-09
