0.3973213749463701 0.0
0.39988462233225147 2.781060433720137e-13
0.40244786971813284 5.696800101291555e-13
0.40501111710401416 8.757288580062472e-13
0.40757436448989554 1.1973412813718326e-12
0.4101376118757769 1.5356927913363325e-12
0.4127008592616583 1.892045440724489e-12
0.41526410664753965 2.2677670355001948e-12
0.417827354033421 2.6643256605573725e-12
0.42039060141930235 3.083320364941079e-12
0.4229538488051837 3.5264608769179285e-12
0.4255170961910651 3.9955949409742785e-12
0.4280803435769464 4.492713891682631e-12
0.4306435909628278 5.019963015007282e-12
0.43320683834870916 5.579644018239529e-12
0.43577008573459053 6.174258736596353e-12
0.43833333312047185 6.806474710520111e-12
0.4408965805063532 7.479167276038612e-12
0.4434598278922346 8.195425267064084e-12
0.44602307527811597 8.958564190719614e-12
0.44858632266399734 9.772139647822907e-12
0.45114957004987866 1.0639960875019971e-11
0.45371281743576003 1.1566104254777419e-11
0.4562760648216414 1.2554926603362465e-11
0.4588393122075228 1.3611078007814647e-11
0.46140255959340415 1.473951393654607e-11
0.46396580697928547 1.5945506300032503e-11
0.46652905436516684 1.7234653082504092e-11
0.4690923017510482 1.8612886094531735e-11
0.4716555491369296 2.008647642737021e-11
0.47421879652281096 2.1662036857280844e-11
0.4767820439086923 2.334652082538638e-11
0.47934529129457365 2.5147217131552893e-11
0.481908538680455 2.7071739679980652e-11
0.48447178606633634 2.912801149130569e-11
0.4870350334522177 3.132424218481228e-11
0.4895982808380991 3.3668898129724864e-11
0.49216152822398046 3.61706644923648e-11
0.49472477560986183 3.8838398465350885e-11
0.49728802299574315 4.1681073069004445e-11
0.4998512703816245 4.47077110612638e-11
0.5024145177675059 4.7927308696942886e-11
0.5049777651533872 5.134874932558234e-11
0.5075410125392686 5.498070712576598e-11
0.51010425992515 5.883154162210242e-11
0.5126675073110314 6.290918401687924e-11
0.5152307546969127 6.722101677523967e-11
0.517794002082794 7.177374830793694e-11
0.5203572494686755 7.65732849716428e-11
0.5229204968545568 8.162460293202443e-11
0.5254837442404381 8.693162267412264e-11
0.5280469916263195 9.249708906725981e-11
0.5306102390122008 9.832245988331374e-11
0.5331734863980823 1.0440780549964155e-10
0.5357367337839636 1.1075172219439519e-10
0.538299981169845 1.1735126095549751e-10
0.5408632285557263 1.2420187310364313e-10
0.5434264759416076 1.3129737328547102e-10
0.5459897233274891 1.3862991956822012e-10
0.5485529707133704 1.4619000949023326e-10
0.5511162180992517 1.5396649002759243e-10
0.5536794654851331 1.6194657854129174e-10
0.5562427128710145 1.7011589089668e-10
0.5588059602568958 1.7845847202835401e-10
0.5613692076427772 1.8695682328618314e-10
0.5639324550286586 1.955919197297096e-10
0.56649570241454 2.0434320902999326e-10
0.5690589498004213 2.1318858140917956e-10
0.5716221971863027 2.221042965288532e-10
0.574185444572184 2.3106484736783343e-10
0.5767486919580653 2.4004273083090814e-10
0.5793119393439468 2.490080757887168e-10
0.5818751867298281 2.579280416844455e-10
0.5844384341157094 2.667658199832612e-10
0.5870016815015908 2.7547887456603527e-10
0.5895649288874721 2.8401548940785913e-10
0.5921281762733536 2.9230648872466035e-10
0.5946914236592349 3.0023052934636115e-10
0.5972546710451163 3.0758961304519474e-10
0.5998179184309976 3.145663061118993e-10
0.602381165816879 3.212568681004209e-10
0.6049444132027604 3.2770982284325124e-10
0.6075076605886417 3.339572886212532e-10
0.610070907974523 3.400228198208612e-10
0.6126341553604044 3.459247197379758e-10
0.6151974027462858 3.5167776000527614e-10
0.6177606501321671 3.5729418748653113e-10
0.6203238975180485 3.6278436358721317e-10
0.6228871449039299 3.68157194608881e-10
0.6254503922898113 3.7342043459666437e-10
0.6280136396756926 3.7858090603988664e-10
0.630576887061574 3.83644665321777e-10
0.6331401344474553 3.8861712968407737e-10
0.6357033818333366 3.935031765939108e-10
0.6382666292192181 3.9830722282812727e-10
0.6408298766050994 4.03033288334947e-10
0.6433931239909807 4.0768504846042775e-10
0.6459563713768621 4.122658771387598e-10
0.6485196187627436 4.167788829659462e-10
0.6510828661486248 4.2122693959748385e-10
0.6536461135345062 4.2561271156872055e-10
0.6562093609203876 4.299386763857608e-10
0.6587726083062689 4.3420714355055286e-10
0.6613358556921503 4.3842027104399766e-10
0.6638991030780317 4.4258007968583715e-10
0.666462350463913 4.466884657083687e-10
0.6690255978497943 4.507472118178945e-10
0.6715888452356757 4.5475799696833774e-10
0.6741520926215571 4.5872240503177796e-10
0.6767153400074384 4.626419325196501e-10
0.6792785873933198 4.665179954826963e-10
0.6818418347792012 4.703519356975485e-10
0.6844050821650826 4.741450262307986e-10
0.6869683295509639 4.778984764579947e-10
0.6895315769368453 4.816134366033176e-10
0.6920948243227266 4.852910018563876e-10
0.6946580717086079 4.889322161149809e-10
0.6972213190944894 4.925380753953438e-10
0.6997845664803707 4.961095309466527e-10
0.702347813866252 4.996474921013211e-10
0.7049110612521334 5.031528288886561e-10
0.7074743086380149 5.066263744360911e-10
0.7100375560238961 5.10068927179539e-10
0.7126008034097775 5.134812529011248e-10
0.7151640507956589 5.168640866113866e-10
0.7177272981815402 5.202181342901914e-10
0.7202905455674216 5.23544074499735e-10
0.722853792953303 5.268425598809306e-10
0.7254170403391843 5.301142185438859e-10
0.7279802877250656 5.333596553613571e-10
0.730543535110947 5.365794531738259e-10
0.7331067824968284 5.397741739134401e-10
0.7356700298827097 5.429443596536059e-10
0.7382332772685911 5.460905335903414e-10
0.7407965246544725 5.492132009607393e-10
0.7433597720403538 5.523128499035837e-10
0.7459230194262352 5.55389952266609e-10
0.7484862668121166 5.584449643643784e-10
0.7510495141979979 5.614783276906531e-10
0.7536127615838792 5.644904695883929e-10
0.7561760089697607 5.67481803880784e-10
0.758739256355642 5.704527314657646e-10
0.7613025037415233 5.734036408768803e-10
0.7638657511274047 5.76334908812681e-10
0.766428998513286 5.792469006369194e-10
0.7689922458991674 5.821399708514067e-10
0.7715554932850488 5.85014463543567e-10
0.7741187406709302 5.878707128100545e-10
0.7766819880568115 5.907090431583301e-10
0.7792452354426929 5.935297698873824e-10
0.7818084828285743 5.963331994489543e-10
0.7843717302144556 5.991196297906224e-10
0.7869349776003369 6.018893506816922e-10
0.7894982249862184 6.046426440230832e-10
0.7920614723720997 6.073797841420967e-10
0.794624719757981 6.101010380729866e-10
0.7971879671438624 6.128066658242097e-10
0.7997512145297438 6.154969206330582e-10
0.802314461915625 6.181720492085105e-10
0.8048777093015065 6.208322919628378e-10
0.8074409566873879 6.234778832327483e-10
0.8100042040732692 6.261090514904679e-10
0.8125674514591505 6.287260195455298e-10
0.815130698845032 6.313290047376111e-10
0.8176939462309133 6.339182191209343e-10
0.8202571936167946 6.364938696407866e-10
0.822820441002676 6.390561583024287e-10
0.8253836883885574 6.416052823328478e-10
0.8279469357744387 6.44141434335811e-10
0.8305101831603201 6.466648024403992e-10
0.8330734305462015 6.491755704434751e-10
0.8356366779320828 6.516739179463927e-10
0.8381999253179642 6.541600204861072e-10
0.8407631727038456 6.566340496611572e-10
0.8433264200897269 6.590961732525233e-10
0.8458896674756082 6.615465553399133e-10
0.8484529148614897 6.639853564133917e-10
0.851016162247371 6.664127334808033e-10
0.8535794096332523 6.688288401710357e-10
0.8561426570191337 6.712338268334234e-10
0.8587059044050152 6.736278406333385e-10
0.8612691517908964 6.760110256443985e-10
0.8638323991767778 6.7838352293712e-10
0.8663956465626592 6.807454706643026e-10
0.8689588939485405 6.830970041435307e-10
0.8715221413344219 6.854382559364906e-10
0.8740853887203033 6.877693559255367e-10
0.8766486361061846 6.900904313876782e-10
0.8792118834920659 6.924016070656429e-10
0.8817751308779473 6.947030052369042e-10
0.8843383782638287 6.969947457799061e-10
0.88690162564971 6.992769462383296e-10
0.8894648730355914 7.01549721883037e-10
0.8920281204214728 7.038131857719082e-10
0.8945913678073542 7.060674488077156e-10
0.8971546151932355 7.083126197941185e-10
0.8997178625791169 7.105488054897444e-10
0.9022811099649982 7.12776110660557e-10
0.9048443573508795 7.149946381306932e-10
0.907407604736761 7.172044888287263e-10
0.9099708521226423 7.194057618434307e-10
0.9125340995085237 7.21598554458002e-10
0.915097346894405 7.237829622029239e-10
0.9176605942802863 7.259590788962387e-10
0.9202238416661678 7.28126996685522e-10
0.9227870890520491 7.302868060883751e-10
0.9253503364379304 7.324385960316146e-10
0.9279135838238118 7.345824538893652e-10
0.9304768312096932 7.367184655197321e-10
0.9330400785955746 7.388467153008471e-10
0.9356033259814559 7.409672861652136e-10
0.9381665733673372 7.430802596336559e-10
0.9407298207532186 7.45185715847823e-10
0.9432930681391 7.472837336019279e-10
0.9458563155249814 7.493743903735279e-10
0.9484195629108627 7.51457762353457e-10
0.950982810296744 7.53533924474813e-10
0.9535460576826255 7.556029504411783e-10
0.9561093050685068 7.576649127540074e-10
0.9586725524543882 7.597198827393431e-10
0.9612357998402695 7.617679305735568e-10
0.9637990472261508 7.638091253086906e-10
0.9663622946120323 7.658435348967277e-10
0.9689255419979136 7.67871226213606e-10
0.971488789383795 7.698922650821608e-10
0.9740520367696763 7.719067162947655e-10
0.9766152841555577 7.739146436352268e-10
0.9791785315414391 7.759161099000122e-10
0.9817417789273204 7.779111769191633e-10
0.9843050263132017 7.798999055763054e-10
0.9868682736990831 7.818823558285019e-10
0.9894315210849645 7.838585867252468e-10
0.9919947684708459 7.858286564271925e-10
0.9945580158567272 7.877926222242958e-10
0.9971212632426085 7.897505405535269e-10
0.99968451062849 7.917024670161078e-10
1.0022477580143714 7.936484563942795e-10
1.0048110054002528 7.955885626678263e-10
1.007374252786134 7.975228390297412e-10
1.0099375001720152 7.994513379021286e-10
1.0125007475578967 8.013741109511308e-10
1.015063994943778 8.032912091018598e-10
1.0176272423296595 8.052026825527501e-10
1.020190489715541 8.071085807897355e-10
1.0227537371014221 8.090089525998085e-10
1.0253169844873036 8.109038460845965e-10
1.0278802318731848 8.127933086734347e-10
1.0304434792590662 8.146773871359065e-10
1.0330067266449476 8.1655612759457e-10
1.035569974030829 8.184295755369659e-10
1.0381332214167105 8.202977758275107e-10
1.0406964688025917 8.221607727191121e-10
1.043259716188473 8.240186098644896e-10
1.0458229635743543 8.258713303271712e-10
1.0483862109602358 8.277189765923811e-10
1.0509494583461172 8.29561590577485e-10
1.0535127057319986 8.313992136424327e-10
1.0560759531178798 8.332318865997015e-10
1.0586392005037613 8.350596497241978e-10
1.0612024478896425 8.368825427628424e-10
1.063765695275524 8.387006049439998e-10
1.0663289426614053 8.405138749867225e-10
1.0688921900472867 8.423223911096146e-10
1.0714554374331682 8.441261910396774e-10
1.0740186848190494 8.459253120209367e-10
1.0765819322049308 8.477197908227693e-10
1.079145179590812 8.495096637482101e-10
1.0817084269766934 8.512949666419308e-10
1.0842716743625749 8.530757348981057e-10
1.0868349217484563 8.54852003468076e-10
1.0893981691343375 8.56623806868005e-10
1.091961416520219 8.583911791861245e-10
1.0945246639061001 8.601541540899618e-10
1.0970879112919816 8.619127648334226e-10
1.099651158677863 8.636670442637328e-10
1.1022144060637444 8.654170248281091e-10
1.1047776534496259 8.671627385804751e-10
1.107340900835507 8.689042171878498e-10
1.1099041482213885 8.706414919368301e-10
1.1124673956072697 8.723745937396756e-10
1.1150306429931511 8.741035531404332e-10
1.1175938903790326 8.758284003209694e-10
1.120157137764914 8.775491651067507e-10
1.1227203851507954 8.792658769725689e-10
1.1252836325366766 8.809785650481373e-10
1.1278468799225578 8.826872581236833e-10
1.1304101273084393 8.843919846552131e-10
1.1329733746943207 8.860927727698324e-10
1.1355366220802021 8.877896502709506e-10
1.1380998694660835 8.894826446433469e-10
1.1406631168519648 8.911717830580658e-10
1.1432263642378462 8.928570923773743e-10
1.1457896116237274 8.945385991595405e-10
1.1483528590096088 8.96216329663437e-10
1.1509161063954902 8.978903098532343e-10
1.1534793537813717 8.995605654028053e-10
1.156042601167253 9.012271217002766e-10
1.1586058485531343 9.028900038522063e-10
1.1611690959390155 9.045492366879448e-10
1.163732343324897 9.062048447637888e-10
1.1662955907107784 9.07856852367034e-10
1.1688588380966598 9.09505283519978e-10
1.1714220854825412 9.111501619840014e-10
1.1739853328684224 9.127915112631752e-10
1.1765485802543039 9.144293546083283e-10
1.179111827640185 9.160637150205604e-10
1.1816750750260665 9.176946152550308e-10
1.184238322411948 9.19322077824455e-10
1.1868015697978294 9.209461250027287e-10
1.1893648171837108 9.225667788282233e-10
1.191928064569592 9.241840611073496e-10
1.1944913119554732 9.257979934177476e-10
1.1970545593413546 9.274085971117185e-10
1.199617806727236 9.290158933192519e-10
1.2021810541131175 9.306199029513202e-10
1.204744301498999 9.322206467029142e-10
1.2073075488848801 9.338181450561117e-10
1.2098707962707616 9.354124182830187e-10
1.2124340436566428 9.370034864488167e-10
1.2149972910425242 9.385913694144854e-10
1.2175605384284056 9.40176086839787e-10
1.220123785814287 9.41757658185972e-10
1.2226870332001685 9.43336102718532e-10
1.2252502805860497 9.449114395098649e-10
1.227813527971931 9.464836874419958e-10
1.2303767753578123 9.480528652090458e-10
1.2329400227436937 9.496189913199264e-10
1.2355032701295752 9.511820841007381e-10
1.2380665175154566 9.527421616972967e-10
1.240629764901338 9.542992420774978e-10
1.2431930122872192 9.558533430337717e-10
1.2457562596731004 9.574044821853946e-10
1.2483195070589819 9.589526769807629e-10
1.2508827544448633 9.60497944699712e-10
1.2534460018307447 9.620403024556858e-10
1.2560092492166262 9.635797671979847e-10
1.2585724966025074 9.651163557138483e-10
1.2611357439883888 9.66650084630661e-10
1.26369899137427 9.681809704179843e-10
1.2662622387601514 9.697090293895444e-10
1.2688254861460329 9.712342777053898e-10
1.2713887335319143 9.727567313737518e-10
1.2739519809177957 9.742764062530588e-10
1.276515228303677 9.75793318053832e-10
1.2790784756895581 9.773074823405805e-10
1.2816417230754396 9.788189145336184e-10
1.284204970461321 9.80327629910981e-10
1.2867682178472024 9.81833643610119e-10
1.2893314652330838 9.83336970629757e-10
1.291894712618965 9.848376258316047e-10
1.2944579600048465 9.863356239420225e-10
1.2970212073907277 9.878309795537726e-10
1.299584454776609 9.893237071276487e-10
1.3021477021624905 9.908138209941337e-10
1.304710949548372 9.923013353549821e-10
1.3072741969342534 9.937862642848204e-10
1.3098374443201346 9.952686217326889e-10
1.3124006917060158 9.967484215236143e-10
1.3149639390918972 9.982256773600634e-10
1.3175271864777787 9.997004028235032e-10
1.32009043386366 1.0011726113757881e-09
1.3226536812495415 1.0026423163606766e-09
1.3252169286354227 1.0041095310052066e-09
1.3277801760213042 1.0055742684210728e-09
1.3303434234071854 1.0070365416061078e-09
1.3329066707930668 1.0084963634455233e-09
1.3354699181789482 1.0099537467133244e-09
1.3380331655648297 1.011408704073548e-09
1.340596412950711 1.0128612480816943e-09
1.3431596603365923 1.0143113911858403e-09
1.3457229077224737 1.015759145728035e-09
1.348286155108355 1.0172045239454222e-09
1.3508494024942364 1.018647537971647e-09
1.3534126498801178 1.0200881998377845e-09
1.3559758972659992 1.0215265214738267e-09
1.3585391446518804 1.0229625147096163e-09
1.3611023920377618 1.0243961912761046e-09
1.363665639423643 1.0258275628064733e-09
1.3662288868095245 1.0272566408372988e-09
1.368792134195406 1.0286834368095549e-09
1.3713553815812873 1.0301079620698018e-09
1.3739186289671688 1.0315302278711238e-09
1.37648187635305 1.0329502453743799e-09
1.3790451237389314 1.0343680256490589e-09
1.3816083711248126 1.0357835796744305e-09
1.384171618510694 1.0371969183404979e-09
1.3867348658965755 1.0386080524489635e-09
1.389298113282457 1.0400169927143596e-09
1.3918613606683383 1.0414237497648014e-09
1.3944246080542195 1.0428283341431148e-09
1.3969878554401007 1.0442307563077312e-09
1.3995511028259822 1.0456310266335592e-09
1.4021143502118636 1.0470291554129816e-09
1.404677597597745 1.0484251528567536e-09
1.4072408449836264 1.049819029094783e-09
1.4098040923695079 1.0512107941771832e-09
1.4123673397553889 1.0526004580749758e-09
1.4149305871412703 1.0539880306810872e-09
1.4174938345271517 1.0553735218110867e-09
1.4200570819130331 1.0567569412040265e-09
1.4226203292989146 1.058138298523339e-09
1.425183576684796 1.0595176033576044e-09
1.4277468240706774 1.0608948652213168e-09
1.4303100714565584 1.0622700935556788e-09
1.4328733188424398 1.063643297729445e-09
1.4354365662283213 1.065014487039629e-09
1.4379998136142027 1.0663836707122521e-09
1.4405630610000841 1.0677508579031524e-09
1.4431263083859656 1.0691160576986292e-09
1.4456895557718465 1.0704792791162546e-09
1.448252803157728 1.0718405311055606e-09
1.4508160505436094 1.0731998225487174e-09
1.4533792979294908 1.0745571622612825e-09
1.4559425453153723 1.0759125589928124e-09
1.4585057927012537 1.0772660214277102e-09
1.4610690400871351 1.078617558185646e-09
1.463632287473016 1.0799671778224429e-09
1.4661955348588975 1.0813148888305998e-09
1.468758782244779 1.082660699640024e-09
1.4713220296306604 1.084004618618576e-09
1.4738852770165418 1.0853466540727848e-09
1.4764485244024232 1.0866868142484236e-09
1.4790117717883042 1.088025107331117e-09
1.4815750191741857 1.0893615414469505e-09
1.484138266560067 1.0906961246631549e-09
1.4867015139459485 1.0920288649885076e-09
1.48926476133183 1.0933597703741018e-09
1.4918280087177114 1.0946888487138203e-09
1.4943912561035928 1.0960161078449353e-09
1.4969545034894738 1.0973415555486605e-09
1.4995177508753552 1.0986651995507243e-09
1.5020809982612366 1.099987047521875e-09
1.504644245647118 1.101307107078451e-09
1.5072074930329995 1.1026253857829214e-09
1.509770740418881 1.1039418911443954e-09
1.512333987804762 1.1052566306191239e-09
1.5148972351906433 1.106569611611076e-09
1.5174604825765248 1.107880841472398e-09
1.5200237299624062 1.1091903275038994e-09
1.5225869773482876 1.1104980769555613e-09
1.525150224734169 1.1118040970271024e-09
1.5277134721200505 1.113108394868314e-09
1.5302767195059315 1.1144109775796982e-09
1.532839966891813 1.1157118522127973e-09
1.5354032142776943 1.117011025770763e-09
1.5379664616635758 1.1183085052087166e-09
1.5405297090494572 1.1196042974343083e-09
1.5430929564353386 1.1208984093081611e-09
1.54565620382122 1.1221908476441974e-09
1.548219451207101 1.1234816192101793e-09
1.5507826985929825 1.124770730728112e-09
1.5533459459788639 1.1260581888746925e-09
1.5559091933647453 1.1273440002817176e-09
1.5584724407506267 1.1286281715365035e-09
1.5610356881365082 1.129910709182246e-09
1.5635989355223892 1.1311916197185477e-09
1.5661621829082706 1.1324709096016805e-09
1.568725430294152 1.1337485852451585e-09
1.5712886776800334 1.135024653019896e-09
1.5738519250659149 1.1362991192548578e-09
1.5764151724517963 1.1375719902372129e-09
1.5789784198376777 1.138843272212893e-09
1.5815416672235587 1.140112971386854e-09
1.5841049146094401 1.141381093923527e-09
1.5866681619953216 1.142647645947081e-09
1.589231409381203 1.143912633541903e-09
1.5917946567670844 1.1451760627529044e-09
1.5943579041529659 1.1464379395858447e-09
1.5969211515388468 1.1476982700077747e-09
1.5994843989247283 1.1489570599472454e-09
1.6020476463106097 1.150214315294768e-09
1.6046108936964911 1.1514700419031436e-09
1.6071741410823726 1.1527242455877266e-09
1.609737388468254 1.1539769321268058e-09
1.6123006358541354 1.155228107261941e-09
1.6148638832400164 1.1564777766982355e-09
1.6174271306258978 1.1577259461047503e-09
1.6199903780117793 1.1589726211147351e-09
1.6225536253976607 1.1602178073259502e-09
1.625116872783542 1.1614615103009843e-09
1.6276801201694235 1.1627037355676385e-09
1.6302433675553045 1.1639444886191317e-09
1.632806614941186 1.165183774914346e-09
1.6353698623270674 1.1664215998783752e-09
1.6379331097129488 1.1676579689025149e-09
1.6404963570988302 1.1688928873447175e-09
1.6430596044847117 1.1701263605299292e-09
1.645622851870593 1.1713583937501691e-09
1.648186099256474 1.1725889922650406e-09
1.6507493466423555 1.1738181613018432e-09
1.653312594028237 1.17504590605594e-09
1.6558758414141184 1.176272231690964e-09
1.6584390887999998 1.177497143339173e-09
1.6610023361858812 1.1787206461016095e-09
1.6635655835717622 1.1799427450484168e-09
1.6661288309576436 1.1811634452191715e-09
1.668692078343525 1.1823827516229476e-09
1.6712553257294065 1.1836006692387891e-09
1.673818573115288 1.184817203015828e-09
1.6763818205011694 1.1860323578735762e-09
