0.0 1.1468691378539207e-12
0.002400956535921948 1.1952010404086229e-12
0.004801913071843896 1.2446013768622784e-12
0.0072028696077658435 1.295034260092956e-12
0.009603826143687792 1.3464604468252127e-12
0.01200478267960974 1.3988374293851882e-12
0.014405739215531687 1.4521195530518431e-12
0.016806695751453635 1.5062581489563956e-12
0.019207652287375584 1.561085040402218e-12
0.021608608823297532 1.6167676894819557e-12
0.02400956535921948 1.6731431332618356e-12
0.02641052189514143 1.7301521851318145e-12
0.028811478431063374 1.7877335311536744e-12
0.031212434966985322 1.8458239566994826e-12
0.03361339150290727 1.9043585778769913e-12
0.03601434803882922 1.9632710845647857e-12
0.03841530457475117 2.022493996913791e-12
0.040816261110673116 2.0819589249642413e-12
0.043217217646595064 2.141596840181362e-12
0.04561817418251701 2.2013383608461415e-12
0.04801913071843896 2.2611140268374357e-12
0.05042008725436091 2.3208546069169315e-12
0.05282104379028286 2.3804913826498972e-12
0.055222000326204806 2.4399564635586397e-12
0.05762295686212675 2.4991830904789133e-12
0.060023913398048696 2.558105955912236e-12
0.062424869933970645 2.616661511578639e-12
0.0648258264698926 2.6747882933080927e-12
0.06722678300581454 2.7387612067006777e-12
0.0696277395417365 2.796350690413829e-12
0.07202869607765844 2.8533694831277043e-12
0.0744296526135804 2.901868660946283e-12
0.07683060914950234 2.95702420849433e-12
0.07923156568542428 3.011443175207264e-12
0.08163252222134623 3.0650871514533727e-12
0.08403347875726817 3.1179220528991247e-12
0.08643443529319013 3.1699183647165166e-12
0.08883539182911207 3.2210512567431766e-12
0.09123634836503403 3.2713007663406368e-12
0.09363730490095597 3.3206518330102093e-12
0.09603826143687792 3.369094407386988e-12
0.09843921797279986 3.41662334917062e-12
0.10084017450872182 3.46323844706632e-12
0.10324113104464376 3.5089442427682247e-12
0.10564208758056572 3.553749971598684e-12
0.10804304411648766 3.597669272443999e-12
0.11044400065240961 3.640720052069135e-12
0.11284495718833155 3.682924077995032e-12
0.1152459137242535 3.724306791255013e-12
0.11764687026017545 3.7648968447856235e-12
0.12004782679609739 3.804725878277029e-12
0.12244878333201935 3.843828031983417e-12
0.12484973986794129 3.88223974463948e-12
0.12725069640386324 3.919999190556692e-12
0.1296516529397852 3.957146054342666e-12
0.13205260947570713 3.993721015490901e-12
0.13445356601162908 4.029765644822695e-12
0.13685452254755104 4.0653219397184045e-12
0.139255479083473 4.099503660732977e-12
0.14165643561939492 4.13418697457151e-12
0.14405739215531688 4.174429863357562e-12
0.14645834869123883 4.208578895347572e-12
0.1488593052271608 4.242443496109658e-12
0.15126026176308272 4.276063391557365e-12
0.15366121829900467 4.3094776422008894e-12
0.15606217483492663 4.34272440314486e-12
0.15846313137084855 4.375841042715151e-12
0.1608640879067705 4.408863897188976e-12
0.16326504444269246 4.441828457522697e-12
0.16566600097861442 4.474769207281258e-12
0.16806695751453635 4.507719044027574e-12
0.1704679140504583 4.540709313005001e-12
0.17286887058638026 4.566421174772153e-12
0.1752698271223022 4.5994934323826215e-12
0.17767078365822414 4.63270045421236e-12
0.1800717401941461 4.666070824039439e-12
0.18247269673006805 4.6996325289922774e-12
0.18487365326599 4.733413185844779e-12
0.18727460980191193 4.767440167346102e-12
0.1896755663378339 4.8017406811522104e-12
0.19207652287375584 4.8363420846632624e-12
0.19447747940967777 4.871271962574619e-12
0.19687843594559973 4.906558254549647e-12
0.19927939248152168 4.9422292056821875e-12
0.20168034901744364 4.978313294380811e-12
0.20408130555336557 5.014838907995199e-12
0.20648226208928752 5.051834036382968e-12
0.20888321862520948 5.089325956079202e-12
0.21128417516113143 5.127341273073684e-12
0.21368513169705336 5.1659058630529135e-12
0.21608608823297532 5.205045274295694e-12
0.21848704476889727 5.2447848910431524e-12
0.22088800130481923 5.28515028760858e-12
0.22328895784074115 5.326167429741321e-12
0.2256899143766631 5.367862931279805e-12
0.22809087091258506 5.410264144968309e-12
0.230491827448507 5.453399460366085e-12
0.23289278398442895 5.497298172639623e-12
0.2352937405203509 5.54199099405011e-12
0.23769469705627286 5.587509696768741e-12
0.24009565359219479 5.633887750053593e-12
0.24249661012811674 5.681159961652744e-12
0.2448975666640387 5.729363000569699e-12
0.24729852319996065 5.778535262939983e-12
0.24969947973588258 5.828717173689954e-12
0.25210043627180456 5.879951272342381e-12
0.2545013928077265 5.932282458359792e-12
0.2569023493436484 5.985758440597187e-12
0.2593033058795704 6.040428171962896e-12
0.26170426241549233 6.096341028729347e-12
0.26410521895141426 6.153563688598012e-12
0.26650617548733624 6.212162864151111e-12
0.26890713202325817 6.272165473494588e-12
0.2713080885591801 6.3336261470472255e-12
0.2737090450951021 6.396683160448327e-12
0.276110001631024 6.461455640009445e-12
0.278510958166946 6.527930459843251e-12
0.2809119147028679 6.596073448841549e-12
0.28331287123878984 6.666178901810861e-12
0.2857138277747118 6.7381515886605405e-12
0.28811478431063375 6.812540329320595e-12
0.2905157408465557 6.888912890294623e-12
0.29291669738247766 6.9676334488487635e-12
0.2953176539183996 7.048841130009979e-12
0.2977186104543216 7.132610590369346e-12
0.3001195669902435 7.219079927914747e-12
0.30252052352616543 7.308654318122332e-12
0.3049214800620874 7.400909916681288e-12
0.30732243659800934 7.496534639737853e-12
0.30972339313393127 7.595597990210962e-12
0.31212434966985325 7.69828617828478e-12
0.3145253062057752 7.804780492590145e-12
0.3169262627416971 7.915504857519207e-12
0.3193272192776191 8.030251780317134e-12
0.321728175813541 8.149723274138173e-12
0.324129132349463 8.27407482328954e-12
0.32653008888538493 8.403607172975704e-12
0.32893104542130686 8.538656582126214e-12
0.33133200195722884 8.679580052421196e-12
0.33373295849315077 8.82676207344677e-12
0.3361339150290727 8.980615394806476e-12
0.3385348715649947 9.141584361349232e-12
0.3409358281009166 9.310150549566104e-12
0.3433367846368386 9.486810889123481e-12
0.3457377411727605 9.672155697597272e-12
0.34813869770868244 9.866730721046042e-12
0.3505396542446044 1.0071189237581979e-11
0.35294061078052635 1.0286264952894704e-11
0.3553415673164483 1.0512643082212599e-11
0.35774252385237026 1.075113787301079e-11
0.3601434803882922 1.1002605382657762e-11
0.3625444369242141 1.1267966630291277e-11
0.3649453934601361 1.1548212234208647e-11
0.36734634999605803 1.1844407576819058e-11
0.36974730653198 1.2157698287478837e-11
0.37214826306790194 1.2489316082639799e-11
0.37454921960382387 1.2840584906812034e-11
0.37695017613974585 1.3212927456292607e-11
0.3793511326756678 1.3607872533879339e-11
0.3817520892115897 1.4027061284568974e-11
0.3841530457475117 1.4472700553372274e-11
0.3865540022834336 1.4945360130246064e-11
0.38895495881935555 1.5448367409903672e-11
0.39135591535527753 1.5983487100914696e-11
0.39375687189119946 1.655306978995086e-11
0.39615782842712144 1.715951222682819e-11
0.39855878496304337 1.7805583312308077e-11
0.4009597414989653 1.8494104390690434e-11
0.4033606980348873 1.9228119326876873e-11
0.4057616545708092 2.001089474863979e-11
0.40816261110673113 2.0845889019644185e-11
0.4105635676426531 2.173680126503204e-11
0.41296452417857504 2.2687560988081835e-11
0.415365480714497 2.3702345271391192e-11
0.41776643725041895 2.4785582930758086e-11
0.4201673937863409 2.5941964947473533e-11
0.42256835032226286 2.717645285831752e-11
0.4249693068581848 2.8493559339597846e-11
0.4273702633941067 2.990068149851888e-11
0.4297712199300287 3.140174066287631e-11
0.43217217646595063 3.300436431041502e-11
0.43457313300187256 3.47135121388487e-11
0.43697408953779454 3.6536373528468326e-11
0.43937504607371647 3.847984179402441e-11
0.44177600260963845 4.055106004954774e-11
0.4441769591455604 4.275741243462031e-11
0.4465779156814823 4.510648320983195e-11
0.4489788722174043 4.760605780508712e-11
0.4513798287533262 5.026406783933043e-11
0.45378078528924815 5.308856108316637e-11
0.45618174182517013 5.6087671609182645e-11
0.45858269836109206 5.928951258241606e-11
0.460983654897014 6.266255773783194e-11
0.46338461143293597 6.621406020681906e-11
0.4657855679688579 7.001341741060176e-11
0.4681865245047799 7.400682897481894e-11
0.4705874810407018 7.822219661223766e-11
0.47298843757662373 8.266657696986324e-11
0.4753893941125457 8.73465982498854e-11
0.47779035064846764 9.226838832151864e-11
0.48019130718438957 9.743750353804011e-11
0.48259226372031155 1.028588622983416e-10
0.4849932202562335 1.0853666721810248e-10
0.48739417679215546 1.1445064486591522e-10
0.4897951333280774 1.2067460134024906e-10
0.4921960898639993 1.2711460576938545e-10
0.4945970463999213 1.3384386914547026e-10
0.49699800293584323 1.4083821590095032e-10
0.49939895947176516 1.4809664208483998e-10
0.5017999160076871 1.5561719238323457e-10
0.5042008725436091 1.633969639563647e-10
0.506601829079531 1.7143211567106424e-10
0.509002785615453 1.7971789376468375e-10
0.511403742151375 1.8834215247708936e-10
0.5138046986872968 1.9701789192862058e-10
0.5162056552232188 2.0601830773983222e-10
0.5186066117591408 2.152418251411853e-10
0.5210075682950627 2.2467967197741134e-10
0.5234085248309847 2.343223423480187e-10
0.5258094813669066 2.441598408060651e-10
0.5282104379028285 2.541814687699845e-10
0.5306113944387505 2.6437615329041046e-10
0.5330123509746725 2.747322633167924e-10
0.5354133075105943 2.8523780829014825e-10
0.5378142640465163 2.9588040139204456e-10
0.5402152205824383 3.066536360618419e-10
0.5426161771183602 3.175320405543922e-10
0.5450171336542822 3.2850182751628137e-10
0.5474180901902042 3.395625627646369e-10
0.5498190467261261 3.506939835969444e-10
0.552220003262048 3.618820759359369e-10
0.55462095979797 3.731125935699506e-10
0.557021916333892 3.843710555437752e-10
0.5594228728698138 3.956427327592182e-10
0.5618238294057358 4.069126260533836e-10
0.5642247859416578 4.1816543586311137e-10
0.5666257424775797 4.293855226366297e-10
0.5690266990135017 4.4055685762432327e-10
0.5714276555494237 4.5166297417676306e-10
0.5738286120853455 4.6268685357322194e-10
0.5762295686212675 4.736109495191777e-10
0.5786305251571895 4.844170165183246e-10
0.5810314816931114 4.950861352773498e-10
0.5834324382290333 5.055986901216382e-10
0.5858333947649553 5.159345727018628e-10
0.5882343513008772 5.260735698344183e-10
0.5906353078367992 5.359963842344795e-10
0.5930362643727212 5.456863092409583e-10
0.5954372209086431 5.551315412334404e-10
0.597838177444565 5.64327150791273e-10
0.600239133980487 5.732753890692809e-10
0.602640090516409 5.819840775823063e-10
0.6050410470523309 5.904642416880149e-10
0.6074420035882528 5.987281346381932e-10
0.6098429601241748 6.067810756813003e-10
0.6122439166600967 6.146452272648571e-10
0.6146448731960187 6.223426182880712e-10
0.6170458297319407 6.298582199141961e-10
0.6194467862678625 6.372120391833911e-10
0.6218477428037845 6.444125743625426e-10
0.6242486993397065 6.514676160407921e-10
0.6266496558756284 6.583843186919627e-10
0.6290506124115504 6.65169267107004e-10
0.6314515689474723 6.718285339540997e-10
0.6338525254833942 6.783677566036443e-10
0.6362534820193162 6.847921165829555e-10
0.6386544385552382 6.911064852300686e-10
0.6410553950911602 6.973154108385727e-10
0.643456351627082 7.034229828579986e-10
0.645857308163004 7.094332676650921e-10
0.648258264698926 7.15349939519282e-10
0.6506592212348479 7.211764504819913e-10
0.6530601777707699 7.269160891415357e-10
0.6554611343066918 7.325719270633968e-10
0.6578620908426137 7.381468716748934e-10
0.6602630473785357 7.436436830219817e-10
0.6626640039144577 7.490649497942697e-10
0.6650649604503795 7.544131523432925e-10
0.6674659169863015 7.596906221518893e-10
0.6698668735222235 7.649000393248399e-10
0.6722678300581454 7.700421673026866e-10
0.6746687865940674 7.751203710156522e-10
0.6770697431299894 7.801361202193679e-10
0.6794706996659112 7.850912466049726e-10
0.6818716562018332 7.899874989523613e-10
0.6842726127377552 7.948265489836724e-10
0.6866735692736772 7.996099942296701e-10
0.689074525809599 8.043393675404697e-10
0.691475482345521 8.090164328540185e-10
0.693876438881443 8.136416946515377e-10
0.6962773954173649 8.182173980990546e-10
0.6986783519532869 8.227445483688124e-10
0.7010793084892089 8.27224378479667e-10
0.7034802650251307 8.316580833270085e-10
0.7058812215610527 8.360468254609249e-10
0.7082821780969747 8.403916882437551e-10
0.7106831346328966 8.44693760633747e-10
0.7130840911688185 8.489540924312507e-10
0.7154850477047405 8.531735568832481e-10
0.7178860042406624 8.573532020098844e-10
0.7202869607765844 8.614940073589504e-10
0.7226879173125064 8.655967226931747e-10
0.7250888738484282 8.696622925557219e-10
0.7274898303843502 8.736915307141324e-10
0.7298907869202722 8.776852257937479e-10
0.7322917434561941 8.816441567325453e-10
0.7346926999921161 8.855690948136664e-10
0.737093656528038 8.89460716876177e-10
0.73949461306396 8.933197621266436e-10
0.7418955695998819 8.971469001326921e-10
0.7442965261358039 9.009427897320353e-10
0.7466974826717259 9.047081005081651e-10
0.7490984392076477 9.084433551954464e-10
0.7514993957435697 9.121492452319637e-10
0.7539003522794917 9.158263309396199e-10
0.7563013088154136 9.194752369318406e-10
0.7587022653513356 9.230963052832059e-10
0.7611032218872575 9.266902853085568e-10
0.7635041784231794 9.302576089819844e-10
0.7659051349591014 9.337987905392939e-10
0.7683060914950234 9.373177819325684e-10
0.7707070480309453 9.408046549191328e-10
0.7731080045668672 9.442702762335862e-10
0.7755089611027892 9.477116226202722e-10
0.7779099176387111 9.511291341545873e-10
0.7803108741746331 9.545233683345122e-10
0.7827118307105551 9.578943380941366e-10
0.785112787246477 9.61243886722644e-10
0.7875137437823989 9.645691539060286e-10
0.7899147003183209 9.678736405331123e-10
0.7923156568542429 9.711567499944622e-10
0.7947166133901648 9.744187301107158e-10
0.7971175699260867 9.77659854508004e-10
0.7995185264620087 9.80880689123617e-10
0.8019194829979306 9.840814733992802e-10
0.8043204395338526 9.872625391602854e-10
0.8067213960697746 9.904242393544464e-10
0.8091223526056964 9.935667904001208e-10
0.8115233091416184 9.966934396605011e-10
0.8139242656775404 9.99796456034456e-10
0.8163252222134623 1.002883427071197e-09
0.8187261787493842 1.00595210551163e-09
0.8211271352853062 1.0090036532411249e-09
0.8235280918212281 1.012037816387348e-09
0.8259290483571501 1.0150548665021705e-09
0.8283300048930721 1.0180550793162623e-09
0.830730961428994 1.021038716080581e-09
0.8331319179649159 1.0240060074533887e-09
0.8355328745008379 1.0269571757952195e-09
0.8379338310367599 1.0298924689167738e-09
0.8403347875726818 1.0328121360820825e-09
0.8427357441086037 1.0357163919364518e-09
0.8451367006445257 1.0386054471999713e-09
0.8475376571804476 1.0414795263045348e-09
0.8499386137163696 1.0443388414577885e-09
0.8523395702522916 1.0471835970588388e-09
0.8547405267882134 1.0500134652346213e-09
0.8571414833241354 1.0528302385606468e-09
0.8595424398600574 1.0556325142977238e-09
0.8619433963959793 1.0584210098816304e-09
0.8643443529319013 1.061195933869753e-09
0.8667453094678232 1.063957462443052e-09
0.8691462660037451 1.0667057241324613e-09
0.8715472225396671 1.0694409150056945e-09
0.8739481790755891 1.0721632914703608e-09
0.8763491356115111 1.0748730077392362e-09
0.8787500921474329 1.0775701061825537e-09
0.8811510486833549 1.0802547044127403e-09
0.8835520052192769 1.0829271049914558e-09
0.8859529617551988 1.0855876410888534e-09
0.8883539182911208 1.0882361231205937e-09
0.8907548748270427 1.0908728529208672e-09
0.8931558313629646 1.0934979518844384e-09
0.8955567878988866 1.0961115625762585e-09
0.8979577444348086 1.0987138505926387e-09
0.9003587009707305 1.1013049336534563e-09
0.9027596575066524 1.1038849473053628e-09
0.9051606140425744 1.1064540406078266e-09
0.9075615705784963 1.1090123296533808e-09
0.9099625271144183 1.1115599484920665e-09
0.9123634836503403 1.1140970254404718e-09
0.9147644401862621 1.1166236804261249e-09
0.9171653967221841 1.1191400378875334e-09
0.9195663532581061 1.1216462163232654e-09
0.921967309794028 1.1241423334461211e-09
0.92436826632995 1.1266282090768796e-09
0.9267692228658719 1.1291048430430666e-09
0.9291701794017939 1.1315714605933182e-09
0.9315711359377158 1.1340284646557445e-09
0.9339720924736378 1.1364759686235082e-09
0.9363730490095598 1.1389140693182664e-09
0.9387740055454816 1.1413428747099286e-09
0.9411749620814036 1.143762500274677e-09
0.9435759186173256 1.1461730167042053e-09
0.9459768751532475 1.1485745417358013e-09
0.9483778316891694 1.1509671859337715e-09
0.9507787882250914 1.153351025051728e-09
0.9531797447610133 1.1557261361585632e-09
0.9555807012969353 1.1580923304356484e-09
0.9579816578328573 1.160450663568711e-09
0.9603826143687791 1.1628002111814772e-09
0.9627835709047011 1.1651414432411976e-09
0.9651845274406231 1.1674744031368584e-09
0.967585483976545 1.1697991880410681e-09
0.969986440512467 1.1721158766757418e-09
0.972387397048389 1.1744245829138735e-09
0.9747883535843109 1.176725355189957e-09
0.9771893101202328 1.1790182667115516e-09
0.9795902666561548 1.1813034368269369e-09
0.9819912231920768 1.1835804906173574e-09
0.9843921797279986 1.1858507557927525e-09
0.9867931362639206 1.1881130792704772e-09
0.9891940927998426 1.1903679325563932e-09
0.9915950493357645 1.1926153876896545e-09
0.9939960058716865 1.1948555387568343e-09
0.9963969624076084 1.19708842504827e-09
0.9987979189435303 1.1993141560399644e-09
1.0011988754794523 1.2015327839330404e-09
1.0035998320153743 1.2037443084624088e-09
1.0060007885512963 1.205948895916805e-09
1.0084017450872182 1.2081465116785722e-09
1.01080270162314 1.2103373462912151e-09
1.013203658159062 1.2125213729970935e-09
1.015604614694984 1.2146986556082737e-09
1.018005571230906 1.2168692995134329e-09
1.020406527766828 1.2190331046166485e-09
1.02280748430275 1.221190804490099e-09
1.0252084408386717 1.2233418219235552e-09
1.0276093973745937 1.2254863993441804e-09
1.0300103539105157 1.2276246082403825e-09
1.0324113104464376 1.2297564686863405e-09
1.0348122669823596 1.2318821464401639e-09
1.0372132235182816 1.234001587200931e-09
1.0396141800542034 1.236114875332303e-09
1.0420151365901253 1.2382220855294663e-09
1.0444160931260473 1.240323250510417e-09
1.0468170496619693 1.2424184298908723e-09
1.0492180061978913 1.2445071806600888e-09
1.0516189627338133 1.2465910395698169e-09
1.0540199192697353 1.2486685723939962e-09
1.056420875805657 1.250740323617362e-09
1.058821832341579 1.2528063228802364e-09
1.061222788877501 1.2548666807851862e-09
1.063623745413423 1.256921383870514e-09
1.066024701949345 1.2589704920780483e-09
1.068425658485267 1.2610140735456302e-09
1.0708266150211887 1.2630521601919169e-09
1.0732275715571107 1.2650847881924668e-09
1.0756285280930327 1.2671120195112807e-09
1.0780294846289546 1.2691338900114375e-09
1.0804304411648766 1.2711504444188028e-09
1.0828313977007986 1.2731617263457175e-09
1.0852323542367204 1.2751677777904838e-09
1.0876333107726424 1.2771686392315215e-09
1.0900342673085643 1.2791643568954749e-09
1.0924352238444863 1.2811549636177222e-09
1.0948361803804083 1.2831405031102942e-09
1.0972371369163303 1.2851210157139732e-09
1.0996380934522523 1.2870965390567266e-09
1.102039049988174 1.2890671118135574e-09
1.104440006524096 1.2910327715519198e-09
1.106840963060018 1.2929935553713755e-09
1.10924191959594 1.2949494894568663e-09
1.111642876131862 1.2969006428297418e-09
1.114043832667784 1.2988470186163066e-09
1.1164447892037057 1.3007886626719024e-09
1.1188457457396277 1.3027255849952604e-09
1.1212467022755497 1.3046578959149517e-09
1.1236476588114717 1.306585553479449e-09
1.1260486153473936 1.3085086166522033e-09
1.1284495718833156 1.3104271186232466e-09
1.1308505284192374 1.3123410921878883e-09
1.1332514849551594 1.3142505696974425e-09
1.1356524414910814 1.3161550640167455e-09
1.1380533980270033 1.31805616417094e-09
1.1404543545629253 1.3199516547145633e-09
1.1428553110988473 1.321844153268963e-09
1.1452562676347693 1.3237316233848486e-09
1.147657224170691 1.3256147821982707e-09
1.150058180706613 1.3274936180273433e-09
1.152459137242535 1.3293682909709253e-09
1.154860093778457 1.3312384142153161e-09
1.157261050314379 1.3331049025999974e-09
1.159662006850301 1.3349669534985092e-09
1.1620629633862227 1.3368248796732551e-09
1.1644639199221447 1.338678686541896e-09
1.1668648764580667 1.3405283692229613e-09
1.1692658329939887 1.3423740873080369e-09
1.1716667895299107 1.3442157338254876e-09
1.1740677460658326 1.3460520582623814e-09
1.1764687026017544 1.3478870598457049e-09
1.1788696591376764 1.3497167906454138e-09
1.1812706156735984 1.3515426008964364e-09
1.1836715722095204 1.3533519000278639e-09
1.1860725287454423 1.3551825745265481e-09
1.1884734852813643 1.356996772595664e-09
1.1908744418172863 1.3588071837634183e-09
1.193275398353208 1.3606137930095242e-09
1.19567635488913 1.3624166365873674e-09
1.198077311425052 1.3642157436150315e-09
