0.5038716357254187 nan
0.5063688869564299 1.5552731996820005e-16
0.5088661381874411 3.1863734791232524e-16
0.5113633894184523 4.898918220612079e-16
0.5138606406494635 6.698977183700462e-16
0.5163578918804747 8.593110339164977e-16
0.5188551431114858 1.0588408903717768e-15
0.521352394342497 1.2692539845279207e-15
0.5238496455735082 1.4913794150945052e-15
0.5263468968045194 1.7261139173868928e-15
0.5288441480355306 1.9744275401263996e-15
0.5313413992665418 2.2373698013728155e-15
0.533838650497553 2.516076363632606e-15
0.5363359017285642 2.811776271436626e-15
0.5388331529595753 3.1257997981842497e-15
0.5413304041905864 3.4595869528193755e-15
0.5438276554215977 3.814696700955752e-15
0.5463249066526088 4.192816959420459e-15
0.54882215788362 4.607494987040037e-15
0.5513194091146312 5.037913159278821e-15
0.5538166603456424 5.497291366606154e-15
0.5563139115766536 5.9879510903307035e-15
0.5588111628076647 6.51240674759089e-15
0.5613084140386759 7.0733818515014755e-15
0.5638056652696871 7.684831123188383e-15
0.5663029165006983 8.328391780228645e-15
0.5688001677317095 9.018078760951015e-15
0.5712974189627207 9.757641975344657e-15
0.5737946701937319 1.0551143556377384e-14
0.5762919214247431 1.1412356076646897e-14
0.5787891726557542 1.2327618502558299e-14
0.5812864238867654 1.3311148952305514e-14
0.5837836751177766 1.4368539949452015e-14
0.5862809263487878 1.5505848803844237e-14
0.588778177579799 1.6737381404366334e-14
0.5912754288108102 1.8054974165420333e-14
0.5937726800418214 1.947384303704219e-14
0.5962699312728326 2.100231842384158e-14
0.5987671825038438 2.267026848867183e-14
0.6012644337348549 2.4446294450817467e-14
0.6037616849658661 2.636127719796476e-14
0.6062589361968773 2.8404005994885858e-14
0.6087561874278885 3.0631595959654007e-14
0.6112534386588997 3.3035344144605174e-14
0.6137506898899109 3.5629734033070266e-14
0.6162479411209221 3.8430429196553415e-14
0.6187451923519331 4.147949094293903e-14
0.6212424435829444 4.474550820316752e-14
0.6237396948139555 4.827285912121292e-14
0.6262369460449668 5.2082919695387314e-14
0.6287341972759779 5.6198777740504226e-14
0.6312314485069892 6.064536190595895e-14
0.6337286997380003 6.544957905968382e-14
0.6362259509690115 7.061136733975236e-14
0.6387232022000227 7.623988966792956e-14
0.6412204534310338 8.231161696437327e-14
0.643717704662045 8.886049957430622e-14
0.6462149558930562 9.593667559594665e-14
0.6487122071240674 1.0358231072526512e-13
0.6512094583550786 1.1184276461530465e-13
0.6537067095860898 1.2076680124852528e-13
0.656203960817101 1.3040680763016264e-13
0.6587012120481122 1.4081902000117648e-13
0.6611984632791233 1.520637564546562e-13
0.6636957145101345 1.6420565445516275e-13
0.6661929657411457 1.7731391129191381e-13
0.6686902169721569 1.91462524926915e-13
0.6711874682031681 2.067305320072149e-13
0.6736847194341793 2.2319584586057723e-13
0.6761819706651905 2.4096023996102903e-13
0.6786792218962017 2.5991430971730794e-13
0.6811764731272129 2.805561965236811e-13
0.683673724358224 3.0299793059567705e-13
0.6861709755892352 3.2694984848370034e-13
0.6886682268202464 3.527322404096421e-13
0.6911654780512576 3.8047070239120683e-13
0.6936627292822688 4.1029673633770654e-13
0.6961599805132799 4.423474627562434e-13
0.6986572317442912 4.767651688399448e-13
0.7011544829753023 5.136966497645312e-13
0.7036517342063136 5.532922906349342e-13
0.7061489854373246 5.957048232035125e-13
0.7086462366683359 6.410803347231232e-13
0.711143487899347 6.895806643007173e-13
0.7136407391303583 7.413545615612018e-13
0.7161379903613694 7.965380940850422e-13
0.7186352415923806 8.552634962548445e-13
0.7211324928233918 9.176292125383433e-13
0.723629744054403 9.837217405395664e-13
0.7261269952854141 1.0535857985944363e-12
0.7286242465164253 1.1272153684136558e-12
0.7311214977474365 1.2045351766439636e-12
0.7336187489784477 1.2853750892326394e-12
0.7361160002094589 1.3694334168586472e-12
0.7386132514404701 1.4562215016648033e-12
0.7411105026714813 1.5449730714782939e-12
0.7436077539024925 1.6344869655610048e-12
0.7461050051335036 1.7224161230691513e-12
0.7486022563645148 1.8045486212704917e-12
0.751099507595526 1.8767483451902007e-12
0.7535967588265372 1.943621008803132e-12
0.7560940100575484 2.0066284692680057e-12
0.7585912612885596 2.066575130795411e-12
0.7610885125195708 2.1239483130161073e-12
0.763585763750582 2.1791147805253483e-12
0.7660830149815931 2.232346095749024e-12
0.7685802662126042 2.2838552710580684e-12
0.7710775174436155 2.3338143360955174e-12
0.7735747686746266 2.3823653668140036e-12
0.7760720199056379 2.429627806330351e-12
0.778569271136649 2.4756737423709413e-12
0.7810665223676603 2.520648718166934e-12
0.7835637735986714 2.5646014942442877e-12
0.7860610248296827 2.6075800361785015e-12
0.7885582760606937 2.649703057257637e-12
0.791055527291705 2.691006463899652e-12
0.7935527785227161 2.7314779475412743e-12
0.7960500297537274 2.771199594099555e-12
0.7985472809847385 2.810210722219132e-12
0.8010445322157498 2.8485471570835385e-12
0.8035417834467609 2.88624166956107e-12
0.806039034677772 2.9233243445809372e-12
0.8085362859087832 2.9598228925182845e-12
0.8110335371397944 2.9957629142496908e-12
0.8135307883708056 3.0311681282210486e-12
0.8160280396018168 3.0660605661218627e-12
0.818525290832828 3.1004607424253782e-12
0.8210225420638392 3.134387802028456e-12
0.8235197932948504 3.1678596494221134e-12
0.8260170445258616 3.2008930621993678e-12
0.8285142957568727 3.2335037912059663e-12
0.8310115469878839 3.2657066492447335e-12
0.8335087982188951 3.2975155899236393e-12
0.8360060494499063 3.3289437779803805e-12
0.8385033006809175 3.360003652204098e-12
0.8410005519119287 3.3907069819030137e-12
0.8434978031429399 3.421064917725142e-12
0.845995054373951 3.451088037519143e-12
0.8484923056049622 3.480786387827559e-12
0.8509895568359733 3.510169521517089e-12
0.8534868080669846 3.5392465319882875e-12
0.8559840592979957 3.5680260843419107e-12
0.858481310529007 3.5965164438360246e-12
0.8609785617600181 3.624725501919216e-12
0.8634758129910294 3.6526608000954654e-12
0.8659730642220405 3.680329551842615e-12
0.8684703154530518 3.707738662777541e-12
0.8709675666840628 3.7348947492450155e-12
0.8734648179150741 3.761804155478933e-12
0.8759620691460852 3.7884729694761376e-12
0.8784593203770965 3.8149070376991715e-12
0.8809565716081076 3.841111978722311e-12
0.8834538228391188 3.867093195911652e-12
0.88595107407013 3.892855889231768e-12
0.8884483253011412 3.918405066250949e-12
0.8909455765321523 3.943745552425719e-12
0.8934428277631635 3.968650927134849e-12
0.8959400789941747 3.9935786488586306e-12
0.8984373302251859 4.0183107307361495e-12
0.9009345814561971 4.042851330960693e-12
0.9034318326872083 4.067204465468446e-12
0.9059290839182195 4.091374014719012e-12
0.9084263351492307 4.11536373005969e-12
0.9109235863802418 4.139177239705895e-12
0.913420837611253 4.162818054364695e-12
0.9159180888422642 4.186289572528279e-12
0.9184153400732754 4.209595085460408e-12
0.9209125913042866 4.232737781898361e-12
0.9234098425352978 4.2557207524897345e-12
0.925907093766309 4.2785469939821884e-12
0.92840434499732 4.301219413183479e-12
0.9309015962283314 4.3237408307064e-12
0.9333988474593424 4.346113984513664e-12
0.9358960986903537 4.368341533276247e-12
0.9383933499213648 4.390426059554056e-12
0.9408906011523761 4.412370072815983e-12
0.9433878523833872 4.434176012303592e-12
0.9458851036143985 4.4558462497513285e-12
0.9483823548454096 4.477383091972074e-12
0.9508796060764209 4.498788783315243e-12
0.9533768573074319 4.520065508004913e-12
0.9558741085384432 4.541215392366695e-12
0.9583713597694543 4.56224050694767e-12
0.9608686110004656 4.583142869079868e-12
0.9633658622314767 4.603924442642109e-12
0.9658631134624879 4.624587142589261e-12
0.9683603646934991 4.6451328367485735e-12
0.9708576159245103 4.665546298444034e-12
0.9733548671555214 4.685863355546587e-12
0.9758521183865326 4.7060687335819015e-12
0.9783493696175438 4.726164122362079e-12
0.980846620848555 4.746151171134175e-12
0.9833438720795662 4.7660314899209635e-12
0.9858411233105774 4.785806650804992e-12
0.9883383745415886 4.8054781891587984e-12
0.9908356257725998 4.825047604824048e-12
0.993332877003611 4.844516363242226e-12
0.9958301282346221 4.863885896539268e-12
0.9983273794656333 4.883157604566422e-12
1.0008246306966444 4.902332855899545e-12
1.0033218819276557 4.9214129887987966e-12
1.005819133158667 4.940399312130684e-12
1.008316384389678 4.959293106254254e-12
1.0108136356206892 4.978095623873151e-12
1.0133108868517005 4.996808090855069e-12
1.0158081380827118 5.015449595190186e-12
1.0183053893137228 5.033985573770945e-12
1.020802640544734 5.052435025938998e-12
1.0232998917757452 5.070799077813533e-12
1.0257971430067563 5.089078832338989e-12
1.0282943942377676 5.107275369936036e-12
1.0307916454687787 5.125389749131493e-12
1.0332888966997897 5.143423007166516e-12
1.035786147930801 5.161376160583094e-12
1.0382833991618123 5.179250205787031e-12
1.0407806503928234 5.197046119595328e-12
1.0432779016238345 5.214764859762857e-12
1.0457751528548458 5.2324073654899195e-12
1.048272404085857 5.249974557915134e-12
1.0507696553168682 5.267467340588027e-12
1.0532669065478792 5.284886599931064e-12
1.0557641577788905 5.30223320567979e-12
1.0582614090099018 5.319508011313836e-12
1.060758660240913 5.336711854471889e-12
1.063255911471924 5.353845557352663e-12
1.0657531627029353 5.370909927103691e-12
1.0682504139339466 5.387905756194758e-12
1.0707476651649577 5.404833822788155e-12
1.0732449163959688 5.4216947373445e-12
1.07574216762698 5.4384895573457434e-12
1.0782394188579913 5.4552188669350504e-12
1.0807366700890024 5.471883390443957e-12
1.0832339213200135 5.488483839550303e-12
1.0857311725510248 5.505020914293482e-12
1.088228423782036 5.521495300507314e-12
1.0907256750130472 5.537907674389435e-12
1.0932229262440583 5.554258699921458e-12
1.0957201774750696 5.570549029848941e-12
1.0982174287060809 5.586779305940837e-12
1.100714679937092 5.602950158505883e-12
1.103211931168103 5.6190622095701846e-12
1.105709182399114 5.635116068718445e-12
1.1082064336301254 5.6511123362528555e-12
1.1107036848611367 5.66705160268522e-12
1.1132009360921478 5.6829344489513814e-12
1.1156981873231588 5.698761446626572e-12
1.1181954385541701 5.714533158130365e-12
1.1206926897851814 5.730250136920807e-12
1.1231899410161925 5.745912927692692e-12
1.1256871922472036 5.7615220665720565e-12
1.128184443478215 5.777078081284909e-12
1.1306816947092262 5.792581491347885e-12
1.1331789459402373 5.808032808244126e-12
1.1356761971712483 5.823432535576624e-12
1.1381734484022596 5.838781169250146e-12
1.140670699633271 5.854079197619097e-12
1.143167950864282 5.8693271016551964e-12
1.145665202095293 5.884525355093354e-12
1.1481624533263044 5.899674424565468e-12
1.1506597045573157 5.914774769765672e-12
1.1531569557883268 5.929826843600439e-12
1.1556542070193379 5.944831092283746e-12
1.1581514582503492 5.959787955492337e-12
1.1606487094813605 5.974697866537458e-12
1.1631459607123715 5.989561252397381e-12
1.1656432119433826 6.004378533929372e-12
1.168140463174394 6.019150125912935e-12
1.1706377144054052 6.033876437376065e-12
1.1731349656364163 6.048557871261171e-12
1.1756322168674274 6.0631948250320804e-12
1.1781294680984387 6.07778769065523e-12
1.18062671932945 6.092336854476746e-12
1.183123970560461 6.1068543376533395e-12
1.1856212217914721 6.121305593877833e-12
1.1881184730224832 6.135725916715783e-12
1.1906157242534945 6.1501040303710935e-12
1.1931129754845058 6.164440294987814e-12
1.1956102267155169 6.178735066453162e-12
1.198107477946528 6.192988695643067e-12
1.2006047291775392 6.207201528475075e-12
1.2031019804085505 6.221373906521675e-12
1.2055992316395616 6.235506166674256e-12
1.2080964828705727 6.249598641380101e-12
1.210593734101584 6.2636516587291296e-12
1.2130909853325953 6.277665542520775e-12
1.2155882365636064 6.291640612274432e-12
1.2180854877946174 6.305091593082465e-12
1.2205827390256287 6.318992595751545e-12
1.22307999025664 6.332855651213119e-12
1.2255772414876511 6.346681065210087e-12
1.2280744927186622 6.360469139508746e-12
1.2305717439496735 6.374220171975593e-12
1.2330689951806848 6.3879344566461385e-12
1.2355662464116959 6.4016122837938745e-12
1.238063497642707 6.415253939999329e-12
1.2405607488737183 6.4288597082140375e-12
1.2430580001047296 6.442429867827548e-12
1.2455552513357406 6.455964694726883e-12
1.2480525025667517 6.4694644613603304e-12
1.250549753797763 6.482929436794903e-12
1.2530470050287743 6.496359886777088e-12
1.2555442562597854 6.509756073787454e-12
1.2580415074907965 6.523118257099354e-12
1.2605387587218078 6.5364466928301235e-12
1.2630360099528188 6.54974163399604e-12
1.2655332611838301 6.563003330562664e-12
1.2680305124148412 6.5762320294992366e-12
1.2705277636458523 6.5894279748242485e-12
1.2730250148768636 6.60259140765651e-12
1.275522266107875 6.615722566261828e-12
1.278019517338886 6.62882168610019e-12
1.280516768569897 6.641888999870799e-12
1.2830140198009083 6.6549247375561384e-12
1.2855112710319196 6.667929126465965e-12
1.2880085222629307 6.6809023912814304e-12
1.2905057734939418 6.693844754094597e-12
1.293003024724953 6.7067564344511e-12
1.2955002759559644 6.719637649389589e-12
1.2979975271869755 6.73248861348019e-12
1.3004947784179866 6.745309538864483e-12
1.3029920296489979 6.7581006352934816e-12
1.3054892808800092 6.7708621101619386e-12
1.3079865321110202 6.783594168548353e-12
1.3104837833420313 6.796297013245998e-12
1.3129810345730426 6.8089708448022805e-12
1.315478285804054 6.821615861549723e-12
1.317975537035065 6.834232259639828e-12
1.320472788266076 6.846820233078029e-12
1.3229700394970874 6.859379973753716e-12
1.3254672907280987 6.871911671470926e-12
1.3279645419591097 6.884415513982861e-12
1.3304617931901208 6.89689168701804e-12
1.332959044421132 6.909340374312759e-12
1.3354562956521434 6.921761757640747e-12
1.3379535468831545 6.934156016839726e-12
1.3404507981141656 6.946523329840412e-12
1.3429480493451769 6.9588638726943176e-12
1.345445300576188 6.971177819601115e-12
1.3479425518071992 6.9834653429346805e-12
1.3504398030382103 6.99572661326945e-12
1.3529370542692214 7.007961799405513e-12
1.3554343055002327 7.020171068395496e-12
1.357931556731244 7.032354585566263e-12
1.360428807962255 7.04451251454665e-12
1.3629260591932661 7.056645017288523e-12
1.3654233104242774 7.068752254091875e-12
1.3679205616552887 7.0808343836270656e-12
1.3704178128862998 7.092891562957152e-12
1.372915064117311 7.104923947561246e-12
1.3754123153483222 7.11693169135455e-12
1.3779095665793335 7.128914946711794e-12
1.3804068178103446 7.14087386448661e-12
1.3829040690413557 7.152808594032501e-12
1.385401320272367 7.1647192832249264e-12
1.3878985715033783 7.176606078478172e-12
1.3903958227343893 7.188469124767401e-12
1.3928930739654004 7.20030856564712e-12
1.3953903251964117 7.2121245432706114e-12
1.397887576427423 7.223917198408283e-12
1.400384827658434 7.235686670464265e-12
1.4028820788894452 7.247433097498472e-12
1.4053793301204565 7.259156616240026e-12
1.4078765813514678 7.270857362107562e-12
1.4103738325824788 7.282535469225066e-12
1.41287108381349 7.294191070439519e-12
1.4153683350445012 7.30582429733618e-12
1.4178655862755125 7.31743528025634e-12
1.4203628375065236 7.32902414831213e-12
1.4228600887375347 7.340591029403504e-12
1.4253573399685457 7.35213605023306e-12
1.427854591199557 7.363659336321452e-12
1.4303518424305683 7.375161012021322e-12
1.4328490936615794 7.386641200534984e-12
1.4353463448925905 7.3981000239251e-12
1.4378435961236018 7.409537603132481e-12
1.440340847354613 7.420954057988366e-12
1.4428380985856242 7.432349507227603e-12
1.4453353498166353 7.443724068504707e-12
1.4478326010476466 7.45507785840447e-12
1.4503298522786578 7.466410992457661e-12
1.452827103509669 7.477723585152663e-12
1.45532435474068 7.489015749948264e-12
1.4578216059716913 7.500287599286236e-12
1.4603188572027026 7.511539244605411e-12
1.4628161084337137 7.522770796351089e-12
1.4653133596647248 7.533982363989211e-12
1.467810610895736 7.54517405601728e-12
1.4703078621267474 7.556345979976848e-12
1.4728051133577584 7.567498242463638e-12
1.4753023645887695 7.57863094914051e-12
1.4777996158197808 7.589744204747151e-12
1.480296867050792 7.600838113111544e-12
1.4827941182818032 7.611912777161622e-12
1.4852913695128143 7.62296829893467e-12
1.4877886207438256 7.63400477958869e-12
1.4902858719748369 7.645022319411585e-12
1.492783123205848 7.656021017833007e-12
1.495280374436859 7.667000973433602e-12
1.4977776256678703 7.67796228395415e-12
1.5002748768988816 7.688905046306533e-12
1.5027721281298927 7.699829356582275e-12
1.5052693793609038 7.71073531006296e-12
1.507766630591915 7.72162300122892e-12
1.5102638818229261 7.732492523768295e-12
1.5127611330539374 7.743343970587616e-12
1.5152583842849485 7.75417743381742e-12
1.5177556355159598 7.764993004825002e-12
1.520252886746971 7.775790774220274e-12
1.5227501379779822 7.786570831865463e-12
1.5252473892089933 7.797333266883155e-12
1.5277446404400046 7.808078167664951e-12
1.5302418916710157 7.818805621878988e-12
1.532739142902027 7.829515716479188e-12
1.535236394133038 7.840208537711964e-12
1.5377336453640493 7.85088417112468e-12
1.5402308965950604 7.861542701573268e-12
1.5427281478260717 7.872184213229958e-12
1.5452253990570828 7.882808789590734e-12
1.5477226502880939 7.893416513482801e-12
1.5502199015191052 7.904007467071376e-12
1.5527171527501162 7.914581731867912e-12
1.5552144039811275 7.92513938873623e-12
1.5577116552121386 7.935680517900625e-12
1.56020890644315 7.94620519895131e-12
1.562706157674161 7.956713510852009e-12
1.5652034089051723 7.967205531947585e-12
1.5677006601361834 7.977681339969162e-12
1.5701979113671947 7.988141012041733e-12
1.5726951625982057 7.998584624689414e-12
1.575192413829217 8.0090122538441e-12
1.5776896650602281 8.019423974848656e-12
1.5801869162912394 8.029819862466051e-12
1.5826841675222505 8.04019999088352e-12
1.5851814187532618 8.05056443371911e-12
1.5876786699842729 8.060913264028768e-12
1.5901759212152842 8.07124655430991e-12
1.5926731724462952 8.081564376509766e-12
1.5951704236773065 8.091866802029434e-12
1.5976676749083176 8.102153901730282e-12
1.600164926139329 8.112425745938473e-12
1.60266217737034 8.122682404452595e-12
1.6051594286013513 8.132923946546808e-12
1.6076566798323624 8.143150440977448e-12
1.6101539310633737 8.153361955988196e-12
1.6126511822943848 8.163558559315e-12
1.615148433525396 8.173740318191521e-12
1.6176456847564071 8.183907299354065e-12
1.6201429359874184 8.194059569046721e-12
1.6226401872184295 8.20419719302634e-12
1.6251374384494406 8.214320236567168e-12
1.6276346896804519 8.224428764466134e-12
1.630131940911463 8.234522841047378e-12
1.6326291921424743 8.244602530166727e-12
1.6351264433734853 8.254667895216814e-12
1.6376236946044966 8.264718999131298e-12
1.6401209458355077 8.27475590439004e-12
1.642618197066519 8.284778673022564e-12
1.64511544829753 8.294787366613539e-12
1.6476126995285414 8.304782046306195e-12
1.6501099507595525 8.314762772807896e-12
1.6526072019905638 8.324729606392563e-12
1.6551044532215748 8.334682606906849e-12
1.6576017044525861 8.344621833773123e-12
1.6600989556835972 8.354547345994125e-12
1.6625962069146085 8.364459202156217e-12
1.6650934581456196 8.37435746043443e-12
1.667590709376631 8.384242178595647e-12
1.670087960607642 8.394113414003464e-12
1.6725852118386533 8.403971223620822e-12
1.6750824630696644 8.413815664014552e-12
1.6775797143006757 8.423646791359099e-12
1.6800769655316867 8.433464661440322e-12
1.682574216762698 8.443269329658915e-12
1.685071467993709 8.453060851034178e-12
1.6875687192247204 8.46283928020748e-12
1.6900659704557315 8.472604671446685e-12
1.6925632216867428 8.48235707864788e-12
1.6950604729177539 8.492096555340677e-12
1.6975577241487652 8.501823154690328e-12
1.7000549753797762 8.51153692950215e-12
1.7025522266107873 8.521237932224296e-12
1.7050494778417986 8.530926214950784e-12
1.7075467290728097 8.54060182942572e-12
1.710043980303821 8.550264827045447e-12
1.712541231534832 8.559915258862362e-12
1.7150384827658434 8.569553175588076e-12
1.7175357339968544 8.579178627596505e-12
1.7200329852278657 8.58879166492668e-12
1.7225302364588768 8.598392337286054e-12
1.7250274876898881 8.607980694053559e-12
1.7275247389208992 8.617556784282194e-12
1.7300219901519105 8.627120656702535e-12
1.7325192413829216 8.636672359725686e-12
1.7350164926139329 8.646211941444986e-12
1.737513743844944 8.65573944964055e-12
1.7400109950759552 8.665254931780966e-12
1.7425082463069663 8.674758435025693e-12
1.7450054975379776 8.684250006229985e-12
1.7475027487689887 8.693729691944791e-12
1.75 8.703197538421338e-12
