0.0 6.546103690339531e-13
0.002400956535921948 6.775347123370198e-13
0.004801913071843896 7.006027023170115e-13
0.0072028696077658435 7.237746610979862e-13
0.009603826143687792 7.470101557535823e-13
0.01200478267960974 7.70268287902829e-13
0.014405739215531687 7.935080004466761e-13
0.016806695751453635 8.166883967630783e-13
0.019207652287375584 8.397690678207924e-13
0.021608608823297532 8.696511704556845e-13
0.02400956535921948 8.854740255087021e-13
0.02641052189514143 9.080229050745284e-13
0.028811478431063374 9.303218794726143e-13
0.031212434966985322 9.523378418679336e-13
0.03361339150290727 9.740400306347729e-13
0.03601434803882922 9.954002689688661e-13
0.03841530457475117 1.0163931710097957e-12
0.040816261110673116 1.0369963092984005e-12
0.043217217646595064 1.0571903414527436e-12
0.04561817418251701 1.0769590941552478e-12
0.04801913071843896 1.0962896006858977e-12
0.05042008725436091 1.1151720970688982e-12
0.05282104379028286 1.1335999718193235e-12
0.055222000326204806 1.1515696780118855e-12
0.05762295686212675 1.169080606257786e-12
0.060023913398048696 1.1861349263110146e-12
0.062424869933970645 1.2027373989352945e-12
0.0648258264698926 1.218895167183057e-12
0.06722678300581454 1.2377662266762681e-12
0.0696277395417365 1.2531922489260735e-12
0.07202869607765844 1.2682046573983495e-12
0.0744296526135804 1.2828173835202942e-12
0.07683060914950234 1.2970456030645346e-12
0.07923156568542428 1.3109055091506483e-12
0.08163252222134623 1.3244140942338243e-12
0.08403347875726817 1.337588937393378e-12
0.08643443529319013 1.3455819495946348e-12
0.08883539182911207 1.3580250840147636e-12
0.09123634836503403 1.3701935128300891e-12
0.09363730490095597 1.3821054091496742e-12
0.09603826143687792 1.3937787211427179e-12
0.09843921797279986 1.405231062415068e-12
0.10084017450872182 1.4164796413138037e-12
0.10324113104464376 1.4275411864055856e-12
0.10564208758056572 1.438431907798448e-12
0.10804304411648766 1.4491674469347232e-12
0.11044400065240961 1.4597628651690589e-12
0.11284495718833155 1.4702326081662961e-12
0.1152459137242535 1.480590515791317e-12
0.11764687026017545 1.4908498038373134e-12
0.12004782679609739 1.5010230893490635e-12
0.12244878333201935 1.5111223834702861e-12
0.12484973986794129 1.521159134218595e-12
0.12725069640386324 1.5311442125484146e-12
0.1296516529397852 1.5410879586054324e-12
0.13205260947570713 1.5510001769493352e-12
0.13445356601162908 1.5608901981427133e-12
0.13685452254755104 1.5707668753727285e-12
0.139255479083473 1.58063864488497e-12
0.14165643561939492 1.5905135022158962e-12
0.14405739215531688 1.6003990735580566e-12
0.14645834869123883 1.61030260231194e-12
0.1488593052271608 1.6202310186639339e-12
0.15126026176308272 1.6301909205833766e-12
0.15366121829900467 1.6401886546767412e-12
0.15606217483492663 1.6502302728746766e-12
0.15846313137084855 1.6603216054479743e-12
0.1608640879067705 1.670468232906424e-12
0.16326504444269246 1.6806755591091951e-12
0.16566600097861442 1.6909488355936226e-12
0.16806695751453635 1.701293121214e-12
0.1704679140504583 1.7117133616699712e-12
0.17286887058638026 1.722214336250205e-12
0.1752698271223022 1.7328007952386784e-12
0.17767078365822414 1.743477363637024e-12
0.1800717401941461 1.7542486210269499e-12
0.18247269673006805 1.7651190920687448e-12
0.18487365326599 1.7760932995634498e-12
0.18727460980191193 1.7871757796252867e-12
0.1896755663378339 1.7983710577386316e-12
0.19207652287375584 1.8096837402361912e-12
0.19447747940967777 1.821118496789506e-12
0.19687843594559973 1.8326800889766247e-12
0.19927939248152168 1.8443733425065188e-12
0.20168034901744364 1.8562031786987554e-12
0.20408130555336557 1.868174553915429e-12
0.20648226208928752 1.8802924462382007e-12
0.20888321862520948 1.8925617850147673e-12
0.21128417516113143 1.904987530449826e-12
0.21368513169705336 1.9175745722736007e-12
0.21608608823297532 1.930327872267127e-12
0.21848704476889727 1.943252410225235e-12
0.22088800130481923 1.9563532657556085e-12
0.22328895784074115 1.9696356232564167e-12
0.2256899143766631 1.983104811216745e-12
0.22809087091258506 1.9967663182082483e-12
0.230491827448507 2.0106258134444842e-12
0.23289278398442895 2.0246891463908016e-12
0.2352937405203509 2.0389624007078665e-12
0.23769469705627286 2.0534518589737987e-12
0.24009565359219479 2.0681640765185593e-12
0.24249661012811674 2.0831058443038352e-12
0.2448975666640387 2.0982842473296544e-12
0.24729852319996065 2.1137066560704236e-12
0.24969947973588258 2.1293807629552385e-12
0.25210043627180456 2.1453145959565817e-12
0.2545013928077265 2.1615165475559623e-12
0.2569023493436484 2.1779954312242336e-12
0.2593033058795704 2.194760311861814e-12
0.26170426241549233 2.2118204208944332e-12
0.26410521895141426 2.2291870201664998e-12
0.26650617548733624 2.246871505420403e-12
0.26890713202325817 2.264881020258002e-12
0.2713080885591801 2.2832259037300888e-12
0.2737090450951021 2.3019258611759368e-12
0.276110001631024 2.3209986394571892e-12
0.278510958166946 2.34044756482771e-12
0.2809119147028679 2.360275162285473e-12
0.28331287123878984 2.3805024810865957e-12
0.2857138277747118 2.4011657352422226e-12
0.28811478431063375 2.4222921993770973e-12
0.2905157408465557 2.443878805975391e-12
0.29291669738247766 2.4659153755099078e-12
0.2953176539183996 2.4884208272210822e-12
0.2977186104543216 2.5114465277760147e-12
0.3001195669902435 2.5350537325604723e-12
0.30252052352616543 2.559268357759156e-12
0.3049214800620874 2.5840628913158e-12
0.30732243659800934 2.6094159777851285e-12
0.30972339313393127 2.6353617643587794e-12
0.31212434966985325 2.6619857110054155e-12
0.3145253062057752 2.689390784661909e-12
0.3169262627416971 2.7176251262279646e-12
0.3193272192776191 2.7466387907922263e-12
0.321728175813541 2.776266016526639e-12
0.324129132349463 2.806864380419571e-12
0.32653008888538493 2.8383673068432953e-12
0.32893104542130686 2.8708227949992954e-12
0.33133200195722884 2.9042500521284354e-12
0.33373295849315077 2.9389398350826974e-12
0.3361339150290727 2.9744307058336936e-12
0.3385348715649947 3.0112412144628886e-12
0.3409358281009166 3.0492967715403588e-12
0.3433367846368386 3.088666788834844e-12
0.3457377411727605 3.1293551347378177e-12
0.34813869770868244 3.1718315400072417e-12
0.3505396542446044 3.2154651015352798e-12
0.35294061078052635 3.2609253095451324e-12
0.3553415673164483 3.308131047628363e-12
0.35774252385237026 3.3572053443813455e-12
0.3601434803882922 3.4082698480675755e-12
0.3625444369242141 3.461424262041081e-12
0.3649453934601361 3.5168241269487764e-12
0.36734634999605803 3.57462205734784e-12
0.36974730653198 3.6349329414390484e-12
0.37214826306790194 3.697958731492084e-12
0.37454921960382387 3.764020166312222e-12
0.37695017613974585 3.832851911363023e-12
0.3793511326756678 3.905119826301548e-12
0.3817520892115897 3.980890676988668e-12
0.3841530457475117 4.060447129106426e-12
0.3865540022834336 4.143906448755403e-12
0.38895495881935555 4.231687533030665e-12
0.39135591535527753 4.324040899281608e-12
0.39375687189119946 4.4212932243104055e-12
0.39615782842712144 4.523772151021476e-12
0.39855878496304337 4.6318614428175056e-12
0.4009597414989653 4.74595076928235e-12
0.4033606980348873 4.866468739865262e-12
0.4057616545708092 4.993899738951074e-12
0.40816261110673113 5.128704014001179e-12
0.4105635676426531 5.271441874913975e-12
0.41296452417857504 5.422606197696484e-12
0.415365480714497 5.582994606846383e-12
0.41776643725041895 5.753122521867053e-12
0.4201673937863409 5.933727846310665e-12
0.42256835032226286 6.125588131418233e-12
0.4249693068581848 6.329526339229431e-12
0.4273702633941067 6.546426478278805e-12
0.4297712199300287 6.777237710066778e-12
0.43217217646595063 7.022978771207464e-12
0.43457313300187256 7.284742613169902e-12
0.43697408953779454 7.563701293441479e-12
0.43937504607371647 7.8611110077574e-12
0.44177600260963845 8.178317181717542e-12
0.4441769591455604 8.516760978048038e-12
0.4465779156814823 8.877982537361638e-12
0.4489788722174043 9.263630038494193e-12
0.4513798287533262 9.675482853853716e-12
0.45378078528924815 1.0115359355676906e-11
0.45618174182517013 1.0585321536784607e-11
0.45858269836109206 1.1087485397316936e-11
0.460983654897014 1.1624107813577629e-11
0.46338461143293597 1.2197613584176369e-11
0.4657855679688579 1.2810553160279965e-11
0.4681865245047799 1.3465638758425448e-11
0.4705874810407018 1.4165736538810838e-11
0.47298843757662373 1.491387407021221e-11
0.4753893941125457 1.571324365811836e-11
0.47779035064846764 1.6567199318811802e-11
0.48019130718438957 1.7479267150730122e-11
0.48259226372031155 1.8453133569341052e-11
0.4849932202562335 1.949264830219448e-11
0.48739417679215546 2.0601823587454282e-11
0.4897951333280774 2.1784814422523445e-11
0.4921960898639993 2.304592979359632e-11
0.4945970463999213 2.4389597275024286e-11
0.49699800293584323 2.5820364228367802e-11
0.49939895947176516 2.7342871975284105e-11
0.5017999160076871 2.8961834067761907e-11
0.5042008725436091 3.0682010167412207e-11
0.506601829079531 3.25081745344507e-11
0.509002785615453 3.4445083161139914e-11
0.511403742151375 3.6497426734061844e-11
0.5138046986872968 3.866980254030739e-11
0.5162056552232188 4.096664823941567e-11
0.5186066117591408 4.33921953344614e-11
0.5210075682950627 4.5950434015579803e-11
0.5234085248309847 4.867369498251297e-11
0.5258094813669066 5.1508547045606616e-11
0.5282104379028285 5.448587198957869e-11
0.5306113944387505 5.757727250588512e-11
0.5330123509746725 6.084537883158593e-11
0.5354133075105943 6.426087170210267e-11
0.5378142640465163 6.782458245150988e-11
0.5402152205824383 7.157008693148114e-11
0.5426161771183602 7.539408071143775e-11
0.5450171336542822 7.939669936490963e-11
0.5474180901902042 8.354095807058502e-11
0.5498190467261261 8.782297230516905e-11
0.552220003262048 9.223786115704078e-11
0.55462095979797 9.677971997893515e-11
0.557021916333892 1.0144160961648045e-10
0.5594228728698138 1.0621546869822333e-10
0.5618238294057358 1.1109222995850286e-10
0.5642247859416578 1.1606160573611666e-10
0.5666257424775797 1.2111230301343825e-10
0.5690266990135017 1.2623176850264312e-10
0.5714276555494237 1.3140638328848986e-10
0.5738286120853455 1.366212596444816e-10
0.5762295686212675 1.4186035736928114e-10
0.5786305251571895 1.4710636938219675e-10
0.5810314816931114 1.5234078056245544e-10
0.5834324382290333 1.5754389514861973e-10
0.5858333947649553 1.6269504639667238e-10
0.5882343513008772 1.6777300334180464e-10
0.5906353078367992 1.727569005268042e-10
0.5930362643727212 1.7762779447101044e-10
0.5954372209086431 1.8237080586273744e-10
0.597838177444565 1.869770072746593e-10
0.600239133980487 1.9144386420169405e-10
0.602640090516409 1.9577395797251112e-10
0.6050410470523309 1.999729807479228e-10
0.6074420035882528 2.040480368829314e-10
0.6098429601241748 2.080065583507794e-10
0.6122439166600967 2.1185582840278748e-10
0.6146448731960187 2.1560262216689805e-10
0.6170458297319407 2.192531987166851e-10
0.6194467862678625 2.2281327880813206e-10
0.6218477428037845 2.2628807581392192e-10
0.6242486993397065 2.2968233980803501e-10
0.6266496558756284 2.33000404466929e-10
0.6290506124115504 2.362462315174404e-10
0.6314515689474723 2.394234489916557e-10
0.6338525254833942 2.4253541019233986e-10
0.6362534820193162 2.4558515994094083e-10
0.6386544385552382 2.485755644825918e-10
0.6410553950911602 2.515092884733486e-10
0.643456351627082 2.543886501400892e-10
0.645857308163004 2.572160436634561e-10
0.648258264698926 2.599935659253522e-10
0.6506592212348479 2.62723177808715e-10
0.6530601777707699 2.6540675570466605e-10
0.6554611343066918 2.680460327343659e-10
0.6578620908426137 2.7064264621432927e-10
0.6602630473785357 2.7319814908682024e-10
0.6626640039144577 2.7571398234546367e-10
0.6650649604503795 2.7819153323926827e-10
0.6674659169863015 2.8063209174834135e-10
0.6698668735222235 2.830373417499514e-10
0.6722678300581454 2.8540710570729436e-10
0.6746687865940674 2.8774383432894224e-10
0.6770697431299894 2.900481329469052e-10
0.6794706996659112 2.9232100344284305e-10
0.6818716562018332 2.945633997727274e-10
0.6842726127377552 2.9677623178778333e-10
0.6866735692736772 2.989603662343783e-10
0.689074525809599 3.011166345006474e-10
0.691475482345521 3.0324612611264454e-10
0.693876438881443 3.0534870014678815e-10
0.6962773954173649 3.0742597701500727e-10
0.6986783519532869 3.0947836343427217e-10
0.7010793084892089 3.115065156261887e-10
0.7034802650251307 3.1351107288828215e-10
0.7058812215610527 3.1549266225540283e-10
0.7082821780969747 3.1745185082102783e-10
0.7106831346328966 3.193892294139496e-10
0.7130840911688185 3.213053830161659e-10
0.7154850477047405 3.2320067306890466e-10
0.7178860042406624 3.250757573838229e-10
0.7202869607765844 3.2693113474280754e-10
0.7226879173125064 3.287671725669128e-10
0.7250888738484282 3.3058438855254433e-10
0.7274898303843502 3.323832141584888e-10
0.7298907869202722 3.341640335370663e-10
0.7322917434561941 3.359272986537331e-10
0.7346926999921161 3.3767340685203237e-10
0.737093656528038 3.3940269062344424e-10
0.73949461306396 3.411155643877994e-10
0.7418955695998819 3.428123454110454e-10
0.7442965261358039 3.444934066515583e-10
0.7466974826717259 3.461591033665435e-10
0.7490984392076477 3.4780966242610884e-10
0.7514993957435697 3.494454879795166e-10
0.7539003522794917 3.510668613854346e-10
0.7563013088154136 3.526741362503037e-10
0.7587022653513356 3.542673913580004e-10
0.7611032218872575 3.5584712003917394e-10
0.7635041784231794 3.574135054427374e-10
0.7659051349591014 3.589668198058231e-10
0.7683060914950234 3.605074477735844e-10
0.7707070480309453 3.6203522776959213e-10
0.7731080045668672 3.6355080789880996e-10
0.7755089611027892 3.650542798066901e-10
0.7779099176387111 3.665458722731035e-10
0.7803108741746331 3.6802593699364466e-10
0.7827118307105551 3.694942864744129e-10
0.785112787246477 3.7095256857931706e-10
0.7875137437823989 3.7239773282300277e-10
0.7899147003183209 3.7383309435621337e-10
0.7923156568542429 3.752578757031311e-10
0.7947166133901648 3.7667214824529206e-10
0.7971175699260867 3.780760135267568e-10
0.7995185264620087 3.794698695599803e-10
0.8019194829979306 3.8085379196255255e-10
0.8043204395338526 3.822279526511357e-10
0.8067213960697746 3.8359254847159755e-10
0.8091223526056964 3.8494764343695424e-10
0.8115233091416184 3.8629634168530665e-10
0.8139242656775404 3.8763074988669535e-10
0.8163252222134623 3.8895833044784895e-10
0.8187261787493842 3.902766917373011e-10
0.8211271352853062 3.915868600080414e-10
0.8235280918212281 3.9288844887998473e-10
0.8259290483571501 3.9418160031607757e-10
0.8283300048930721 3.9546646339603517e-10
0.830730961428994 3.967431754865795e-10
0.8331319179649159 3.980118460925431e-10
0.8355328745008379 3.992725790593064e-10
0.8379338310367599 4.0052550624377296e-10
0.8403347875726818 4.0177076344823016e-10
0.8427357441086037 4.030084542778657e-10
0.8451367006445257 4.0423868076124005e-10
0.8475376571804476 4.0546156094111263e-10
0.8499386137163696 4.0667720278704256e-10
0.8523395702522916 4.078857087269417e-10
0.8547405267882134 4.090866509433604e-10
0.8571414833241354 4.102817241427409e-10
0.8595424398600574 4.114694296862829e-10
0.8619433963959793 4.126503910645271e-10
0.8643443529319013 4.1382472477082856e-10
0.8667453094678232 4.1499251676400806e-10
0.8691462660037451 4.1615380714589454e-10
0.8715472225396671 4.1730870530446585e-10
0.8739481790755891 4.1845738267662947e-10
0.8763491356115111 4.195999101640054e-10
0.8787500921474329 4.207362484644627e-10
0.8811510486833549 4.2186643509200575e-10
0.8835520052192769 4.229906940757643e-10
0.8859529617551988 4.241092337704164e-10
0.8883539182911208 4.25221932411501e-10
0.8907548748270427 4.2632887436579537e-10
0.8931558313629646 4.2743015612114247e-10
0.8955567878988866 4.2852584892342876e-10
0.8979577444348086 4.2961604838651235e-10
0.9003587009707305 4.3070080350191386e-10
0.9027596575066524 4.3178018244277603e-10
0.9051606140425744 4.328542680556303e-10
0.9075615705784963 4.339231114314993e-10
0.9099625271144183 4.349867827756313e-10
0.9123634836503403 4.3604534768433437e-10
0.9147644401862621 4.37098864453732e-10
0.9171653967221841 4.38147396947745e-10
0.9195663532581061 4.3919100412856413e-10
0.921967309794028 4.4022974511796044e-10
0.92436826632995 4.4126338218478417e-10
0.9267692228658719 4.4229285849613307e-10
0.9291701794017939 4.4331734356521835e-10
0.9315711359377158 4.443371854729939e-10
0.9339720924736378 4.4535244363222403e-10
0.9363730490095598 4.463631617302437e-10
0.9387740055454816 4.473693954300003e-10
0.9411749620814036 4.483712087113048e-10
0.9435759186173256 4.4936862157133713e-10
0.9459768751532475 4.503617018138485e-10
0.9483778316891694 4.5135051087751755e-10
0.9507787882250914 4.523350761334404e-10
0.9531797447610133 4.5331542703424147e-10
0.9555807012969353 4.542913279016887e-10
0.9579816578328573 4.5526378831717944e-10
0.9603826143687791 4.562318385544659e-10
0.9627835709047011 4.571959039879772e-10
0.9651845274406231 4.581559841703754e-10
0.967585483976545 4.591121331980228e-10
0.969986440512467 4.6006438747701127e-10
0.972387397048389 4.6101281932413403e-10
0.9747883535843109 4.619574363785479e-10
0.9771893101202328 4.6289827180665585e-10
0.9795902666561548 4.638354056650016e-10
0.9819912231920768 4.64768424482672e-10
0.9843921797279986 4.656986181425891e-10
0.9867931362639206 4.666247964470131e-10
0.9891940927998426 4.675473944773749e-10
0.9915950493357645 4.684664485153665e-10
0.9939960058716865 4.693820175467177e-10
0.9963969624076084 4.702941081090285e-10
0.9987979189435303 4.712027904353436e-10
1.0011988754794523 4.721080887161436e-10
1.0035998320153743 4.730099680526994e-10
1.0060007885512963 4.739085623774559e-10
1.0084017450872182 4.748038051714374e-10
1.01080270162314 4.75695855503616e-10
1.013203658159062 4.765846555354356e-10
1.015604614694984 4.774702383660784e-10
1.018005571230906 4.78352679013622e-10
1.020406527766828 4.792317473302897e-10
1.02280748430275 4.801081471350785e-10
1.0252084408386717 4.809812717441912e-10
1.0276093973745937 4.818513343766245e-10
1.0300103539105157 4.827183775651556e-10
1.0324113104464376 4.835823926710065e-10
1.0348122669823596 4.844435169759853e-10
1.0372132235182816 4.853016679356703e-10
1.0396141800542034 4.861569018981167e-10
1.0420151365901253 4.870092657809635e-10
1.0444160931260473 4.878587647583838e-10
1.0468170496619693 4.887054311469807e-10
1.0492180061978913 4.895487948896051e-10
1.0516189627338133 4.90390365954399e-10
1.0540199192697353 4.912286836065442e-10
1.056420875805657 4.92064266109611e-10
1.058821832341579 4.92897117181894e-10
1.061222788877501 4.937273218175726e-10
1.063623745413423 4.945548412702907e-10
1.066024701949345 4.953797105308218e-10
1.068425658485267 4.962019731306446e-10
1.0708266150211887 4.970216367308511e-10
1.0732275715571107 4.978387136040607e-10
1.0756285280930327 4.986532421696354e-10
1.0780294846289546 4.994652351022743e-10
1.0804304411648766 5.00274714295669e-10
1.0828313977007986 5.010817008840928e-10
1.0852323542367204 5.01886214735527e-10
1.0876333107726424 5.026882745418734e-10
1.0900342673085643 5.034879050811337e-10
1.0924352238444863 5.042851180715098e-10
1.0948361803804083 5.050799364340845e-10
1.0972371369163303 5.058723800402365e-10
1.0996380934522523 5.066624753061024e-10
1.102039049988174 5.074502142393829e-10
1.104440006524096 5.082356417091571e-10
1.106840963060018 5.090187666554698e-10
1.10924191959594 5.097995963576989e-10
1.111642876131862 5.105781812473475e-10
1.114043832667784 5.113545061762606e-10
1.1164447892037057 5.121285990456952e-10
1.1188457457396277 5.12900452224058e-10
1.1212467022755497 5.136701587379431e-10
1.1236476588114717 5.144376596643635e-10
1.1260486153473936 5.152029973283605e-10
1.1284495718833156 5.159661886152439e-10
1.1308505284192374 5.167272503472042e-10
1.1332514849551594 5.1748619922997e-10
1.1356524414910814 5.182429947998316e-10
1.1380533980270033 5.189978250766511e-10
1.1404543545629253 5.19749845881966e-10
1.1428553110988473 5.205011984019678e-10
1.1452562676347693 5.212498320024527e-10
1.147657224170691 5.219964498778805e-10
1.150058180706613 5.227410266160087e-10
1.152459137242535 5.234837086745398e-10
1.154860093778457 5.242240959305651e-10
1.157261050314379 5.249630899032757e-10
1.159662006850301 5.256998747754742e-10
1.1620629633862227 5.264347501843001e-10
1.1644639199221447 5.271677084609717e-10
1.1668648764580667 5.278987316519117e-10
1.1692658329939887 5.286295176312549e-10
1.1716667895299107 5.293552922280751e-10
1.1740677460658326 5.300807730617249e-10
1.1764687026017544 5.30804413191864e-10
1.1788696591376764 5.315262329981711e-10
1.1812706156735984 5.32246242166692e-10
1.1836715722095204 5.329518366696483e-10
1.1860725287454423 5.336808894989578e-10
1.1884734852813643 5.343955352562166e-10
1.1908744418172863 5.351084498150371e-10
1.193275398353208 5.358196044404052e-10
1.19567635488913 5.365290216298568e-10
1.198077311425052 5.372367167237901e-10
