0.5038716357254187 nan
0.5063688869564299 2.6705416151287283e-14
0.5088661381874411 5.469331418565169e-14
0.5113633894184523 8.405870306320269e-14
0.5138606406494635 1.1490423285418325e-13
0.5163578918804747 1.4734083208675908e-13
0.5188551431114858 1.8148839868844595e-13
0.521352394342497 2.1747654901644217e-13
0.5238496455735082 2.5544542970144734e-13
0.5263468968045194 2.9554659760651755e-13
0.5288441480355306 3.379439733969305e-13
0.5313413992665418 3.828148748642284e-13
0.533838650497553 4.3035050360699903e-13
0.5363359017285642 4.807595714424721e-13
0.5388331529595753 5.34266152486515e-13
0.5413304041905864 5.91113316346721e-13
0.5438276554215977 6.515641375722941e-13
0.5463249066526088 7.159033625038682e-13
0.54882215788362 7.844430924910968e-13
0.5513194091146312 8.575098114162423e-13
0.5538166603456424 9.354680610819981e-13
0.5563139115766536 1.0187088545651068e-12
0.5588111628076647 1.107655491040762e-12
0.5613084140386759 1.2027662200049899e-12
0.5638056652696871 1.3045371182764647e-12
0.5663029165006983 1.4134965304362142e-12
0.5688001677317095 1.5302419585653606e-12
0.5712974189627207 1.6553949171620484e-12
0.5737946701937319 1.789636364420264e-12
0.5762919214247431 1.9337032333979148e-12
0.5787891726557542 2.0883929405072594e-12
0.5812864238867654 2.254568232372569e-12
0.5837836751177766 2.433162391729703e-12
0.5862809263487878 2.625184823372699e-12
0.588778177579799 2.831715162960496e-12
0.5912754288108102 3.0539557172755714e-12
0.5937726800418214 3.2931713224707827e-12
0.5962699312728326 3.550740048178204e-12
0.5987671825038438 3.828150442446267e-12
0.6012644337348549 4.127009823810034e-12
0.6037616849658661 4.449053083885126e-12
0.6062589361968773 4.796152010654479e-12
0.6087561874278885 5.17032513749402e-12
0.6112534386588997 5.573748117651392e-12
0.6137506898899109 6.008764615972936e-12
0.6162479411209221 6.4778977011270986e-12
0.6187451923519331 6.9838617100826025e-12
0.6212424435829444 7.529574543671398e-12
0.6237396948139555 8.118170335840791e-12
0.6262369460449668 8.753012420542998e-12
0.6287341972759779 9.437706497797873e-12
0.6312314485069892 1.0176113874644567e-11
0.6337286997380003 1.0972364626604896e-11
0.6362259509690115 1.1830870439429604e-11
0.6387232022000227 1.2756337203530741e-11
0.6412204534310338 1.375377635175811e-11
0.643717704662045 1.482851558042489e-11
0.6462149558930562 1.598620786827318e-11
0.6487122071240674 1.7232838633130143e-11
0.6512094583550786 1.8574730478825256e-11
0.6537067095860898 2.0018544961053783e-11
0.656203960817101 2.1571280730672667e-11
0.6587012120481122 2.3240267340109824e-11
0.6611984632791233 2.5033153929494616e-11
0.6636957145101345 2.6957891942330762e-11
0.6661929657411457 2.902271096439774e-11
0.6686902169721569 3.12360867352566e-11
0.6711874682031681 3.3606700354451787e-11
0.6736847194341793 3.614338770683558e-11
0.6761819706651905 3.8855078153459094e-11
0.6786792218962017 4.175072160546168e-11
0.6811764731272129 4.4839203201738045e-11
0.683673724358224 4.812924496542592e-11
0.6861709755892352 5.162929401593218e-11
0.6886682268202464 5.5347397163305355e-11
0.6911654780512576 5.929106200471025e-11
0.6936627292822688 6.346710496801571e-11
0.6961599805132799 6.788148709106063e-11
0.6986572317442912 7.253913865849557e-11
0.7011544829753023 7.744377411444346e-11
0.7036517342063136 8.259769888402274e-11
0.7061489854373246 8.800160982122477e-11
0.7086462366683359 9.365439089395073e-11
0.711143487899347 9.955290534357793e-11
0.7136407391303583 1.0569178482538851e-10
0.7161379903613694 1.1206321481653089e-10
0.7186352415923806 1.186567137022869e-10
0.7211324928233918 1.254589001214257e-10
0.723629744054403 1.3245323890920187e-10
0.7261269952854141 1.396197494585018e-10
0.7286242465164253 1.4693464990269165e-10
0.7311214977474365 1.543698929365681e-10
0.7336187489784477 1.6189251723680418e-10
0.7361160002094589 1.6946367565154676e-10
0.7386132514404701 1.7703706372057327e-10
0.7411105026714813 1.8455612469486697e-10
0.7436077539024925 1.9194832872389466e-10
0.7461050051335036 1.991099963074049e-10
0.7486022563645148 2.058193724023412e-10
0.751099507595526 2.1196008829268668e-10
0.7535967588265372 2.1775364631733522e-10
0.7560940100575484 2.232826233829213e-10
0.7585912612885596 2.285931040962072e-10
0.7610885125195708 2.337161198746293e-10
0.763585763750582 2.386744749129405e-10
0.7660830149815931 2.4348583413725994e-10
0.7685802662126042 2.4816437968875227e-10
0.7710775174436155 2.5272179847682904e-10
0.7735747686746266 2.571679154915394e-10
0.7760720199056379 2.6151112238567733e-10
0.778569271136649 2.6575867978810676e-10
0.7810665223676603 2.6991693770936483e-10
0.7835637735986714 2.739915006242152e-10
0.7860610248296827 2.7798735392777715e-10
0.7885582760606937 2.819089626644777e-10
0.791055527291705 2.857603498793917e-10
0.7935527785227161 2.8954515968686974e-10
0.7960500297537274 2.9326670867337144e-10
0.7985472809847385 2.96928028256436e-10
0.8010445322157498 3.005318999356241e-10
0.8035417834467609 3.0408088488784864e-10
0.806039034677772 3.075773490129749e-10
0.8085362859087832 3.110234842829245e-10
0.8110335371397944 3.144213270600147e-10
0.8135307883708056 3.1777277391003097e-10
0.8160280396018168 3.2107959532857666e-10
0.818525290832828 3.2434344771735943e-10
0.8210225420638392 3.275658838830679e-10
0.8235197932948504 3.307483622819316e-10
0.8260170445258616 3.3389225519317184e-10
0.8285142957568727 3.3699885597328004e-10
0.8310115469878839 3.4006938551760764e-10
0.8335087982188951 3.431049980353504e-10
0.8360060494499063 3.461067862271879e-10
0.8385033006809175 3.490757859413209e-10
0.8410005519119287 3.5201298037224016e-10
0.8434978031429399 3.5491930385718666e-10
0.845995054373951 3.5779564531758657e-10
0.8484923056049622 3.6064285138614407e-10
0.8509895568359733 3.634617292547114e-10
0.8534868080669846 3.662530492734883e-10
0.8559840592979957 3.690175473282916e-10
0.858481310529007 3.7175592701887786e-10
0.8609785617600181 3.744688616589908e-10
0.8634758129910294 3.7715699611578726e-10
0.8659730642220405 3.798209485046011e-10
0.8684703154530518 3.8246131175292205e-10
0.8709675666840628 3.8507865504598414e-10
0.8734648179150741 3.8767352516491004e-10
0.8759620691460852 3.902464477272644e-10
0.8784593203770965 3.9279792833871663e-10
0.8809565716081076 3.9532845366355397e-10
0.8834538228391188 3.9783849242115113e-10
0.88595107407013 4.0032849631461733e-10
0.8884483253011412 4.027989008973261e-10
0.8909455765321523 4.052501263823425e-10
0.8934428277631635 4.076825783994282e-10
0.8959400789941747 4.1009664870377006e-10
0.8984373302251859 4.1249271584016656e-10
0.9009345814561971 4.1487114576622326e-10
0.9034318326872083 4.1723229243745087e-10
0.9059290839182195 4.1957649835735417e-10
0.9084263351492307 4.219040950948602e-10
0.9109235863802418 4.242154037716658e-10
0.913420837611253 4.2651073552148725e-10
0.9159180888422642 4.287903919233037e-10
0.9184153400732754 4.310546654102619e-10
0.9209125913042866 4.3330383965619617e-10
0.9234098425352978 4.355381899408121e-10
0.925907093766309 4.3775798349556553e-10
0.92840434499732 4.399634798308346e-10
0.9309015962283314 4.421549310462606e-10
0.9333988474593424 4.4433258212472964e-10
0.9358960986903537 4.4649667121159963e-10
0.9383933499213648 4.486474298796154e-10
0.9408906011523761 4.5078508338068034e-10
0.9433878523833872 4.5290985088525246e-10
0.9458851036143985 4.5502194571003036e-10
0.9483823548454096 4.5712157553461226e-10
0.9508796060764209 4.5920894260796517e-10
0.9533768573074319 4.6128424394503e-10
0.9558741085384432 4.6334767151432903e-10
0.9583713597694543 4.653994124167457e-10
0.9608686110004656 4.674396490563414e-10
0.9633658622314767 4.694685593033048e-10
0.9658631134624879 4.714863166497606e-10
0.9683603646934991 4.734930903586897e-10
0.9708576159245103 4.754890456062105e-10
0.9733548671555214 4.774743436179145e-10
0.9758521183865326 4.794491417992018e-10
0.9783493696175438 4.814135938601734e-10
0.980846620848555 4.833678499352643e-10
0.9833438720795662 4.853120566979434e-10
0.9858411233105774 4.872463574705879e-10
0.9883383745415886 4.89170892330043e-10
0.9908356257725998 4.910857982087661e-10
0.993332877003611 4.929912089920584e-10
0.9958301282346221 4.948872556113075e-10
0.9983273794656333 4.967740661337426e-10
1.0008246306966444 4.986517658485124e-10
1.0033218819276557 5.005204773496211e-10
1.005819133158667 5.023803206155368e-10
1.008316384389678 5.042314130859198e-10
1.0108136356206892 5.060738697354077e-10
1.0133108868517005 5.079078031446482e-10
1.0158081380827118 5.097333235687341e-10
1.0183053893137228 5.115505390031394e-10
1.020802640544734 5.133595552472743e-10
1.0232998917757452 5.151604759656732e-10
1.0257971430067563 5.169534027471306e-10
1.0282943942377676 5.187384351616732e-10
1.0307916454687787 5.205156708154875e-10
1.0332888966997897 5.222852054040582e-10
1.035786147930801 5.240471327633553e-10
1.0382833991618123 5.258015449193498e-10
1.0407806503928234 5.275485321357696e-10
1.0432779016238345 5.292881829603299e-10
1.0457751528548458 5.310205842693746e-10
1.048272404085857 5.327458213110177e-10
1.0507696553168682 5.344639777468702e-10
1.0532669065478792 5.361751356924639e-10
1.0557641577788905 5.378793757562747e-10
1.0582614090099018 5.395767770775399e-10
1.060758660240913 5.412674173628605e-10
1.063255911471924 5.429513729216233e-10
1.0657531627029353 5.446287187003289e-10
1.0682504139339466 5.462995283158232e-10
1.0707476651649577 5.479638740875444e-10
1.0732449163959688 5.496218270686765e-10
1.07574216762698 5.512734570764633e-10
1.0782394188579913 5.529188327215192e-10
1.0807366700890024 5.545580214363136e-10
1.0832339213200135 5.561910895027091e-10
1.0857311725510248 5.578181020788049e-10
1.088228423782036 5.594391232248702e-10
1.0907256750130472 5.610542159286121e-10
1.0932229262440583 5.62663442129615e-10
1.0957201774750696 5.642668627430888e-10
1.0982174287060809 5.658645376830608e-10
1.100714679937092 5.674565258846693e-10
1.103211931168103 5.690428853260589e-10
1.105709182399114 5.706236730494249e-10
1.1082064336301254 5.721989451817744e-10
1.1107036848611367 5.737687569547076e-10
1.1132009360921478 5.753331627240378e-10
1.1156981873231588 5.768922159886214e-10
1.1181954385541701 5.784459694087223e-10
1.1206926897851814 5.799944748239964e-10
1.1231899410161925 5.815377832707818e-10
1.1256871922472036 5.830759449991248e-10
1.128184443478215 5.846090094891869e-10
1.1306816947092262 5.861370254673969e-10
1.1331789459402373 5.876600409219634e-10
1.1356761971712483 5.891781031180585e-10
1.1381734484022596 5.906912586128335e-10
1.140670699633271 5.921995532695667e-10
1.143167950864282 5.937030322719618e-10
1.145665202095293 5.952017401376868e-10
1.1481624533263044 5.966957207317721e-10
1.1506597045573157 5.981850172796077e-10
1.1531569557883268 5.996696723796438e-10
1.1556542070193379 6.011497280157187e-10
1.1581514582503492 6.026252255690763e-10
1.1606487094813605 6.04096205830204e-10
1.1631459607123715 6.055627090102371e-10
1.1656432119433826 6.070247747521195e-10
1.168140463174394 6.084824421415636e-10
1.1706377144054052 6.099357497176176e-10
1.1731349656364163 6.113847354831434e-10
1.1756322168674274 6.128294369148371e-10
1.1781294680984387 6.142698909732342e-10
1.18062671932945 6.15706134112273e-10
1.183123970560461 6.171382022887641e-10
1.1856212217914721 6.185661309715844e-10
1.1881184730224832 6.199899551507013e-10
1.1906157242534945 6.214097093458796e-10
1.1931129754845058 6.228254276153196e-10
1.1956102267155169 6.242371435640279e-10
1.198107477946528 6.256448903519424e-10
1.2006047291775392 6.270487007020448e-10
1.2031019804085505 6.284486069080523e-10
1.2055992316395616 6.29844640842138e-10
1.2080964828705727 6.312368339623916e-10
1.210593734101584 6.326252173201287e-10
1.2130909853325953 6.340098215669337e-10
1.2155882365636064 6.353906769617322e-10
1.2180854877946174 6.367678133777105e-10
1.2205827390256287 6.381412603087116e-10
1.22307999025664 6.395110468760489e-10
1.2255772414876511 6.408772018347336e-10
1.2280744927186622 6.422397535797646e-10
1.2305717439496735 6.435987301522871e-10
1.2330689951806848 6.449541592455095e-10
1.2355662464116959 6.463060682105845e-10
1.238063497642707 6.47654484062325e-10
1.2405607488737183 6.489994334848885e-10
1.2430580001047296 6.503409428371702e-10
1.2455552513357406 6.516790381582288e-10
1.2480525025667517 6.530137451725749e-10
1.250549753797763 6.543450892952542e-10
1.2530470050287743 6.556730956369827e-10
1.2555442562597854 6.569977890089913e-10
1.2580415074907965 6.583191939279782e-10
1.2605387587218078 6.596373346207952e-10
1.2630360099528188 6.609522350290516e-10
1.2655332611838301 6.622639188138002e-10
1.2680305124148412 6.635724093598395e-10
1.2705277636458523 6.648777297802013e-10
1.2730250148768636 6.661799029204288e-10
1.275522266107875 6.674789513626528e-10
1.278019517338886 6.687748974299109e-10
1.280516768569897 6.700677631900183e-10
1.2830140198009083 6.71357570459584e-10
1.2855112710319196 6.726443408078995e-10
1.2880085222629307 6.739280955607375e-10
1.2905057734939418 6.752088558040469e-10
1.293003024724953 6.764866423876693e-10
1.2955002759559644 6.777614759288773e-10
1.2979975271869755 6.790333768159167e-10
1.3004947784179866 6.803023652114429e-10
1.3029920296489979 6.815684610559324e-10
1.3054892808800092 6.828316840709988e-10
1.3079865321110202 6.840920537626e-10
1.3104837833420313 6.853495894243675e-10
1.3129810345730426 6.866043101405397e-10
1.315478285804054 6.878562347892646e-10
1.317975537035065 6.891053820454335e-10
1.320472788266076 6.903517703837872e-10
1.3229700394970874 6.915954180817585e-10
1.3254672907280987 6.928363432223441e-10
1.3279645419591097 6.940745636969069e-10
1.3304617931901208 6.953100972079369e-10
1.332959044421132 6.965429612717986e-10
1.3354562956521434 6.977731732212786e-10
1.3379535468831545 6.990007502083333e-10
1.3404507981141656 7.002257092065186e-10
1.3429480493451769 7.014480670136176e-10
1.345445300576188 7.026678402540392e-10
1.3479425518071992 7.038850453813037e-10
1.3504398030382103 7.050996986803722e-10
1.3529370542692214 7.063118162699949e-10
1.3554343055002327 7.075214141050872e-10
1.357931556731244 7.087285079789001e-10
1.360428807962255 7.099331135252587e-10
1.3629260591932661 7.111352462208702e-10
1.3654233104242774 7.123349213872503e-10
1.3679205616552887 7.135321541930299e-10
1.3704178128862998 7.147269596558817e-10
1.372915064117311 7.15919352644727e-10
1.3754123153483222 7.1710934788155e-10
1.3779095665793335 7.182969599435137e-10
1.3804068178103446 7.194822032648186e-10
1.3829040690413557 7.206650921386338e-10
1.385401320272367 7.218456407189575e-10
1.3878985715033783 7.230238630224624e-10
1.3903958227343893 7.241997729303207e-10
1.3928930739654004 7.253733841899688e-10
1.3953903251964117 7.265447104168513e-10
1.397887576427423 7.277137650961536e-10
1.400384827658434 7.28880561584471e-10
1.4028820788894452 7.300451131115441e-10
1.4053793301204565 7.312074327818123e-10
1.4078765813514678 7.323675335760842e-10
1.4103738325824788 7.335254283530719e-10
1.41287108381349 7.346811298510286e-10
1.4153683350445012 7.358346506891722e-10
1.4178655862755125 7.369860033693101e-10
1.4203628375065236 7.381352002772629e-10
1.4228600887375347 7.392822536843232e-10
1.4253573399685457 7.404271757487439e-10
1.427854591199557 7.415699785170782e-10
1.4303518424305683 7.427106739256622e-10
1.4328490936615794 7.438492738019053e-10
1.4353463448925905 7.449857898657001e-10
1.4378435961236018 7.461202337307202e-10
1.440340847354613 7.472526169057484e-10
1.4428380985856242 7.483829507959477e-10
1.4453353498166353 7.495112467041557e-10
1.4478326010476466 7.506375158320981e-10
1.4503298522786578 7.517617692816247e-10
1.452827103509669 7.52884018056003e-10
1.45532435474068 7.540042730609471e-10
1.4578216059716913 7.551225451059497e-10
1.4603188572027026 7.562388449053821e-10
1.4628161084337137 7.573531830795717e-10
1.4653133596647248 7.584655701560463e-10
1.467810610895736 7.595760165705174e-10
1.4703078621267474 7.606845326680581e-10
1.4728051133577584 7.617911287041528e-10
1.4753023645887695 7.628958148457012e-10
1.4777996158197808 7.639986011721189e-10
1.480296867050792 7.650994976763799e-10
1.4827941182818032 7.661985142659458e-10
1.4852913695128143 7.672956607638376e-10
1.4877886207438256 7.683909469095451e-10
1.4902858719748369 7.694843823600898e-10
1.492783123205848 7.705759766908921e-10
1.495280374436859 7.716657393967266e-10
1.4977776256678703 7.727536798927129e-10
1.5002748768988816 7.738398075150948e-10
1.5027721281298927 7.749241315222878e-10
1.5052693793609038 7.760066610956916e-10
1.507766630591915 7.770874053405307e-10
1.5102638818229261 7.781663732867559e-10
1.5127611330539374 7.79243573889912e-10
1.5152583842849485 7.803190160319484e-10
1.5177556355159598 7.813927085220163e-10
1.520252886746971 7.824646600973576e-10
1.5227501379779822 7.835348794240335e-10
1.5252473892089933 7.846033750976873e-10
1.5277446404400046 7.856701556444855e-10
1.5302418916710157 7.867352295216978e-10
1.532739142902027 7.877986051185507e-10
1.535236394133038 7.888602907569808e-10
1.5377336453640493 7.899202946922997e-10
1.5402308965950604 7.909786251140271e-10
1.5427281478260717 7.920352901465078e-10
1.5452253990570828 7.930902978496876e-10
1.5477226502880939 7.941436562197595e-10
1.5502199015191052 7.951953731898735e-10
1.5527171527501162 7.962454566308414e-10
1.5552144039811275 7.972939143517756e-10
1.5577116552121386 7.9834075410072e-10
1.56020890644315 7.993859835653721e-10
1.562706157674161 8.004296103736794e-10
1.5652034089051723 8.014716420944865e-10
1.5677006601361834 8.025120862381438e-10
1.5701979113671947 8.035509502571195e-10
1.5726951625982057 8.045882415467025e-10
1.575192413829217 8.056239674454217e-10
1.5776896650602281 8.066581352358097e-10
1.5801869162912394 8.076907521449052e-10
1.5826841675222505 8.087218253448624e-10
1.5851814187532618 8.097513619534904e-10
1.5876786699842729 8.107793690348387e-10
1.5901759212152842 8.118058535996965e-10
1.5926731724462952 8.128308226062602e-10
1.5951704236773065 8.138542829605797e-10
1.5976676749083176 8.148762415170944e-10
1.600164926139329 8.15896705079178e-10
1.60266217737034 8.169156803996644e-10
1.6051594286013513 8.179331741813887e-10
1.6076566798323624 8.189491930776318e-10
1.6101539310633737 8.199637436926218e-10
1.6126511822943848 8.209768325821114e-10
1.615148433525396 8.219884662538223e-10
1.6176456847564071 8.229986511678554e-10
1.6201429359874184 8.240073937372505e-10
1.6226401872184295 8.250147003284304e-10
1.6251374384494406 8.260205772616931e-10
1.6276346896804519 8.270250308116285e-10
1.630131940911463 8.280280672075461e-10
1.6326291921424743 8.29029692633966e-10
1.6351264433734853 8.300299132311511e-10
1.6376236946044966 8.310287350953078e-10
1.6401209458355077 8.320261642792329e-10
1.642618197066519 8.330222067926229e-10
1.64511544829753 8.3401686860258e-10
1.6476126995285414 8.350101556339108e-10
1.6501099507595525 8.360020737696455e-10
1.6526072019905638 8.369926288513618e-10
1.6551044532215748 8.379818266796266e-10
1.6576017044525861 8.389696730144097e-10
1.6600989556835972 8.399561735754319e-10
1.6625962069146085 8.409413340425563e-10
1.6650934581456196 8.419251600561594e-10
1.667590709376631 8.429076572175559e-10
1.670087960607642 8.438888310893527e-10
1.6725852118386533 8.448686871957255e-10
1.6750824630696644 8.458472310229487e-10
1.6775797143006757 8.468244680195941e-10
1.6800769655316867 8.47800403596999e-10
1.682574216762698 8.487750431295235e-10
1.685071467993709 8.497483919549862e-10
1.6875687192247204 8.50720455374914e-10
1.6900659704557315 8.516912386549751e-10
1.6925632216867428 8.526607470252224e-10
1.6950604729177539 8.536289856805179e-10
1.6975577241487652 8.545959597807589e-10
1.7000549753797762 8.555616744512325e-10
1.7025522266107873 8.565261347829628e-10
1.7050494778417986 8.574893458330878e-10
1.7075467290728097 8.584513126249489e-10
1.710043980303821 8.594120401486611e-10
1.712541231534832 8.603715333612292e-10
1.7150384827658434 8.613297971869314e-10
1.7175357339968544 8.622868365176701e-10
1.7200329852278657 8.632426562130737e-10
1.7225302364588768 8.641972611009744e-10
1.7250274876898881 8.651506559776548e-10
1.7275247389208992 8.661028456080445e-10
1.7300219901519105 8.670538347261216e-10
1.7325192413829216 8.680036280350898e-10
1.7350164926139329 8.689522302076823e-10
1.737513743844944 8.698996458864742e-10
1.7400109950759552 8.708458796841506e-10
1.7425082463069663 8.717909361836608e-10
1.7450054975379776 8.72734819938593e-10
1.7475027487689887 8.736775354734324e-10
1.75 8.746190872837257e-10
