0.5038716357254187 nan
0.5063688869564299 6.179855434176388e-14
0.5088661381874411 1.2656384098443544e-13
0.5113633894184523 1.945154801585858e-13
0.5138606406494635 2.6589072658483807e-13
0.5163578918804747 3.409459351451764e-13
0.5188551431114858 4.19958148812617e-13
0.521352394342497 5.032268189049178e-13
0.5238496455735082 5.910749800230113e-13
0.5263468968045194 6.838538657930473e-13
0.5288441480355306 7.819414047460637e-13
0.5313413992665418 8.857469178611253e-13
0.533838650497553 9.957131236254651e-13
0.5363359017285642 1.112322943883207e-12
0.5388331529595753 1.236087119938852e-12
0.5413304041905864 1.3675694652752076e-12
0.5438276554215977 1.5073763367954458e-12
0.5463249066526088 1.6561637752613097e-12
0.54882215788362 1.8146415900234164e-12
0.5513194091146312 1.9835685797020183e-12
0.5538166603456424 2.1637926900428295e-12
0.5563139115766536 2.356204918365084e-12
0.5588111628076647 2.561777826492508e-12
0.5613084140386759 2.781563517476661e-12
0.5638056652696871 3.016700038818381e-12
0.5663029165006983 3.268418265759176e-12
0.5688001677317095 3.5380492936601156e-12
0.5712974189627207 3.827020707431033e-12
0.5737946701937319 4.136910165526481e-12
0.5762919214247431 4.469389014743368e-12
0.5787891726557542 4.826274330150245e-12
0.5812864238867654 5.209529010969613e-12
0.5837836751177766 5.621272820323336e-12
0.5862809263487878 6.063794117991797e-12
0.588778177579799 6.5395623017278504e-12
0.5912754288108102 7.0512409663105984e-12
0.5937726800418214 7.601701782228123e-12
0.5962699312728326 8.194039085986144e-12
0.5987671825038438 8.83158516238671e-12
0.6012644337348549 9.517926184551218e-12
0.6037616849658661 1.0256918759840417e-11
0.6062589361968773 1.1052707009562475e-11
0.6087561874278885 1.190974008455855e-11
0.6112534386588997 1.2832789990996266e-11
0.6137506898899109 1.3826969565602295e-11
0.6162479411209221 1.489775036022566e-11
0.6187451923519331 1.6050980434841415e-11
0.6212424435829444 1.7292901170112924e-11
0.6237396948139555 1.863016352488357e-11
0.6262369460449668 2.0069842755335725e-11
0.6287341972759779 2.1619451337887016e-11
0.6312314485069892 2.328694950424532e-11
0.6337286997380003 2.5080752756641852e-11
0.6362259509690115 2.700973565187794e-11
0.6387232022000227 2.908323106235575e-11
0.6412204534310338 3.1311024046032966e-11
0.643717704662045 3.370333938711684e-11
0.6462149558930562 3.627082181167121e-11
0.6487122071240674 3.902450784028751e-11
0.6512094583550786 4.197578822361683e-11
0.6537067095860898 4.513635992340402e-11
0.656203960817101 4.851816664981729e-11
0.6587012120481122 5.2133327072688264e-11
0.6611984632791233 5.599404997378719e-11
0.6636957145101345 6.011253582559443e-11
0.6661929657411457 6.450086455675874e-11
0.6686902169721569 6.917086960822244e-11
0.6711874682031681 7.413399878493777e-11
0.6736847194341793 7.940116285977836e-11
0.6761819706651905 8.498257337383014e-11
0.6786792218962017 9.088757157754421e-11
0.6811764731272129 9.712445094475669e-11
0.683673724358224 1.0370027613154363e-10
0.6861709755892352 1.1062070160951351e-10
0.6886682268202464 1.1788979344206845e-10
0.6911654780512576 1.2550985775608594e-10
0.6936627292822688 1.3348127935973442e-10
0.6961599805132799 1.4180237365335032e-10
0.6986572317442912 1.5046925445237644e-10
0.7011544829753023 1.5947571959897218e-10
0.7036517342063136 1.6881315528263958e-10
0.7061489854373246 1.7847045883647791e-10
0.7086462366683359 1.8843397843843524e-10
0.711143487899347 1.986874666256831e-10
0.7136407391303583 2.0921204280806413e-10
0.7161379903613694 2.1998615795360807e-10
0.7186352415923806 2.3098555220929382e-10
0.7211324928233918 2.421831930332145e-10
0.723629744054403 2.5354917701804836e-10
0.7261269952854141 2.650505718764013e-10
0.7286242465164253 2.7665116418831893e-10
0.7311214977474365 2.8831105962142867e-10
0.7336187489784477 2.999860472198454e-10
0.7361160002094589 3.1162656874224304e-10
0.7386132514404701 3.231759771909349e-10
0.7411105026714813 3.3456736954176865e-10
0.7436077539024925 3.4571703245140597e-10
0.7461050051335036 3.5650693451668177e-10
0.7486022563645148 3.666836261950493e-10
0.751099507595526 3.761227402046874e-10
0.7535967588265372 3.850942889403824e-10
0.7560940100575484 3.9370151466548384e-10
0.7585912612885596 4.0200331212300135e-10
0.7610885125195708 4.100399949889626e-10
0.763585763750582 4.1784159029600687e-10
0.7660830149815931 4.2543162647413485e-10
0.7685802662126042 4.328291831415211e-10
0.7710775174436155 4.4005012310736204e-10
0.7735747686746266 4.4710788849376566e-10
0.7760720199056379 4.5401404338219653e-10
0.778569271136649 4.607786591949539e-10
0.7810665223676603 4.674105974767765e-10
0.7835637735986714 4.739177229943723e-10
0.7860610248296827 4.80307067924898e-10
0.7885582760606937 4.865849607544431e-10
0.791055527291705 4.927571291124654e-10
0.7935527785227161 4.988287829652452e-10
0.7960500297537274 5.048046827475399e-10
0.7985472809847385 5.10689195767586e-10
0.8010445322157498 5.164863433509991e-10
0.8035417834467609 5.22199840591724e-10
0.806039034677772 5.27833130127145e-10
0.8085362859087832 5.333894110408996e-10
0.8110335371397944 5.388716637556357e-10
0.8135307883708056 5.4428267159902e-10
0.8160280396018168 5.496250395888587e-10
0.818525290832828 5.549012108780814e-10
0.8210225420638392 5.601134812177644e-10
0.8235197932948504 5.65264011731822e-10
0.8260170445258616 5.703548402457958e-10
0.8285142957568727 5.753878913706069e-10
0.8310115469878839 5.803649855101919e-10
0.8335087982188951 5.852878469334649e-10
0.8360060494499063 5.90158111030831e-10
0.8385033006809175 5.949773308559938e-10
0.8410005519119287 5.997469830403999e-10
0.8434978031429399 6.044684731532671e-10
0.845995054373951 6.091431405722486e-10
0.8484923056049622 6.137722629188247e-10
0.8509895568359733 6.183570601068011e-10
0.8534868080669846 6.228986980451206e-10
0.8559840592979957 6.27398292031437e-10
0.858481310529007 6.318569098682647e-10
0.8609785617600181 6.362755747293283e-10
0.8634758129910294 6.40655267801193e-10
0.8659730642220405 6.44996930721314e-10
0.8684703154530518 6.493014678323201e-10
0.8709675666840628 6.535697482691834e-10
0.8734648179150741 6.5780260789527e-10
0.8759620691460852 6.620008510960399e-10
0.8784593203770965 6.661652524576267e-10
0.8809565716081076 6.702965583154855e-10
0.8834538228391188 6.743954882084343e-10
0.88595107407013 6.7846273623214e-10
0.8884483253011412 6.824989723042465e-10
0.8909455765321523 6.865048433480037e-10
0.8934428277631635 6.904809744007438e-10
0.8959400789941747 6.944279696531783e-10
0.8984373302251859 6.983464134247539e-10
0.9009345814561971 7.022368710798215e-10
0.9034318326872083 7.060998898890969e-10
0.9059290839182195 7.099359998406372e-10
0.9084263351492307 7.137457144034458e-10
0.9109235863802418 7.175295312476944e-10
0.913420837611253 7.212879329242457e-10
0.9159180888422642 7.250213875063143e-10
0.9184153400732754 7.287303491959071e-10
0.9209125913042866 7.324152588976395e-10
0.9234098425352978 7.360765447615862e-10
0.925907093766309 7.397146226977183e-10
0.92840434499732 7.433298968633743e-10
0.9309015962283314 7.469227601258594e-10
0.9333988474593424 7.504935945014095e-10
0.9358960986903537 7.540427715720792e-10
0.9383933499213648 7.575706528820626e-10
0.9408906011523761 7.610775903146766e-10
0.9433878523833872 7.645639264507879e-10
0.9458851036143985 7.680299949104869e-10
0.9483823548454096 7.714761206782484e-10
0.9508796060764209 7.749026204130833e-10
0.9533768573074319 7.783098027442889e-10
0.9558741085384432 7.816979685536835e-10
0.9583713597694543 7.85067411244909e-10
0.9608686110004656 7.884184170010795e-10
0.9633658622314767 7.917512650304461e-10
0.9658631134624879 7.95066227801914e-10
0.9683603646934991 7.983635712697555e-10
0.9708576159245103 8.016435550891465e-10
0.9733548671555214 8.049064328222229e-10
0.9758521183865326 8.081524521356933e-10
0.9783493696175438 8.113818549900487e-10
0.980846620848555 8.145948778210877e-10
0.9833438720795662 8.177917517139038e-10
0.9858411233105774 8.209727025699778e-10
0.9883383745415886 8.241379512675277e-10
0.9908356257725998 8.272877138153655e-10
0.993332877003611 8.304222015009045e-10
0.9958301282346221 8.33541621032223e-10
0.9983273794656333 8.366461746747176e-10
1.0008246306966444 8.397360603826969e-10
1.0033218819276557 8.428114719255565e-10
1.005819133158667 8.458725990096511e-10
1.008316384389678 8.489196273954383e-10
1.0108136356206892 8.519527390101564e-10
1.0133108868517005 8.549721120567513e-10
1.0158081380827118 8.579779211183658e-10
1.0183053893137228 8.609703372595433e-10
1.020802640544734 8.639495281234271e-10
1.0232998917757452 8.669156580257918e-10
1.0257971430067563 8.698688880456199e-10
1.0282943942377676 8.728093761125885e-10
1.0307916454687787 8.757372770914393e-10
1.0332888966997897 8.786527428636343e-10
1.035786147930801 8.815559224060704e-10
1.0382833991618123 8.844469618671826e-10
1.0407806503928234 8.873260046405793e-10
1.0432779016238345 8.901931914359978e-10
1.0457751528548458 8.930486603483898e-10
1.048272404085857 8.958925469241182e-10
1.0507696553168682 8.987249842255054e-10
1.0532669065478792 9.01546102893036e-10
1.0557641577788905 9.043560312058387e-10
1.0582614090099018 9.071548951397566e-10
1.060758660240913 9.09942818424155e-10
1.063255911471924 9.127199225966256e-10
1.0657531627029353 9.154863270559337e-10
1.0682504139339466 9.182421491135619e-10
1.0707476651649577 9.209875040436565e-10
1.0732449163959688 9.23722505131067e-10
1.07574216762698 9.264472637185067e-10
1.0782394188579913 9.291618892518983e-10
1.0807366700890024 9.318664893244628e-10
1.0832339213200135 9.34561169719586e-10
1.0857311725510248 9.372460344523389e-10
1.088228423782036 9.399211858098053e-10
1.0907256750130472 9.42586724390192e-10
1.0932229262440583 9.452427491410256e-10
1.0957201774750696 9.47889357395849e-10
1.0982174287060809 9.505266449103207e-10
1.100714679937092 9.531547058969987e-10
1.103211931168103 9.557736330592046e-10
1.105709182399114 9.58383517624073e-10
1.1082064336301254 9.6098444937445e-10
1.1107036848611367 9.635765166802398e-10
1.1132009360921478 9.661598065284068e-10
1.1156981873231588 9.687344045527458e-10
1.1181954385541701 9.713003950623495e-10
1.1206926897851814 9.738578610696469e-10
1.1231899410161925 9.764068843174486e-10
1.1256871922472036 9.789475453054695e-10
1.128184443478215 9.8147992331594e-10
1.1306816947092262 9.840040964388017e-10
1.1331789459402373 9.865201415960138e-10
1.1356761971712483 9.890281345654069e-10
1.1381734484022596 9.915281500037234e-10
1.140670699633271 9.940202614692905e-10
1.143167950864282 9.965045414439405e-10
1.145665202095293 9.989810613544648e-10
1.1481624533263044 1.0014498915934125e-09
1.1506597045573157 1.003911101539639e-09
1.1531569557883268 1.006364759577948e-09
1.1556542070193379 1.0088109331186253e-09
1.1581514582503492 1.0112496886161774e-09
1.1606487094813605 1.0136810915878833e-09
1.1631459607123715 1.01610520663162e-09
1.1656432119433826 1.018522097443548e-09
1.168140463174394 1.0209318268350645e-09
1.1706377144054052 1.0233344567496439e-09
1.1731349656364163 1.025730048279052e-09
1.1756322168674274 1.0281186616792897e-09
1.1781294680984387 1.0305003563860405e-09
1.18062671932945 1.032875191030015e-09
1.183123970560461 1.03524322345157e-09
1.1856212217914721 1.0376045107153545e-09
1.1881184730224832 1.039959109124287e-09
1.1906157242534945 1.0423070742334118e-09
1.1931129754845058 1.0446484608635551e-09
1.1956102267155169 1.0469833231141546e-09
1.198107477946528 1.0493117143765493e-09
1.2006047291775392 1.0516336873462389e-09
1.2031019804085505 1.0539492940353624e-09
1.2055992316395616 1.0562585857847403e-09
1.2080964828705727 1.058561613275549e-09
1.210593734101584 1.0608584265408569e-09
1.2130909853325953 1.0631490749769952e-09
1.2155882365636064 1.065433607354319e-09
1.2180854877946174 1.0677120718282006e-09
1.2205827390256287 1.0699845159494323e-09
1.22307999025664 1.072250986674616e-09
1.2255772414876511 1.074511530376141e-09
1.2280744927186622 1.076766192852126e-09
1.2305717439496735 1.0790150193360378e-09
1.2330689951806848 1.0812580545061415e-09
1.2355662464116959 1.0834953424947843e-09
1.238063497642707 1.0857269268974115e-09
1.2405607488737183 1.0879528507814183e-09
1.2430580001047296 1.0901731566948892e-09
1.2455552513357406 1.0923878866750335e-09
1.2480525025667517 1.0945970822566047e-09
1.250549753797763 1.0968007844798164e-09
1.2530470050287743 1.098999033898751e-09
1.2555442562597854 1.1011918705886706e-09
1.2580415074907965 1.103379334154198e-09
1.2605387587218078 1.1055614637362894e-09
1.2630360099528188 1.1077382980201738e-09
1.2655332611838301 1.1099098752419531e-09
1.2680305124148412 1.1120762331962502e-09
1.2705277636458523 1.1142374092425978e-09
1.2730250148768636 1.1163934403127358e-09
1.275522266107875 1.118544362916864e-09
1.278019517338886 1.1206902131503754e-09
1.280516768569897 1.1228310267001792e-09
1.2830140198009083 1.1249668388511043e-09
1.2855112710319196 1.1270976844917874e-09
1.2880085222629307 1.1292235981209344e-09
1.2905057734939418 1.1313446138531688e-09
1.293003024724953 1.1334607654248428e-09
1.2955002759559644 1.1355720861996982e-09
1.2979975271869755 1.1376786091744385e-09
1.3004947784179866 1.1397803669842864e-09
1.3029920296489979 1.1418773919083619e-09
1.3054892808800092 1.143969715874836e-09
1.3079865321110202 1.1460573704661495e-09
1.3104837833420313 1.1481403869242062e-09
1.3129810345730426 1.1502187961553011e-09
1.315478285804054 1.1522926287349301e-09
1.317975537035065 1.1543619149126018e-09
1.320472788266076 1.1564266846168277e-09
1.3229700394970874 1.1584869674592572e-09
1.3254672907280987 1.1605427927397025e-09
1.3279645419591097 1.1625941894503127e-09
1.3304617931901208 1.1646411862801505e-09
1.332959044421132 1.1666838116191543e-09
1.3354562956521434 1.1687220935629697e-09
1.3379535468831545 1.1707560599163402e-09
1.3404507981141656 1.1727857381979435e-09
1.3429480493451769 1.174811155643802e-09
1.345445300576188 1.1768323392115335e-09
1.3479425518071992 1.1788493155841467e-09
1.3504398030382103 1.1808621111737954e-09
1.3529370542692214 1.1828707521255511e-09
1.3554343055002327 1.184875264321164e-09
1.357931556731244 1.186875673382477e-09
1.360428807962255 1.1888720046750543e-09
1.3629260591932661 1.1908642833117394e-09
1.3654233104242774 1.1928525341560298e-09
1.3679205616552887 1.1948367818253038e-09
1.3704178128862998 1.1968170506942857e-09
1.372915064117311 1.1987933648984147e-09
1.3754123153483222 1.2007657483366186e-09
1.3779095665793335 1.2027342246749374e-09
1.3804068178103446 1.20469881734928e-09
1.3829040690413557 1.2066595495686347e-09
1.385401320272367 1.2086164443179415e-09
1.3878985715033783 1.2105695243611677e-09
1.3903958227343893 1.2125188122440233e-09
1.3928930739654004 1.2144643302969223e-09
1.3953903251964117 1.2164061006378366e-09
1.397887576427423 1.218344145174864e-09
1.400384827658434 1.2202784856091044e-09
1.4028820788894452 1.2222091434371132e-09
1.4053793301204565 1.2241361399538097e-09
1.4078765813514678 1.2260594962548573e-09
1.4103738325824788 1.2279792332391047e-09
1.41287108381349 1.2298953716114003e-09
1.4153683350445012 1.231807931884751e-09
1.4178655862755125 1.2337169343828276e-09
1.4203628375065236 1.2356223992423802e-09
1.4228600887375347 1.2375243464155528e-09
1.4253573399685457 1.2394227956722284e-09
1.427854591199557 1.2413177666022061e-09
1.4303518424305683 1.2432092786174232e-09
1.4328490936615794 1.2450973509542895e-09
1.4353463448925905 1.2469820026757731e-09
1.4378435961236018 1.2488632526734e-09
1.440340847354613 1.2507411196695868e-09
1.4428380985856242 1.2526156222195606e-09
1.4453353498166353 1.2544867787133723e-09
1.4478326010476466 1.2563546073779725e-09
1.4503298522786578 1.258219126279145e-09
1.452827103509669 1.2600803533234011e-09
1.45532435474068 1.2619383062600007e-09
1.4578216059716913 1.2637930026827746e-09
1.4603188572027026 1.2656444600319302e-09
1.4628161084337137 1.2674926955959314e-09
1.4653133596647248 1.2693377265132661e-09
1.467810610895736 1.2711795697742919e-09
1.4703078621267474 1.2730182422228937e-09
1.4728051133577584 1.274853760558176e-09
1.4753023645887695 1.2766861413363645e-09
1.4777996158197808 1.2785154009722063e-09
1.480296867050792 1.2803415557407052e-09
1.4827941182818032 1.2821646217788963e-09
1.4852913695128143 1.283984615087233e-09
1.4877886207438256 1.2858015515311983e-09
1.4902858719748369 1.287615446843047e-09
1.492783123205848 1.2894263166230088e-09
1.495280374436859 1.2912341763411427e-09
1.4977776256678703 1.293039041338506e-09
1.5002748768988816 1.294840926828841e-09
1.5027721281298927 1.296639847899903e-09
1.5052693793609038 1.2984358195149883e-09
1.507766630591915 1.3002288565141478e-09
1.5102638818229261 1.3020189736157466e-09
1.5127611330539374 1.303806185417831e-09
1.5152583842849485 1.305590506399244e-09
1.5177556355159598 1.3073719509212691e-09
1.520252886746971 1.3091505332286407e-09
1.5227501379779822 1.3109262674510883e-09
1.5252473892089933 1.3126991676043946e-09
1.5277446404400046 1.3144692475918083e-09
1.5302418916710157 1.3162365212051008e-09
1.532739142902027 1.3180010021259924e-09
1.535236394133038 1.3197627039271905e-09
1.5377336453640493 1.3215216400737056e-09
1.5402308965950604 1.3232778239238363e-09
1.5427281478260717 1.3250312687304591e-09
1.5452253990570828 1.3267819876422133e-09
1.5477226502880939 1.3285299937045033e-09
1.5502199015191052 1.3302752998606306e-09
1.5527171527501162 1.3320179189528743e-09
1.5552144039811275 1.3337578637236374e-09
1.5577116552121386 1.335495146816406e-09
1.56020890644315 1.3372297807769832e-09
1.562706157674161 1.338961778054265e-09
1.5652034089051723 1.3406911510014136e-09
1.5677006601361834 1.342417911876879e-09
1.5701979113671947 1.3441420728452606e-09
1.5726951625982057 1.3458636459785077e-09
1.575192413829217 1.347582643256684e-09
1.5776896650602281 1.3492990765689987e-09
1.5801869162912394 1.351012957714676e-09
1.5826841675222505 1.3527242984041395e-09
1.5851814187532618 1.354433110259524e-09
1.5876786699842729 1.356139404815897e-09
1.5901759212152842 1.3578431935221376e-09
1.5926731724462952 1.35954448774152e-09
1.5951704236773065 1.3612432987530531e-09
1.5976676749083176 1.3629396377518692e-09
1.600164926139329 1.364633515850414e-09
1.60266217737034 1.3663249440791039e-09
1.6051594286013513 1.368013933387266e-09
1.6076566798323624 1.3697004946438096e-09
1.6101539310633737 1.37138463863821e-09
1.6126511822943848 1.3730663760811856e-09
1.615148433525396 1.3747457176054238e-09
1.6176456847564071 1.3764226737665766e-09
1.6201429359874184 1.3780972550438725e-09
1.6226401872184295 1.3797694718407904e-09
1.6251374384494406 1.3814393344859831e-09
1.6276346896804519 1.383106853234042e-09
1.630131940911463 1.3847720382659674e-09
1.6326291921424743 1.3864348996901216e-09
1.6351264433734853 1.3880954475428463e-09
1.6376236946044966 1.3897536917892754e-09
1.6401209458355077 1.3914096423237992e-09
1.642618197066519 1.3930633089709751e-09
1.64511544829753 1.3947147014861525e-09
1.6476126995285414 1.3963638295559827e-09
1.6501099507595525 1.3980107027993085e-09
1.6526072019905638 1.3996553307677239e-09
1.6551044532215748 1.4012977229460826e-09
1.6576017044525861 1.402937888753375e-09
1.6600989556835972 1.4045758375432484e-09
1.6625962069146085 1.4062115786045207e-09
1.6650934581456196 1.4078451211619754e-09
1.667590709376631 1.4094764743768655e-09
1.670087960607642 1.4111056473474716e-09
1.6725852118386533 1.4127326491099224e-09
1.6750824630696644 1.4143574886384395e-09
1.6775797143006757 1.4159801748461317e-09
1.6800769655316867 1.4176007165856003e-09
1.682574216762698 1.4192191226492999e-09
1.685071467993709 1.4208354017704294e-09
1.6875687192247204 1.4224495626230488e-09
1.6900659704557315 1.4240616138229834e-09
1.6925632216867428 1.4256715639281854e-09
1.6950604729177539 1.4272794214393428e-09
1.6975577241487652 1.4288851948003426e-09
1.7000549753797762 1.4304888923989172e-09
1.7025522266107873 1.432090522566889e-09
1.7050494778417986 1.4336900935810808e-09
1.7075467290728097 1.4352876136634446e-09
1.710043980303821 1.4368830909816676e-09
1.712541231534832 1.4384765336498425e-09
1.7150384827658434 1.4400679497287474e-09
1.7175357339968544 1.4416573472263296e-09
1.7200329852278657 1.4432447340983146e-09
1.7225302364588768 1.4448301182486043e-09
1.7250274876898881 1.4464135075297305e-09
1.7275247389208992 1.4479949097432585e-09
1.7300219901519105 1.4495743326403912e-09
1.7325192413829216 1.451151783922275e-09
1.7350164926139329 1.4527272712405174e-09
1.737513743844944 1.4543008021976101e-09
1.7400109950759552 1.4558723843472768e-09
1.7425082463069663 1.457442025195098e-09
1.7450054975379776 1.4590097321987397e-09
1.7475027487689887 1.4605755127685144e-09
1.75 1.4621393742676024e-09
