0.3973213749463701 0.0
0.39988462233225147 9.567511175587529e-13
0.40244786971813284 1.9592159440525034e-12
0.40501111710401416 3.0107155873255095e-12
0.40757436448989554 4.11481508619799e-12
0.4101376118757769 5.2753530101411255e-12
0.4127008592616583 6.49643619700161e-12
0.41526410664753965 7.782470612285715e-12
0.417827354033421 9.138166899277542e-12
0.42039060141930235 1.0568592496121692e-11
0.4229538488051837 1.2079141272228156e-11
0.4255170961910651 1.367558168226379e-11
0.4280803435769464 1.5364066859491496e-11
0.4306435909628278 1.715115108121331e-11
0.43320683834870916 1.9043805022165816e-11
0.43577008573459053 2.1049429327874243e-11
0.43833333312047185 2.317586597045153e-11
0.4408965805063532 2.543140677400223e-11
0.4434598278922346 2.782479842062166e-11
0.44602307527811597 3.0365243165807353e-11
0.44858632266399734 3.306239447610905e-11
0.45114957004987866 3.592634658757697e-11
0.45371281743576003 3.896761718922069e-11
0.4562760648216414 4.219712217351213e-11
0.4588393122075228 4.562614153582609e-11
0.46140255959340415 4.9266275516373614e-11
0.46396580697928547 5.312939015922204e-11
0.46652905436516684 5.722755161327626e-11
0.4690923017510482 6.157294869964536e-11
0.4716555491369296 6.617780352900047e-11
0.47421879652281096 7.105427028870034e-11
0.4767820439086923 7.621432269869678e-11
0.47934529129457365 8.166963109217353e-11
0.481908538680455 8.743143053634193e-11
0.48447178606633634 9.351038193245178e-11
0.4870350334522177 9.991642849596706e-11
0.4895982808380991 1.0665865048687377e-10
0.49216152822398046 1.1374512142101805e-10
0.49472477560986183 1.2118276925900478e-10
0.49728802299574315 1.2897724619235936e-10
0.4998512703816245 1.37132810609241e-10
0.5024145177675059 1.4565222459320803e-10
0.5049777651533872 1.5453666991741576e-10
0.5075410125392686 1.637856849265555e-10
0.51010425992515 1.7339712400110916e-10
0.5126675073110314 1.83367140485448e-10
0.5152307546969127 1.9369019311572575e-10
0.517794002082794 2.0435907513072382e-10
0.5203572494686755 2.1536496444034375e-10
0.5229204968545568 2.2669749253083786e-10
0.5254837442404381 2.3834482921916377e-10
0.5280469916263195 2.502937799468281e-10
0.5306102390122008 2.625298920648488e-10
0.5331734863980823 2.7503756646697775e-10
0.5357367337839636 2.878001709891593e-10
0.538299981169845 3.008001521540351e-10
0.5408632285557263 3.1401914210645634e-10
0.5434264759416076 3.274380578782368e-10
0.5459897233274891 3.410371904372948e-10
0.5485529707133704 3.5479628125740085e-10
0.5511162180992517 3.6869458436651303e-10
0.5536794654851331 3.8271091194382717e-10
0.5562427128710145 3.9682366150319154e-10
0.5588059602568958 4.110108224645441e-10
0.5613692076427772 4.2524995940228915e-10
0.5639324550286586 4.3951816834376786e-10
0.56649570241454 4.537920009934262e-10
0.5690589498004213 4.68047349344473e-10
0.5716221971863027 4.822592792115394e-10
0.574185444572184 4.964017947129081e-10
0.5767486919580653 5.104475044636417e-10
0.5793119393439468 5.243671396674454e-10
0.5818751867298281 5.381288340895873e-10
0.5844384341157094 5.516969897029031e-10
0.5870016815015908 5.650303430448409e-10
0.5895649288874721 5.780782428982839e-10
0.5921281762733536 5.907718010312336e-10
0.5946914236592349 6.029868363645207e-10
0.5972546710451163 6.145184334204215e-10
0.5998179184309976 6.255697600538288e-10
0.602381165816879 6.362492470511991e-10
0.6049444132027604 6.466131172298766e-10
0.6075076605886417 6.566993750504875e-10
0.610070907974523 6.665363897087181e-10
0.6126341553604044 6.761465499144449e-10
0.6151974027462858 6.855481756071935e-10
0.6177606501321671 6.947566461071236e-10
0.6203238975180485 7.037851218933932e-10
0.6228871449039299 7.126450341366585e-10
0.6254503922898113 7.21346431747274e-10
0.6280136396756926 7.298982361273928e-10
0.630576887061574 7.383084335087412e-10
0.6331401344474553 7.465842235788773e-10
0.6357033818333366 7.547321365921891e-10
0.6382666292192181 7.627581271948703e-10
0.6408298766050994 7.706676506796463e-10
0.6433931239909807 7.784657257400722e-10
0.6459563713768621 7.861569866857992e-10
0.6485196187627436 7.937457273142292e-10
0.6510828661486248 8.012359380943649e-10
0.6536461135345062 8.086313379300957e-10
0.6562093609203876 8.159354014853596e-10
0.6587726083062689 8.231513828430582e-10
0.6613358556921503 8.30282336110182e-10
0.6638991030780317 8.373311334595208e-10
0.666462350463913 8.44300481005685e-10
0.6690255978497943 8.5119293283888e-10
0.6715888452356757 8.580109034829051e-10
0.6741520926215571 8.647566789977418e-10
0.6767153400074384 8.714324269104543e-10
0.6792785873933198 8.780402051284631e-10
0.6818418347792012 8.845819699649189e-10
0.6844050821650826 8.91059583386571e-10
0.6869683295509639 8.974748195777133e-10
0.6895315769368453 9.038293709006375e-10
0.6920948243227266 9.101248533216665e-10
0.6946580717086079 9.163628113624258e-10
0.6972213190944894 9.225447226279267e-10
0.6997845664803707 9.286720019565519e-10
0.702347813866252 9.347460052312125e-10
0.7049110612521334 9.40768032886008e-10
0.7074743086380149 9.46739333138749e-10
0.7100375560238961 9.52661104975689e-10
0.7126008034097775 9.58534500912558e-10
0.7151640507956589 9.643606295521358e-10
0.7177272981815402 9.701405579574691e-10
0.7202905455674216 9.75875313857052e-10
0.722853792953303 9.815658876965314e-10
0.7254170403391843 9.872132345505562e-10
0.7279802877250656 9.928182759063438e-10
0.730543535110947 9.983819013297514e-10
0.7331067824968284 1.0039049700233935e-09
0.7356700298827097 1.0093883122854294e-09
0.7382332772685911 1.0148327308769883e-09
0.7407965246544725 1.0202390023052656e-09
0.7433597720403538 1.0256078780287283e-09
0.7459230194262352 1.0309400855901638e-09
0.7484862668121166 1.0362363296831684e-09
0.7510495141979979 1.0414972931567242e-09
0.7536127615838792 1.0467236379623096e-09
0.7561760089697607 1.0519160060477586e-09
0.758739256355642 1.0570750202013984e-09
0.7613025037415233 1.0622012848499192e-09
0.7638657511274047 1.0672953868133437e-09
0.766428998513286 1.0723578960194129e-09
0.7689922458991674 1.077389366180748e-09
0.7715554932850488 1.0823903354366976e-09
0.7741187406709302 1.0873613269622168e-09
0.7766819880568115 1.0923028495461584e-09
0.7792452354426929 1.0972153981404465e-09
0.7818084828285743 1.1020994543822995e-09
0.7843717302144556 1.1069554870909415e-09
0.7869349776003369 1.1117839527403095e-09
0.7894982249862184 1.1165852959094007e-09
0.7920614723720997 1.1213599497113435e-09
0.794624719757981 1.1261083362024332e-09
0.7971879671438624 1.1308308667725454e-09
0.7997512145297438 1.1355279425175848e-09
0.802314461915625 1.1401999545953883e-09
0.8048777093015065 1.1448472845655276e-09
0.8074409566873879 1.1494703047143983e-09
0.8100042040732692 1.154069378366123e-09
0.8125674514591505 1.1586448601797914e-09
0.815130698845032 1.1631970964343937e-09
0.8176939462309133 1.1677264253014647e-09
0.8202571936167946 1.1722331771063976e-09
0.822820441002676 1.1767176745790496e-09
0.8253836883885574 1.1811802330938317e-09
0.8279469357744387 1.1856211609004106e-09
0.8305101831603201 1.1900407593447733e-09
0.8330734305462015 1.194439323081725e-09
0.8356366779320828 1.1988171402789268e-09
0.8381999253179642 1.2031744928130275e-09
0.8407631727038456 1.2075116564580755e-09
0.8433264200897269 1.2118289010668436e-09
0.8458896674756082 1.216126490745175e-09
0.8484529148614897 1.2204046840197731e-09
0.851016162247371 1.2246637339997343e-09
0.8535794096332523 1.2289038885321588e-09
0.8561426570191337 1.2331253903519312e-09
0.8587059044050152 1.2373284772261453e-09
0.8612691517908964 1.2415133820932812e-09
0.8638323991767778 1.2456803331974567e-09
0.8663956465626592 1.2498295542177657e-09
0.8689588939485405 1.2539612643932655e-09
0.8715221413344219 1.2580756786434706e-09
0.8740853887203033 1.262173007684713e-09
0.8766486361061846 1.2662534581424925e-09
0.8792118834920659 1.270317232660002e-09
0.8817751308779473 1.274364530003019e-09
0.8843383782638287 1.2783955451612295e-09
0.88690162564971 1.282410469446185e-09
0.8894648730355914 1.286409490586044e-09
0.8920281204214728 1.2903927928172096e-09
0.8945913678073542 1.294360556972931e-09
0.8971546151932355 1.2983129605691743e-09
0.8997178625791169 1.3022501778875589e-09
0.9022811099649982 1.3061723800557459e-09
0.9048443573508795 1.3100797351253597e-09
0.907407604736761 1.3139724081473342e-09
0.9099708521226423 1.3178505612449792e-09
0.9125340995085237 1.3217143536847777e-09
0.915097346894405 1.3255639419449298e-09
0.9176605942802863 1.3293994797820633e-09
0.9202238416661678 1.3332211182955198e-09
0.9227870890520491 1.3370290059900761e-09
0.9253503364379304 1.340823288836607e-09
0.9279135838238118 1.344604110330905e-09
0.9304768312096932 1.3483716115509042e-09
0.9330400785955746 1.3521259312122558e-09
0.9356033259814559 1.3558672057219527e-09
0.9381665733673372 1.3595955692308532e-09
0.9407298207532186 1.3633111536844848e-09
0.9432930681391 1.367014088872239e-09
0.9458563155249814 1.3707045024754366e-09
0.9484195629108627 1.3743825201139038e-09
0.950982810296744 1.3780482653913512e-09
0.9535460576826255 1.3817018599392598e-09
0.9561093050685068 1.3853434234599112e-09
0.9586725524543882 1.3889730737677517e-09
0.9612357998402695 1.3925909268301695e-09
0.9637990472261508 1.3961970968066727e-09
0.9663622946120323 1.3997916960874435e-09
0.9689255419979136 1.4033748353304066e-09
0.971488789383795 1.4069466234977585e-09
0.9740520367696763 1.4105071678912086e-09
0.9766152841555577 1.4140565741864448e-09
0.9791785315414391 1.4175949464665388e-09
0.9817417789273204 1.421122387254742e-09
0.9843050263132017 1.4246389975463088e-09
0.9868682736990831 1.4281448768391204e-09
0.9894315210849645 1.4316401231643173e-09
0.9919947684708459 1.435124833115407e-09
0.9945580158567272 1.4385991018771814e-09
0.9971212632426085 1.4420630232533509e-09
0.99968451062849 1.4455166896940242e-09
1.0022477580143714 1.4489601923222917e-09
1.0048110054002528 1.4523936209598459e-09
1.007374252786134 1.4558170641526371e-09
1.0099375001720152 1.459230609195183e-09
1.0125007475578967 1.4626343421548936e-09
1.015063994943778 1.4660283478952834e-09
1.0176272423296595 1.4694127100990082e-09
1.020190489715541 1.4727875112901986e-09
1.0227537371014221 1.4761528328562651e-09
1.0253169844873036 1.4795087550692037e-09
1.0278802318731848 1.4828553571062863e-09
1.0304434792590662 1.4861927170704639e-09
1.0330067266449476 1.4895209120102312e-09
1.035569974030829 1.4928400179388143e-09
1.0381332214167105 1.4961501098532994e-09
1.0406964688025917 1.4994512617529682e-09
1.043259716188473 1.502743546657323e-09
1.0458229635743543 1.506027036623887e-09
1.0483862109602358 1.5093018027652572e-09
1.0509494583461172 1.5125679152661828e-09
1.0535127057319986 1.5158254433997831e-09
1.0560759531178798 1.5190744555438259e-09
1.0586392005037613 1.522315019196378e-09
1.0612024478896425 1.5255472009913355e-09
1.063765695275524 1.5287710667132726e-09
1.0663289426614053 1.5319866813123236e-09
1.0688921900472867 1.5351941089185365e-09
1.0714554374331682 1.538393412856011e-09
1.0740186848190494 1.541584655656565e-09
1.0765819322049308 1.5447678990732715e-09
1.079145179590812 1.547943204093785e-09
1.0817084269766934 1.5511106309530415e-09
1.0842716743625749 1.5542702391460933e-09
1.0868349217484563 1.5574220874402178e-09
1.0893981691343375 1.5605662338874975e-09
1.091961416520219 1.5637027358360945e-09
1.0945246639061001 1.566831649942291e-09
1.0970879112919816 1.5699530321817368e-09
1.099651158677863 1.5730669378604602e-09
1.1022144060637444 1.5761734216259669e-09
1.1047776534496259 1.579272537477732e-09
1.107340900835507 1.5823643387778607e-09
1.1099041482213885 1.5854488782611749e-09
1.1124673956072697 1.5885262080453004e-09
1.1150306429931511 1.5915963796404994e-09
1.1175938903790326 1.5946594439593895e-09
1.120157137764914 1.597715451326294e-09
1.1227203851507954 1.6007644514864836e-09
1.1252836325366766 1.6038064936153756e-09
1.1278468799225578 1.6068416263273311e-09
1.1304101273084393 1.6098698976844052e-09
1.1329733746943207 1.6128913552049087e-09
1.1355366220802021 1.6159060458717033e-09
1.1380998694660835 1.6189140161406442e-09
1.1406631168519648 1.6219153119483895e-09
1.1432263642378462 1.624909978720367e-09
1.1457896116237274 1.6278980613786751e-09
1.1483528590096088 1.6308796043496427e-09
1.1509161063954902 1.6338546515710498e-09
1.1534793537813717 1.636823246499791e-09
1.156042601167253 1.6397854321188346e-09
1.1586058485531343 1.6427412509443032e-09
1.1611690959390155 1.6456907450325717e-09
1.163732343324897 1.6486339559867248e-09
1.1662955907107784 1.6515709249635108e-09
1.1688588380966598 1.6545016926796989e-09
1.1714220854825412 1.6574262994186182e-09
1.1739853328684224 1.6603447850363492e-09
1.1765485802543039 1.6632571889679842e-09
1.179111827640185 1.6661635502335706e-09
1.1816750750260665 1.669063907444312e-09
1.184238322411948 1.6719582988082269e-09
1.1868015697978294 1.6748467621358553e-09
1.1893648171837108 1.6777293348461285e-09
1.191928064569592 1.6806060539716054e-09
1.1944913119554732 1.6834769561642417e-09
1.1970545593413546 1.6863420777004412e-09
1.199617806727236 1.6892014544865434e-09
1.2021810541131175 1.6920551220638512e-09
1.204744301498999 1.6949031156137028e-09
1.2073075488848801 1.6977454699624778e-09
1.2098707962707616 1.7005822195865777e-09
1.2124340436566428 1.7034133986170006e-09
1.2149972910425242 1.7062390408443551e-09
1.2175605384284056 1.7090591797232367e-09
1.220123785814287 1.7118738483770524e-09
1.2226870332001685 1.71468307960225e-09
1.2252502805860497 1.7174869058729502e-09
1.227813527971931 1.7202853593451082e-09
1.2303767753578123 1.7230784718608433e-09
1.2329400227436937 1.725866274952668e-09
1.2355032701295752 1.7286487998474992e-09
1.2380665175154566 1.7314260774708885e-09
1.240629764901338 1.7341981384508517e-09
1.2431930122872192 1.7369650131217142e-09
1.2457562596731004 1.7397267315282167e-09
1.2483195070589819 1.7424833234290725e-09
1.2508827544448633 1.7452348183008266e-09
1.2534460018307447 1.7479812453413266e-09
1.2560092492166262 1.750722633473759e-09
1.2585724966025074 1.753459011349559e-09
1.2611357439883888 1.756190407352484e-09
1.26369899137427 1.7589168496017297e-09
1.2662622387601514 1.7616383659553328e-09
1.2688254861460329 1.7643549840135313e-09
1.2713887335319143 1.7670667311221434e-09
1.2739519809177957 1.7697736343754893e-09
1.276515228303677 1.7724757206199676e-09
1.2790784756895581 1.7751730164567538e-09
1.2816417230754396 1.7778655482450871e-09
1.284204970461321 1.7805533421053885e-09
1.2867682178472024 1.783236423921881e-09
1.2893314652330838 1.7859148193459196e-09
1.291894712618965 1.7885885537985431e-09
1.2944579600048465 1.7912576524734716e-09
1.2970212073907277 1.7939221403398777e-09
1.299584454776609 1.7965820421451045e-09
1.3021477021624905 1.7992373824173896e-09
1.304710949548372 1.8018881854684696e-09
1.3072741969342534 1.8045344753962372e-09
1.3098374443201346 1.8071762760874098e-09
1.3124006917060158 1.8098136112198411e-09
1.3149639390918972 1.8124465042653593e-09
1.3175271864777787 1.8150749784919464e-09
1.32009043386366 1.8176990569662115e-09
1.3226536812495415 1.820318762555831e-09
1.3252169286354227 1.8229341179320441e-09
1.3277801760213042 1.8255451455716713e-09
1.3303434234071854 1.8281518677596595e-09
1.3329066707930668 1.8307543065912469e-09
1.3354699181789482 1.8333524839740573e-09
1.3380331655648297 1.8359464216305126e-09
1.340596412950711 1.8385361410997895e-09
1.3431596603365923 1.8411216637400722e-09
1.3457229077224737 1.8437030107305832e-09
1.348286155108355 1.8462802030736398e-09
1.3508494024942364 1.8488532615966943e-09
1.3534126498801178 1.8514222069543792e-09
1.3559758972659992 1.8539870596304315e-09
1.3585391446518804 1.8565478399395727e-09
1.3611023920377618 1.8591045680295495e-09
1.363665639423643 1.8616572638829605e-09
1.3662288868095245 1.864205947319148e-09
1.368792134195406 1.866750637995958e-09
1.3713553815812873 1.8692913554116462e-09
1.3739186289671688 1.871828118906557e-09
1.37648187635305 1.8743609476650375e-09
1.3790451237389314 1.8768898607169955e-09
1.3816083711248126 1.8794148769396535e-09
1.384171618510694 1.8819360150593162e-09
1.3867348658965755 1.8844532936530306e-09
1.389298113282457 1.886966731150098e-09
1.3918613606683383 1.8894763458337866e-09
1.3944246080542195 1.8919821558429e-09
1.3969878554401007 1.894484179173375e-09
1.3995511028259822 1.8969824336797866e-09
1.4021143502118636 1.899476937076919e-09
1.404677597597745 1.901967706941218e-09
1.4072408449836264 1.9044547607124123e-09
1.4098040923695079 1.9069381156947312e-09
1.4123673397553889 1.9094177890586595e-09
1.4149305871412703 1.911893797842065e-09
1.4174938345271517 1.914366158951864e-09
1.4200570819130331 1.9168348891652386e-09
1.4226203292989146 1.919300005131087e-09
1.425183576684796 1.9217615233713284e-09
1.4277468240706774 1.9242194602823096e-09
1.4303100714565584 1.92667383213609e-09
1.4328733188424398 1.9291246550815755e-09
1.4354365662283213 1.931571945146145e-09
1.4379998136142027 1.9340157182366357e-09
1.4405630610000841 1.9364559901406967e-09
1.4431263083859656 1.9388927765279103e-09
1.4456895557718465 1.941326092951229e-09
1.448252803157728 1.9437559548480856e-09
1.4508160505436094 1.9461823775413275e-09
1.4533792979294908 1.9486053762407905e-09
1.4559425453153723 1.9510249660441623e-09
1.4585057927012537 1.953441161938291e-09
1.4610690400871351 1.9558539788001753e-09
1.463632287473016 1.9582634313981408e-09
1.4661955348588975 1.960669534393007e-09
1.468758782244779 1.9630723023389775e-09
1.4713220296306604 1.965471749685012e-09
1.4738852770165418 1.967867890775446e-09
1.4764485244024232 1.970260739851468e-09
1.4790117717883042 1.972650311051938e-09
1.4815750191741857 1.9750366184143387e-09
1.484138266560067 1.97741967587593e-09
1.4867015139459485 1.9797994972746847e-09
1.48926476133183 1.9821760963502664e-09
1.4918280087177114 1.9845494867449204e-09
1.4943912561035928 1.986919682004469e-09
1.4969545034894738 1.989286695579375e-09
1.4995177508753552 1.9916505408255794e-09
1.5020809982612366 1.9940112310052516e-09
1.504644245647118 1.996368779288072e-09
1.5072074930329995 1.998723198751757e-09
1.509770740418881 2.0010745023831117e-09
1.512333987804762 2.0034227030789694e-09
1.5148972351906433 2.0057678136469402e-09
1.5174604825765248 2.0081098468062523e-09
1.5200237299624062 2.010448815188736e-09
1.5225869773482876 2.0127847313395234e-09
1.525150224734169 2.0151176077178603e-09
1.5277134721200505 2.017447456698075e-09
1.5302767195059315 2.019774290570167e-09
1.532839966891813 2.0220981215408e-09
1.5354032142776943 2.024418961733997e-09
1.5379664616635758 2.0267368231917995e-09
1.5405297090494572 2.0290517178752426e-09
1.5430929564353386 2.031363657665024e-09
1.54565620382122 2.033672654362238e-09
1.548219451207101 2.0359787196890706e-09
1.5507826985929825 2.038281865289593e-09
1.5533459459788639 2.0405821027305164e-09
1.5559091933647453 2.0428794435017706e-09
1.5584724407506267 2.045173899017393e-09
1.5610356881365082 2.0474654806160865e-09
1.5635989355223892 2.0497541995619276e-09
1.5661621829082706 2.0520400670450685e-09
1.568725430294152 2.054323094182379e-09
1.5712886776800334 2.056603292018292e-09
1.5738519250659149 2.058880671525078e-09
1.5764151724517963 2.061155243603881e-09
1.5789784198376777 2.063427019085224e-09
1.5815416672235587 2.0656960087294537e-09
1.5841049146094401 2.067962223227728e-09
1.5866681619953216 2.0702256732023774e-09
1.589231409381203 2.072486369207526e-09
1.5917946567670844 2.074744321729789e-09
1.5943579041529659 2.0769995411889776e-09
1.5969211515388468 2.0792520379383026e-09
1.5994843989247283 2.0815018222654497e-09
1.6020476463106097 2.083748904392796e-09
1.6046108936964911 2.085993294478116e-09
1.6071741410823726 2.088235002615195e-09
1.609737388468254 2.0904740388343155e-09
1.6123006358541354 2.0927104131028424e-09
1.6148638832400164 2.094944135325733e-09
1.6174271306258978 2.0971752153460794e-09
1.6199903780117793 2.0994036629457645e-09
1.6225536253976607 2.101629487845842e-09
1.625116872783542 2.103852699707068e-09
1.6276801201694235 2.1060733081306694e-09
1.6302433675553045 2.1082913226583972e-09
1.632806614941186 2.110506752773458e-09
1.6353698623270674 2.1127196079008177e-09
1.6379331097129488 2.1149298974076948e-09
1.6404963570988302 2.1171376306041156e-09
1.6430596044847117 2.1193428167433825e-09
1.645622851870593 2.1215454650225803e-09
1.648186099256474 2.1237455845828986e-09
1.6507493466423555 2.1259431845103296e-09
1.653312594028237 2.1281382738359657e-09
1.6558758414141184 2.1303308615365684e-09
1.6584390887999998 2.1325209565348785e-09
1.6610023361858812 2.134708567700268e-09
1.6635655835717622 2.1368937038490314e-09
1.6661288309576436 2.1390763737448784e-09
1.668692078343525 2.141256586099296e-09
1.6712553257294065 2.1434343495721032e-09
1.673818573115288 2.1456096727719e-09
1.6763818205011694 2.147782564256303e-09
