0.5038716357254187 nan
0.5063688869564299 5.5226133779287504e-15
0.5088661381874411 1.136785949015344e-14
0.5113633894184523 1.7471472355607288e-14
0.5138606406494635 2.388281162941584e-14
0.5163578918804747 3.062495197842607e-14
0.5188551431114858 3.772283600495434e-14
0.521352394342497 4.5203430639378504e-14
0.5238496455735082 5.309589672429741e-14
0.5263468968045194 6.143177291827374e-14
0.5288441480355306 7.024517509258317e-14
0.5313413992665418 7.957301253486439e-14
0.533838650497553 8.945522233686498e-14
0.5363359017285642 9.993502349431498e-14
0.5388331529595753 1.1105919233657412e-13
0.5413304041905864 1.2287836105176767e-13
0.5438276554215977 1.3544734119959515e-13
0.5463249066526088 1.4882547427192376e-13
0.54882215788362 1.630770114892899e-13
0.5513194091146312 1.78271525227021e-13
0.5538166603456424 1.944838949046673e-13
0.5563139115766536 2.1179655782503034e-13
0.5588111628076647 2.3029747548034424e-13
0.5613084140386759 2.500823440610214e-13
0.5638056652696871 2.712548088030053e-13
0.5663029165006983 2.939271260639441e-13
0.5688001677317095 3.1822087944506513e-13
0.5712974189627207 3.44267754127344e-13
0.5737946701937319 3.7221331429692016e-13
0.5762919214247431 4.022065167453873e-13
0.5787891726557542 4.3441726083179043e-13
0.5812864238867654 4.690267135547139e-13
0.5837836751177766 5.062310561954463e-13
0.5862809263487878 5.46242712736501e-13
0.588778177579799 5.892916744262622e-13
0.5912754288108102 6.356269272356417e-13
0.5937726800418214 6.855179892993842e-13
0.5962699312728326 7.392493473801036e-13
0.5987671825038438 7.971502624228527e-13
0.6012644337348549 8.595558200693726e-13
0.6037616849658661 9.268354963903877e-13
0.6062589361968773 9.993889054331323e-13
0.6087561874278885 1.0776481621385525e-12
0.6112534386588997 1.162080412511166e-12
0.6137506898899109 1.2531905396952773e-12
0.6162479411209221 1.3515240544770264e-12
0.6187451923519331 1.4576701783940726e-12
0.6212424435829444 1.572254272114083e-12
0.6237396948139555 1.6959834946917173e-12
0.6262369460449668 1.82958899488537e-12
0.6287341972759779 1.9738697577754588e-12
0.6312314485069892 2.129687019256412e-12
0.6337286997380003 2.2979686289847784e-12
0.6362259509690115 2.479713632014805e-12
0.6387232022000227 2.6759970633000143e-12
0.6412204534310338 2.8879749448806574e-12
0.643717704662045 3.1168894703020925e-12
0.6462149558930562 3.3640743543941328e-12
0.6487122071240674 3.6309603189152504e-12
0.6512094583550786 3.919080675257257e-12
0.6537067095860898 4.2300769545912906e-12
0.656203960817101 4.565704522730479e-12
0.6587012120481122 4.927838101835466e-12
0.6611984632791233 5.318477103013558e-12
0.6636957145101345 5.7397506529993335e-12
0.6661929657411457 6.193922173593398e-12
0.6686902169721569 6.683393294649335e-12
0.6711874682031681 7.210707190582094e-12
0.6736847194341793 7.778550382486166e-12
0.6761819706651905 8.38975366353142e-12
0.6786792218962017 9.047291121770567e-12
0.6811764731272129 9.754277144905893e-12
0.683673724358224 1.0513960910719881e-11
0.6861709755892352 1.1329717840029864e-11
0.6886682268202464 1.2205037408552592e-11
0.6911654780512576 1.3143506623405049e-11
0.6936627292822688 1.4148788368505489e-11
0.6961599805132799 1.522459370839533e-11
0.6986572317442912 1.6374647110176378e-11
0.7011544829753023 1.7602643396780894e-11
0.7036517342063136 1.8912195070162548e-11
0.7061489854373246 2.0306768442728587e-11
0.7086462366683359 2.1789606765189163e-11
0.711143487899347 2.3363638225847976e-11
0.7136407391303583 2.503136628322168e-11
0.7161379903613694 2.6794739226164864e-11
0.7186352415923806 2.8654995041456613e-11
0.7211324928233918 3.061247645286982e-11
0.723629744054403 3.266640910748945e-11
0.7261269952854141 3.481463283851666e-11
0.7286242465164253 3.705327081574313e-11
0.7311214977474365 3.9376312390119826e-11
0.7336187489784477 4.177506870669299e-11
0.7361160002094589 4.423742666737238e-11
0.7386132514404701 4.674675345170419e-11
0.7411105026714813 4.928011923048078e-11
0.7436077539024925 5.180493886143878e-11
0.7461050051335036 5.4270629235214176e-11
0.7486022563645148 5.6563412173674436e-11
0.751099507595526 5.861495158880065e-11
0.7535967588265372 6.052780228060628e-11
0.7560940100575484 6.233858749003756e-11
0.7585912612885596 6.406700160450508e-11
0.7610885125195708 6.57259593164119e-11
0.763585763750582 6.732475360942615e-11
0.7660830149815931 6.887045815875064e-11
0.7685802662126042 7.036866753105066e-11
0.7710775174436155 7.182393211578479e-11
0.7735747686746266 7.324003338061209e-11
0.7760720199056379 7.462016790869037e-11
0.778569271136649 7.596707576731424e-11
0.7810665223676603 7.728313313224605e-11
0.7835637735986714 7.857042099500058e-11
0.7860610248296827 7.983077731998889e-11
0.7885582760606937 8.10658374214891e-11
0.791055527291705 8.227706575214072e-11
0.7935527785227161 8.346578129903325e-11
0.7960500297537274 8.463317813557313e-11
0.7985472809847385 8.57803422437208e-11
0.8010445322157498 8.69082654240928e-11
0.8035417834467609 8.801785690361984e-11
0.806039034677772 8.910995310207744e-11
0.8085362859087832 9.018532591132443e-11
0.8110335371397944 9.124468976191747e-11
0.8135307883708056 9.228870769261982e-11
0.8160280396018168 9.331799659362402e-11
0.818525290832828 9.433313176019768e-11
0.8210225420638392 9.533465086695317e-11
0.8235197932948504 9.632305745242831e-11
0.8260170445258616 9.729882398736649e-11
0.8285142957568727 9.826239458722921e-11
0.8310115469878839 9.921418741921113e-11
0.8335087982188951 1.0015459684556755e-10
0.8360060494499063 1.0108399533858958e-10
0.8385033006809175 1.020027351967307e-10
0.8410005519119287 1.0291115008716819e-10
0.8434978031429399 1.0380955643612091e-10
0.845995054373951 1.046982546853122e-10
0.8484923056049622 1.0557753043024244e-10
0.8509895568359733 1.0644765545388122e-10
0.8534868080669846 1.0730888866747358e-10
0.8559840592979957 1.0816147696865272e-10
0.858481310529007 1.0900565602574222e-10
0.8609785617600181 1.0984165099598424e-10
0.8634758129910294 1.1066967718450326e-10
0.8659730642220405 1.1148994064995825e-10
0.8684703154530518 1.1230263876217612e-10
0.8709675666840628 1.1310796071638677e-10
0.8734648179150741 1.1390608800821705e-10
0.8759620691460852 1.1469719487307236e-10
0.8784593203770965 1.1548144869318769e-10
0.8809565716081076 1.1625901037524298e-10
0.8834538228391188 1.170300347011537e-10
0.88595107407013 1.1779467065435793e-10
0.8884483253011412 1.185530617236899e-10
0.8909455765321523 1.1930534618673653e-10
0.8934428277631635 1.200516573743431e-10
0.8959400789941747 1.2079212391783353e-10
0.8984373302251859 1.2152686998029651e-10
0.9009345814561971 1.2225601547321197e-10
0.9034318326872083 1.2297967625954823e-10
0.9059290839182195 1.2369796434435639e-10
0.9084263351492307 1.2441098805381233e-10
0.9109235863802418 1.2511885220356068e-10
0.913420837611253 1.2582165825713416e-10
0.9159180888422642 1.2651950447517426e-10
0.9184153400732754 1.2721248605609773e-10
0.9209125913042866 1.2790069526881696e-10
0.9234098425352978 1.285842215780521e-10
0.925907093766309 1.2926315176275238e-10
0.92840434499732 1.299375700280803e-10
0.9309015962283314 1.3060755811138905e-10
0.9333988474593424 1.31273195382595e-10
0.9358960986903537 1.3193455893929412e-10
0.9383933499213648 1.3259172369696754e-10
0.9408906011523761 1.332447624745852e-10
0.9433878523833872 1.3389374607589456e-10
0.9458851036143985 1.345387433666585e-10
0.9483823548454096 1.351798213480872e-10
0.9508796060764209 1.3581704522670298e-10
0.9533768573074319 1.3645047848083353e-10
0.9558741085384432 1.3708018292403335e-10
0.9583713597694543 1.3770621876503584e-10
0.9608686110004656 1.3832864466610145e-10
0.9633658622314767 1.389475177965682e-10
0.9658631134624879 1.3956289388839194e-10
0.9683603646934991 1.4017482728057002e-10
0.9708576159245103 1.4078337097258092e-10
0.9733548671555214 1.4138857666725028e-10
0.9758521183865326 1.4199049481472315e-10
0.9783493696175438 1.425891746549755e-10
0.980846620848555 1.4318466425698816e-10
0.9833438720795662 1.4377701055789373e-10
0.9858411233105774 1.443662593990156e-10
0.9883383745415886 1.4495245556123688e-10
0.9908356257725998 1.455356427993947e-10
0.993332877003611 1.4611586387343015e-10
0.9958301282346221 1.4669316058098724e-10
0.9983273794656333 1.472675737854378e-10
1.0008246306966444 1.478391434460558e-10
1.0033218819276557 1.4840790864485006e-10
1.005819133158667 1.4897390761304257e-10
1.008316384389678 1.495371777566704e-10
1.0108136356206892 1.5009775568064273e-10
1.0133108868517005 1.506556772130734e-10
1.0158081380827118 1.5121097742696111e-10
1.0183053893137228 1.517636906624477e-10
1.020802640544734 1.5231385054818296e-10
1.0232998917757452 1.528614900208657e-10
1.0257971430067563 1.5340664134502307e-10
1.0282943942377676 1.5394933613202033e-10
1.0307916454687787 1.5448960535780287e-10
1.0332888966997897 1.5502747938070425e-10
1.035786147930801 1.555629879580837e-10
1.0382833991618123 1.560961602626971e-10
1.0407806503928234 1.5662702489838904e-10
1.0432779016238345 1.5715560991535173e-10
1.0457751528548458 1.5768194282468244e-10
1.048272404085857 1.5820605061250015e-10
1.0507696553168682 1.5872795975385304e-10
1.0532669065478792 1.5924769622570363e-10
1.0557641577788905 1.5976528551992897e-10
1.0582614090099018 1.6028075265558655e-10
1.060758660240913 1.6079412219084707e-10
1.063255911471924 1.6130541823477313e-10
1.0657531627029353 1.6181466445833324e-10
1.0682504139339466 1.6232188410540862e-10
1.0707476651649577 1.6282710000313752e-10
1.0732449163959688 1.6333033457241011e-10
1.07574216762698 1.6383160983742624e-10
1.0782394188579913 1.6433094743540407e-10
1.0807366700890024 1.6482836862586732e-10
1.0832339213200135 1.653238942995602e-10
1.0857311725510248 1.6581754498726817e-10
1.088228423782036 1.6630934086818116e-10
1.0907256750130472 1.6679930177815045e-10
1.0932229262440583 1.6728744721762026e-10
1.0957201774750696 1.6777379635938214e-10
1.0982174287060809 1.682583680560628e-10
1.100714679937092 1.6874118084736634e-10
1.103211931168103 1.6922225296724886e-10
1.105709182399114 1.6970160235063147e-10
1.1082064336301254 1.7017924664023745e-10
1.1107036848611367 1.7065520319294467e-10
1.1132009360921478 1.711294890861577e-10
1.1156981873231588 1.716021211239171e-10
1.1181954385541701 1.7207311584285907e-10
1.1206926897851814 1.725424895179686e-10
1.1231899410161925 1.7301025816824824e-10
1.1256871922472036 1.734764375621647e-10
1.128184443478215 1.7394104322303685e-10
1.1306816947092262 1.7440409043412722e-10
1.1331789459402373 1.7486559424377133e-10
1.1356761971712483 1.7532556947022364e-10
1.1381734484022596 1.7578403070650375e-10
1.140670699633271 1.7624099232498815e-10
1.143167950864282 1.7669646848195614e-10
1.145665202095293 1.7715047312204627e-10
1.1481624533263044 1.7760301998250254e-10
1.1506597045573157 1.7805412259743738e-10
1.1531569557883268 1.7850379430180159e-10
1.1556542070193379 1.7895204823546627e-10
1.1581514582503492 1.793988973470412e-10
1.1606487094813605 1.7984435439768777e-10
1.1631459607123715 1.8028843196479367e-10
1.1656432119433826 1.8073114244554102e-10
1.168140463174394 1.8117249806046381e-10
1.1706377144054052 1.8161251085681557e-10
1.1731349656364163 1.820511927119366e-10
1.1756322168674274 1.8248855533647935e-10
1.1781294680984387 1.829246102776234e-10
1.18062671932945 1.8335936892213428e-10
1.183123970560461 1.8379284249941026e-10
1.1856212217914721 1.842250420844141e-10
1.1881184730224832 1.8465597860060041e-10
1.1906157242534945 1.8508566282264507e-10
1.1931129754845058 1.855141053792911e-10
1.1956102267155169 1.8594131675594745e-10
1.198107477946528 1.8636730729738761e-10
1.2006047291775392 1.867920872102344e-10
1.2031019804085505 1.8721566656553524e-10
1.2055992316395616 1.8763805530111908e-10
1.2080964828705727 1.8805926322407334e-10
1.210593734101584 1.8847930001303822e-10
1.2130909853325953 1.8889817522047098e-10
1.2155882365636064 1.8931589827491438e-10
1.2180854877946174 1.89732478483124e-10
1.2205827390256287 1.9014792503230517e-10
1.22307999025664 1.9056224699202947e-10
1.2255772414876511 1.909754533164666e-10
1.2280744927186622 1.9138755284624457e-10
1.2305717439496735 1.917985543104153e-10
1.2330689951806848 1.9220846632844117e-10
1.2355662464116959 1.9261729741197763e-10
1.238063497642707 1.930250559667327e-10
1.2405607488737183 1.934317502942781e-10
1.2430580001047296 1.9383738859374633e-10
1.2455552513357406 1.9424197896359752e-10
1.2480525025667517 1.9464552940328427e-10
1.250549753797763 1.9504804781483526e-10
1.2530470050287743 1.9544954200456543e-10
1.2555442562597854 1.9585001968454163e-10
1.2580415074907965 1.962494884742219e-10
1.2605387587218078 1.966479559018821e-10
1.2630360099528188 1.9704542940615028e-10
1.2655332611838301 1.9744191633744103e-10
1.2680305124148412 1.9783742395934937e-10
1.2705277636458523 1.982319594500537e-10
1.2730250148768636 1.9862552990373562e-10
1.275522266107875 1.9901814233179716e-10
1.278019517338886 1.9940980366426275e-10
1.280516768569897 1.998005207510413e-10
1.2830140198009083 2.00190300363138e-10
1.2855112710319196 2.0057914919396394e-10
1.2880085222629307 2.0096707386045953e-10
1.2905057734939418 2.013540809043491e-10
1.293003024724953 2.0174017679323975e-10
1.2955002759559644 2.0212536792182982e-10
1.2979975271869755 2.02509660612924e-10
1.3004947784179866 2.0289306111865755e-10
1.3029920296489979 2.0327557562144436e-10
1.3054892808800092 2.036572102350984e-10
1.3079865321110202 2.0403797100587213e-10
1.3104837833420313 2.0441786391343737e-10
1.3129810345730426 2.0479689487187474e-10
1.315478285804054 2.0517506973070628e-10
1.317975537035065 2.0555239427576258e-10
1.320472788266076 2.0592887423022615e-10
1.3229700394970874 2.0630451525544033e-10
1.3254672907280987 2.0667932295192026e-10
1.3279645419591097 2.0705330286017626e-10
1.3304617931901208 2.074264604615814e-10
1.332959044421132 2.0779880117928028e-10
1.3354562956521434 2.0817033037897516e-10
1.3379535468831545 2.085410533697879e-10
1.3404507981141656 2.0891097540503334e-10
1.3429480493451769 2.092801016830426e-10
1.345445300576188 2.0964843734795938e-10
1.3479425518071992 2.100159874904379e-10
1.3504398030382103 2.1038275714849025e-10
1.3529370542692214 2.1074875130814389e-10
1.3554343055002327 2.11113974904227e-10
1.357931556731244 2.1147843282104387e-10
1.360428807962255 2.1184212989310344e-10
1.3629260591932661 2.1220507090576618e-10
1.3654233104242774 2.1256726059599743e-10
1.3679205616552887 2.1292870365295638e-10
1.3704178128862998 2.132894047186947e-10
1.372915064117311 2.1364936838877055e-10
1.3754123153483222 2.1400859921291264e-10
1.3779095665793335 2.143671016956199e-10
1.3804068178103446 2.1472488029676186e-10
1.3829040690413557 2.1508193943220214e-10
1.385401320272367 2.1543828347438473e-10
1.3878985715033783 2.1579391675289723e-10
1.3903958227343893 2.1614884355506764e-10
1.3928930739654004 2.1650306812647043e-10
1.3953903251964117 2.1685659467157246e-10
1.397887576427423 2.1720942735418013e-10
1.400384827658434 2.1756157029800398e-10
1.4028820788894452 2.1791302758722115e-10
1.4053793301204565 2.1826380326692949e-10
1.4078765813514678 2.1861390134371482e-10
1.4103738325824788 2.189633257860881e-10
1.41287108381349 2.1931208052503304e-10
1.4153683350445012 2.196601694544454e-10
1.4178655862755125 2.2000759643163996e-10
1.4203628375065236 2.203543652778006e-10
1.4228600887375347 2.2070047977844414e-10
1.4253573399685457 2.2104594368386513e-10
1.427854591199557 2.2139076070958688e-10
1.4303518424305683 2.217349345368125e-10
1.4328490936615794 2.2207846881283724e-10
1.4353463448925905 2.2242136715149553e-10
1.4378435961236018 2.2276363313353718e-10
1.440340847354613 2.2310527030707694e-10
1.4428380985856242 2.2344628218799218e-10
1.4453353498166353 2.237866722603019e-10
1.4478326010476466 2.2412644397659089e-10
1.4503298522786578 2.2446560075836094e-10
1.452827103509669 2.248041459964457e-10
1.45532435474068 2.251420830513398e-10
1.4578216059716913 2.2547941525363243e-10
1.4603188572027026 2.2581614590430207e-10
1.4628161084337137 2.261522782751102e-10
1.4653133596647248 2.2648781560896912e-10
1.467810610895736 2.2682276112022725e-10
1.4703078621267474 2.2715711799507695e-10
1.4728051133577584 2.27490889391882e-10
1.4753023645887695 2.2782407844144495e-10
1.4777996158197808 2.2815668824741263e-10
1.480296867050792 2.2848872188654288e-10
1.4827941182818032 2.2882018240906987e-10
1.4852913695128143 2.291510728389453e-10
1.4877886207438256 2.2948139617424063e-10
1.4902858719748369 2.298111553873649e-10
1.492783123205848 2.301403534253988e-10
1.495280374436859 2.3046899321038898e-10
1.4977776256678703 2.3079707763964893e-10
1.5002748768988816 2.3112460958600286e-10
1.5027721281298927 2.3145159189811679e-10
1.5052693793609038 2.3177802740074195e-10
1.507766630591915 2.3210391889499242e-10
1.5102638818229261 2.3242926915865288e-10
1.5127611330539374 2.3275408094637967e-10
1.5152583842849485 2.3307835698999e-10
1.5177556355159598 2.3340209999876066e-10
1.520252886746971 2.3372531265962325e-10
1.5227501379779822 2.340479976374349e-10
1.5252473892089933 2.3437015757523525e-10
1.5277446404400046 2.3469179509449176e-10
1.5302418916710157 2.350129127953151e-10
1.532739142902027 2.353335132567278e-10
1.535236394133038 2.3565359903685997e-10
1.5377336453640493 2.359731726732266e-10
1.5402308965950604 2.362922366829236e-10
1.5427281478260717 2.3661079356284756e-10
1.5452253990570828 2.369288457899324e-10
1.5477226502880939 2.372463958213541e-10
1.5502199015191052 2.3756344609479163e-10
1.5527171527501162 2.3787999902854436e-10
1.5552144039811275 2.381960570218305e-10
1.5577116552121386 2.3851162245495353e-10
1.56020890644315 2.3882669768951635e-10
1.562706157674161 2.3914128506860817e-10
1.5652034089051723 2.394553869170155e-10
1.5677006601361834 2.3976900554141463e-10
1.5701979113671947 2.4008214323054735e-10
1.5726951625982057 2.4039480225545157e-10
1.575192413829217 2.407069848696291e-10
1.5776896650602281 2.410186933091781e-10
1.5801869162912394 2.4132992979307827e-10
1.5826841675222505 2.4164069652327807e-10
1.5851814187532618 2.419509956849285e-10
1.5876786699842729 2.422608294465268e-10
1.5901759212152842 2.425701999601137e-10
1.5926731724462952 2.4287910936142764e-10
1.5951704236773065 2.4318755977008024e-10
1.5976676749083176 2.434955532897274e-10
1.600164926139329 2.438030920082074e-10
1.60266217737034 2.441101779977402e-10
1.6051594286013513 2.444168133150709e-10
1.6076566798323624 2.447230000016221e-10
1.6101539310633737 2.4502874008365934e-10
1.6126511822943848 2.4533403557241374e-10
1.615148433525396 2.456388884643004e-10
1.6176456847564071 2.4594330074100814e-10
1.6201429359874184 2.462472743696783e-10
1.6226401872184295 2.465508113030143e-10
1.6251374384494406 2.468539134794884e-10
1.6276346896804519 2.471565828234103e-10
1.630131940911463 2.4745882124515255e-10
1.6326291921424743 2.477606306411943e-10
1.6351264433734853 2.4806201289433565e-10
1.6376236946044966 2.4836296987380326e-10
1.6401209458355077 2.486635034353739e-10
1.642618197066519 2.4896361542152706e-10
1.64511544829753 2.4926330766155584e-10
1.6476126995285414 2.4956258197172823e-10
1.6501099507595525 2.498614401553802e-10
1.6526072019905638 2.5015988400303534e-10
1.6551044532215748 2.504579152925894e-10
1.6576017044525861 2.507555357893521e-10
1.6600989556835972 2.510527472462308e-10
1.6625962069146085 2.513495514038205e-10
1.6650934581456196 2.51645949990522e-10
1.667590709376631 2.519419447226873e-10
1.670087960607642 2.522375373046857e-10
1.6725852118386533 2.5253272942906983e-10
1.6750824630696644 2.52827522776642e-10
1.6775797143006757 2.531219190165967e-10
1.6800769655316867 2.534159198066355e-10
1.682574216762698 2.53709526793041e-10
1.685071467993709 2.5400274161081596e-10
1.6875687192247204 2.5429556588376843e-10
1.6900659704557315 2.5458800122464884e-10
1.6925632216867428 2.548800492352104e-10
1.6950604729177539 2.5517171150632777e-10
1.6975577241487652 2.5546298961812245e-10
1.7000549753797762 2.5575388514003016e-10
1.7025522266107873 2.560443996309169e-10
1.7050494778417986 2.563345346391803e-10
1.7075467290728097 2.5662429170282405e-10
1.710043980303821 2.5691367234957505e-10
1.712541231534832 2.5720267809696264e-10
1.7150384827658434 2.574913104524402e-10
1.7175357339968544 2.5777957091343447e-10
1.7200329852278657 2.580674609674631e-10
1.7225302364588768 2.5835498209222995e-10
1.7250274876898881 2.586421357556985e-10
1.7275247389208992 2.5892892341616934e-10
1.7300219901519105 2.592153465224213e-10
1.7325192413829216 2.595014065137381e-10
1.7350164926139329 2.5978710481999244e-10
1.737513743844944 2.600724428618015e-10
1.7400109950759552 2.603574220505219e-10
1.7425082463069663 2.6064204378839325e-10
1.7450054975379776 2.609263094685807e-10
1.7475027487689887 2.612102204752831e-10
1.75 2.6149377818380407e-10
