0.5038716357254187 nan
0.5063688869564299 2.0275210297154413e-13
0.5088661381874411 4.1522395563137097e-13
0.5113633894184523 6.381329629763806e-13
0.5138606406494635 8.722529379760672e-13
0.5163578918804747 1.1184217934108095e-12
0.5188551431114858 1.37754248693412e-12
0.521352394342497 1.650594508041015e-12
0.5238496455735082 1.9386262946120776e-12
0.5263468968045194 2.2427795566894654e-12
0.5288441480355306 2.5642850367774793e-12
0.5313413992665418 2.9044725201306857e-12
0.533838650497553 3.2647690790994073e-12
0.5363359017285642 3.646744673111203e-12
0.5388331529595753 4.0520686233095895e-12
0.5413304041905864 4.482553074981898e-12
0.5438276554215977 4.9401556724796555e-12
0.5463249066526088 5.42699100370569e-12
0.54882215788362 5.945342856371213e-12
0.5513194091146312 6.497664297715698e-12
0.5538166603456424 7.08664179846056e-12
0.5563139115766536 7.715137677049974e-12
0.5588111628076647 8.386252607594022e-12
0.5613084140386759 9.103331190418147e-12
0.5638056652696871 9.869979784201418e-12
0.5663029165006983 1.0690085332688754e-11
0.5688001677317095 1.156783517969073e-11
0.5712974189627207 1.250773784732023e-11
0.5737946701937319 1.3514644736878241e-11
0.5762919214247431 1.4593772684107183e-11
0.5787891726557542 1.575072727667437e-11
0.5812864238867654 1.6991526805545732e-11
0.5837836751177766 1.8322626684763384e-11
0.5862809263487878 1.975094412815132e-11
0.588778177579799 2.128388282028652e-11
0.5912754288108102 2.2929357227476894e-11
0.5937726800418214 2.4695816343511837e-11
0.5962699312728326 2.6592265960595217e-11
0.5987671825038438 2.8628289501758683e-11
0.6012644337348549 3.081406635683547e-11
0.6037616849658661 3.316038716474634e-11
0.6062589361968773 3.567866518928747e-11
0.6087561874278885 3.838094287366324e-11
0.6112534386588997 4.127989255518284e-11
0.6137506898899109 4.438881024330781e-11
0.6162479411209221 4.7721601282678225e-11
0.6187451923519331 5.129275667585057e-11
0.6212424435829444 5.511731880943375e-11
0.6237396948139555 5.921083534362037e-11
0.6262369460449668 6.358930008030858e-11
0.6287341972759779 6.826907974346533e-11
0.6312314485069892 7.326682578132958e-11
0.6337286997380003 7.85993705586375e-11
0.6362259509690115 8.428360763271324e-11
0.6387232022000227 9.03363562226872e-11
0.6412204534310338 9.677421046148279e-11
0.643717704662045 1.036133745736018e-10
0.6462149558930562 1.1086948571432026e-10
0.6487122071240674 1.185574268309582e-10
0.6512094583550786 1.2669113251565316e-10
0.6537067095860898 1.352833913855475e-10
0.656203960817101 1.4434564900873812e-10
0.6587012120481122 1.538878157481403e-10
0.6611984632791233 1.6391808408157298e-10
0.6636957145101345 1.7444275995981263e-10
0.6661929657411457 1.8546611253612216e-10
0.6686902169721569 1.9699024616974778e-10
0.6711874682031681 2.0901499795933726e-10
0.6736847194341793 2.215378632354184e-10
0.6761819706651905 2.345539504785508e-10
0.6786792218962017 2.4805596607857387e-10
0.6811764731272129 2.620342282762761e-10
0.683673724358224 2.7647670858599294e-10
0.6861709755892352 2.9136909804377986e-10
0.6886682268202464 3.066948948084134e-10
0.6911654780512576 3.224355089877454e-10
0.6936627292822688 3.3857038008376634e-10
0.6961599805132799 3.550771021568013e-10
0.6986572317442912 3.7193155166644303e-10
0.7011544829753023 3.891080129213936e-10
0.7036517342063136 4.0657929614211414e-10
0.7061489854373246 4.2431684320332896e-10
0.7086462366683359 4.4229081615011745e-10
0.711143487899347 4.604701634525405e-10
0.7136407391303583 4.788226585868271e-10
0.7161379903613694 4.973149047373701e-10
0.7186352415923806 5.159122979792191e-10
0.7211324928233918 5.345789388676989e-10
0.723629744054403 5.532774783081627e-10
0.7261269952854141 5.719688768238547e-10
0.7286242465164253 5.906120448205817e-10
0.7311214977474365 6.091633110354357e-10
0.7336187489784477 6.27575628180573e-10
0.7361160002094589 6.457973479348069e-10
0.7386132514404701 6.63770226718595e-10
0.7411105026714813 6.814258889606737e-10
0.7436077539024925 6.986786150851514e-10
0.7461050051335036 7.154061920068833e-10
0.7486022563645148 7.31339182765286e-10
0.751099507595526 7.463537273455042e-10
0.7535967588265372 7.607579509870112e-10
0.7560940100575484 7.746730872128279e-10
0.7585912612885596 7.881700700575133e-10
0.7610885125195708 8.012984295412827e-10
0.763585763750582 8.140956835477854e-10
0.7660830149815931 8.265916654719496e-10
0.7685802662126042 8.38810886259871e-10
0.7710775174436155 8.507739660290558e-10
0.7735747686746266 8.624985667561326e-10
0.7760720199056379 8.740000330673025e-10
0.778569271136649 8.852918508372599e-10
0.7810665223676603 8.963859862182737e-10
0.7835637735986714 9.07293142983858e-10
0.7860610248296827 9.180229622026639e-10
0.7885582760606937 9.285841800647118e-10
0.791055527291705 9.389847546260378e-10
0.7935527785227161 9.492319690016684e-10
0.7960500297537274 9.593325164001634e-10
0.7985472809847385 9.692925709426535e-10
0.8010445322157498 9.791178472024176e-10
0.8035417834467609 9.888136506865952e-10
0.806039034677772 9.983849209649964e-10
0.8085362859087832 1.0078362687725356e-09
0.8110335371397944 1.0171720081279788e-09
0.8135307883708056 1.0263961842988016e-09
0.8160280396018168 1.0355125982780394e-09
0.818525290832828 1.044524828312425e-09
0.8210225420638392 1.0534362489223697e-09
0.8235197932948504 1.0622500477759274e-09
0.8260170445258616 1.070969240717484e-09
0.8285142957568727 1.0795966852008714e-09
0.8310115469878839 1.0881350923372451e-09
0.8335087982188951 1.096587037735043e-09
0.8360060494499063 1.1049549712816045e-09
0.8385033006809175 1.1132412259953441e-09
0.8410005519119287 1.1214480260573114e-09
0.8434978031429399 1.1295774941167333e-09
0.845995054373951 1.1376316579516736e-09
0.8484923056049622 1.145612456555785e-09
0.8509895568359733 1.153521745712006e-09
0.8534868080669846 1.161361303106672e-09
0.8559840592979957 1.1691328330317103e-09
0.858481310529007 1.1768379707149883e-09
0.8609785617600181 1.1844782863161034e-09
0.8634758129910294 1.192055288619192e-09
0.8659730642220405 1.1995704284510576e-09
0.8684703154530518 1.2070251018505523e-09
0.8709675666840628 1.2144206530106295e-09
0.8734648179150741 1.2217583770143333e-09
0.8759620691460852 1.2290395223814328e-09
0.8784593203770965 1.2362652934432092e-09
0.8809565716081076 1.2434368525583735e-09
0.8834538228391188 1.2505553221843692e-09
0.88595107407013 1.2576217868150061e-09
0.8884483253011412 1.264637294795478e-09
0.8909455765321523 1.271602860024265e-09
0.8934428277631635 1.2785194635504372e-09
0.8959400789941747 1.2853880550746257e-09
0.8984373302251859 1.292209554360626e-09
0.9009345814561971 1.2989848525640478e-09
0.9034318326872083 1.305714813484562e-09
0.9059290839182195 1.312400274746652e-09
0.9084263351492307 1.319042048914071e-09
0.9109235863802418 1.3256409245427057e-09
0.913420837611253 1.332197667175843e-09
0.9159180888422642 1.3387130202860478e-09
0.9184153400732754 1.3451877061666435e-09
0.9209125913042866 1.3516224267770012e-09
0.9234098425352978 1.3580178645433152e-09
0.925907093766309 1.3643746831192895e-09
0.92840434499732 1.3706935281075983e-09
0.9309015962283314 1.3769750277462109e-09
0.9333988474593424 1.3832197935601506e-09
0.9358960986903537 1.3894284209821504e-09
0.9383933499213648 1.3956014899432648e-09
0.9408906011523761 1.401739565435135e-09
0.9433878523833872 1.4078431980463925e-09
0.9458851036143985 1.4139129244738052e-09
0.9483823548454096 1.4199492680100335e-09
0.9508796060764209 1.4259527390091768e-09
0.9533768573074319 1.4319238353316992e-09
0.9558741085384432 1.4378630427692542e-09
0.9583713597694543 1.4437708354509503e-09
0.9608686110004656 1.4496476762322844e-09
0.9633658622314767 1.4554940170666174e-09
0.9658631134624879 1.4613102993618234e-09
0.9683603646934991 1.4670969543208593e-09
0.9708576159245103 1.4728544032690524e-09
0.9733548671555214 1.4785830579672556e-09
0.9758521183865326 1.4842833209124432e-09
0.9783493696175438 1.4899555856261207e-09
0.980846620848555 1.4956002369312785e-09
0.9833438720795662 1.5012176512179072e-09
0.9858411233105774 1.5068081966988174e-09
0.9883383745415886 1.5123722336547524e-09
0.9908356257725998 1.5179101146703462e-09
0.993332877003611 1.5234221848613234e-09
0.9958301282346221 1.5289087820924501e-09
0.9983273794656333 1.5343702371879976e-09
1.0008246306966444 1.5398068741337797e-09
1.0033218819276557 1.545219010272111e-09
1.005819133158667 1.5506069564895474e-09
1.008316384389678 1.5559710173976393e-09
1.0108136356206892 1.5613114915074571e-09
1.0133108868517005 1.5666286713976166e-09
1.0158081380827118 1.5719228438766716e-09
1.0183053893137228 1.5771942901394716e-09
1.020802640544734 1.5824432859183237e-09
1.0232998917757452 1.587670101628977e-09
1.0257971430067563 1.5928750025112267e-09
1.0282943942377676 1.598058248765299e-09
1.0307916454687787 1.6032200956831882e-09
1.0332888966997897 1.6083607937758409e-09
1.035786147930801 1.6134805888959894e-09
1.0382833991618123 1.6185797223572094e-09
1.0407806503928234 1.6236584310485372e-09
1.0432779016238345 1.6287169475460788e-09
1.0457751528548458 1.6337555002205242e-09
1.048272404085857 1.6387743133413484e-09
1.0507696553168682 1.6437736071778353e-09
1.0532669065478792 1.6487535980967656e-09
1.0557641577788905 1.6537144986570938e-09
1.0582614090099018 1.6586565177018635e-09
1.060758660240913 1.6635798604469507e-09
1.063255911471924 1.6684847285674965e-09
1.0657531627029353 1.6733713202812797e-09
1.0682504139339466 1.678239830429954e-09
1.0707476651649577 1.6830904505577803e-09
1.0732449163959688 1.6879233689876904e-09
1.07574216762698 1.6927387708955994e-09
1.0782394188579913 1.6975368383821808e-09
1.0807366700890024 1.7023177505427292e-09
1.0832339213200135 1.7070816835347937e-09
1.0857311725510248 1.7118288106442235e-09
1.088228423782036 1.716559302349015e-09
1.0907256750130472 1.721273326381343e-09
1.0932229262440583 1.7259710477881336e-09
1.0957201774750696 1.7306526289896282e-09
1.0982174287060809 1.7353182298364963e-09
1.100714679937092 1.7399680076653102e-09
1.103211931168103 1.7446021173524704e-09
1.105709182399114 1.749220711366764e-09
1.1082064336301254 1.7538239398202446e-09
1.1107036848611367 1.7584119505182193e-09
1.1132009360921478 1.7629848890072328e-09
1.1156981873231588 1.7675428986224537e-09
1.1181954385541701 1.7720861205331625e-09
1.1206926897851814 1.7766146937877195e-09
1.1231899410161925 1.7811287553566823e-09
1.1256871922472036 1.7856284401752835e-09
1.128184443478215 1.790113881184591e-09
1.1306816947092262 1.7945852093716617e-09
1.1331789459402373 1.7990425538087016e-09
1.1356761971712483 1.8034860416911607e-09
1.1381734484022596 1.8079157983748329e-09
1.140670699633271 1.8123319474122503e-09
1.143167950864282 1.8167346105878324e-09
1.145665202095293 1.8211239079524735e-09
1.1481624533263044 1.8254999578570197e-09
1.1506597045573157 1.8298628769851566e-09
1.1531569557883268 1.834212780385194e-09
1.1556542070193379 1.8385497815015306e-09
1.1581514582503492 1.8428739922048026e-09
1.1606487094813605 1.8471855228216855e-09
1.1631459607123715 1.8514844821640738e-09
1.1656432119433826 1.8557709775570537e-09
1.168140463174394 1.8600451148667992e-09
1.1706377144054052 1.864306998527341e-09
1.1731349656364163 1.868556731567133e-09
1.1756322168674274 1.872794415634597e-09
1.1781294680984387 1.877020151023377e-09
1.18062671932945 1.8812340366968155e-09
1.183123970560461 1.8854361703120007e-09
1.1856212217914721 1.889626648243161e-09
1.1881184730224832 1.8938055656046877e-09
1.1906157242534945 1.8979730162732875e-09
1.1931129754845058 1.902129092910199e-09
1.1956102267155169 1.906273886982312e-09
1.198107477946528 1.9104074887831933e-09
1.2006047291775392 1.9145299874536438e-09
1.2031019804085505 1.9186414710014428e-09
1.2055992316395616 1.922742026321238e-09
1.2080964828705727 1.9268317392134107e-09
1.210593734101584 1.930910694403028e-09
1.2130909853325953 1.9349789755578754e-09
1.2155882365636064 1.9390366653067172e-09
1.2180854877946174 1.943083845256589e-09
1.2205827390256287 1.947120596010001e-09
1.22307999025664 1.9511469971818086e-09
1.2255772414876511 1.9551631274157056e-09
1.2280744927186622 1.959169064400106e-09
1.2305717439496735 1.9631648848840642e-09
1.2330689951806848 1.9671506646927145e-09
1.2355662464116959 1.971126478742365e-09
1.238063497642707 1.9750924010551967e-09
1.2405607488737183 1.9790485047739377e-09
1.2430580001047296 1.982994862175902e-09
1.2455552513357406 1.986931544686915e-09
1.2480525025667517 1.990858622895076e-09
1.250549753797763 1.994776166563939e-09
1.2530470050287743 1.9986842446457096e-09
1.2555442562597854 2.0025829252939697e-09
1.2580415074907965 2.0064722758763308e-09
1.2605387587218078 2.010352362986775e-09
1.2630360099528188 2.0142232524574575e-09
1.2655332611838301 2.0180850093709774e-09
1.2680305124148412 2.0219376980715784e-09
1.2705277636458523 2.025781382176706e-09
1.2730250148768636 2.029616124588213e-09
1.275522266107875 2.033441987503142e-09
1.278019517338886 2.0372590324245202e-09
1.280516768569897 2.041067320171986e-09
1.2830140198009083 2.0448669108918602e-09
1.2855112710319196 2.04865786406756e-09
1.2880085222629307 2.052440238529296e-09
1.2905057734939418 2.0562140924638564e-09
1.293003024724953 2.0599794834243523e-09
1.2955002759559644 2.0637364683392967e-09
1.2979975271869755 2.0674851035220725e-09
1.3004947784179866 2.0712254446798012e-09
1.3029920296489979 2.0749575469223154e-09
1.3054892808800092 2.078681464770715e-09
1.3079865321110202 2.0823972521660983e-09
1.3104837833420313 2.0861049624777796e-09
1.3129810345730426 2.089804648511663e-09
1.315478285804054 2.0934963625182308e-09
1.317975537035065 2.097180156200452e-09
1.320472788266076 2.100856080721755e-09
1.3229700394970874 2.104524186713369e-09
1.3254672907280987 2.1081845242822197e-09
1.3279645419591097 2.1118371430180414e-09
1.3304617931901208 2.1154820920006445e-09
1.332959044421132 2.1191194198072304e-09
1.3354562956521434 2.1227491745191716e-09
1.3379535468831545 2.126371403729018e-09
1.3404507981141656 2.1299861545472306e-09
1.3429480493451769 2.133593473608722e-09
1.345445300576188 2.1371934070795307e-09
1.3479425518071992 2.1407860006631635e-09
1.3504398030382103 2.144371299606844e-09
1.3529370542692214 2.1479493487077756e-09
1.3554343055002327 2.151520192319179e-09
1.357931556731244 2.1550838743563046e-09
1.360428807962255 2.1586404383023514e-09
1.3629260591932661 2.162189927214137e-09
1.3654233104242774 2.1657323837278557e-09
1.3679205616552887 2.169267850064641e-09
1.3704178128862998 2.172796368036068e-09
1.372915064117311 2.1763179790496045e-09
1.3754123153483222 2.1798327241139034e-09
1.3779095665793335 2.1833406438438707e-09
1.3804068178103446 2.186841778466033e-09
1.3829040690413557 2.1903361678235065e-09
1.385401320272367 2.1938238513808033e-09
1.3878985715033783 2.197304868229168e-09
1.3903958227343893 2.2007792570907544e-09
1.3928930739654004 2.2042470563239223e-09
1.3953903251964117 2.2077083039274894e-09
1.397887576427423 2.2111630375457137e-09
1.400384827658434 2.2146112944724566e-09
1.4028820788894452 2.217430858434037e-09
1.4053793301204565 2.220865518460448e-09
1.4078765813514678 2.22429381265804e-09
1.4103738325824788 2.2283402891277397e-09
1.41287108381349 2.231756710051405e-09
1.4153683350445012 2.235166870934316e-09
1.4178655862755125 2.2385708067386135e-09
1.4203628375065236 2.241968552109911e-09
1.4228600887375347 2.2453601413807923e-09
1.4253573399685457 2.2487456085751254e-09
1.427854591199557 2.2521249874113626e-09
1.4303518424305683 2.255498311306802e-09
1.4328490936615794 2.2588656133806352e-09
1.4353463448925905 2.2622269264581207e-09
1.4378435961236018 2.2655822830738265e-09
1.440340847354613 2.268931715475331e-09
1.4428380985856242 2.272275255626332e-09
1.4453353498166353 2.275612935210587e-09
1.4478326010476466 2.2789447856346693e-09
1.4503298522786578 2.28227083803161e-09
1.452827103509669 2.285591123264229e-09
1.45532435474068 2.288905671928096e-09
1.4578216059716913 2.292214514354706e-09
1.4603188572027026 2.295517680614661e-09
1.4628161084337137 2.2988152005208655e-09
1.4653133596647248 2.30210710363115e-09
1.467810610895736 2.3053934192517576e-09
1.4703078621267474 2.3086741764395777e-09
1.4728051133577584 2.311949404006001e-09
1.4753023645887695 2.315219130518698e-09
1.4777996158197808 2.31848338430518e-09
1.480296867050792 2.3217421934552376e-09
1.4827941182818032 2.324995585823782e-09
1.4852913695128143 2.3282435890333967e-09
1.4877886207438256 2.331486230476891e-09
1.4902858719748369 2.3347235373203364e-09
1.492783123205848 2.337955536505242e-09
1.495280374436859 2.3411822547511553e-09
1.4977776256678703 2.3444037185581426e-09
1.5002748768988816 2.3476199542094917e-09
1.5027721281298927 2.3508309877737756e-09
1.5052693793609038 2.354036845107432e-09
1.507766630591915 2.3572375518571794e-09
1.5102638818229261 2.3604331334621595e-09
1.5127611330539374 2.363623615156354e-09
1.5152583842849485 2.3668090219708755e-09
1.5177556355159598 2.369989378735988e-09
1.520252886746971 2.3731647100836856e-09
1.5227501379779822 2.376335040449391e-09
1.5252473892089933 2.3795003940744735e-09
1.5277446404400046 2.382660795008021e-09
1.5302418916710157 2.3858162671093467e-09
1.532739142902027 2.3889668340496997e-09
1.535236394133038 2.3921125193142424e-09
1.5377336453640493 2.3952533462044005e-09
1.5402308965950604 2.3983893378394998e-09
1.5427281478260717 2.401520517158866e-09
1.5452253990570828 2.4046469069236463e-09
1.5477226502880939 2.407768529718742e-09
1.5502199015191052 2.4108854079549723e-09
1.5527171527501162 2.4139975638700754e-09
1.5552144039811275 2.4171050195315113e-09
1.5577116552121386 2.4202077968377435e-09
1.56020890644315 2.4233059175198913e-09
1.562706157674161 2.4263994031438567e-09
1.5652034089051723 2.429488275111743e-09
1.5677006601361834 2.4325725546636356e-09
1.5701979113671947 2.4356522628794406e-09
1.5726951625982057 2.43872742068025e-09
1.575192413829217 2.4417980488302138e-09
1.5776896650602281 2.444864167938024e-09
1.5801869162912394 2.44792579845853e-09
1.5826841675222505 2.450982960694356e-09
1.5851814187532618 2.4540356747974266e-09
1.5876786699842729 2.4570839607703895e-09
1.5901759212152842 2.4601278384683983e-09
1.5926731724462952 2.4631673276002276e-09
1.5951704236773065 2.46620244773015e-09
1.5976676749083176 2.4692332182790673e-09
1.600164926139329 2.472259658526087e-09
1.60266217737034 2.4752817876098948e-09
1.6051594286013513 2.4782996245302267e-09
1.6076566798323624 2.4813131881491734e-09
1.6101539310633737 2.4843224971925915e-09
1.6126511822943848 2.487327570251452e-09
1.615148433525396 2.4903284257830856e-09
1.6176456847564071 2.4933250821126285e-09
1.6201429359874184 2.4963175574341153e-09
1.6226401872184295 2.499305869812242e-09
1.6251374384494406 2.502290037182904e-09
1.6276346896804519 2.505270077355029e-09
1.630131940911463 2.508246008011521e-09
1.6326291921424743 2.5112178467107205e-09
1.6351264433734853 2.5141856108873527e-09
1.6376236946044966 2.5171493178536983e-09
1.6401209458355077 2.520108984801403e-09
1.642618197066519 2.5230646288014673e-09
1.64511544829753 2.5260162668064394e-09
1.6476126995285414 2.5289639156512328e-09
1.6501099507595525 2.531907592053967e-09
1.6526072019905638 2.5348473126174294e-09
1.6551044532215748 2.5377830938299953e-09
1.6576017044525861 2.5407149520667152e-09
1.6600989556835972 2.543642903590489e-09
1.6625962069146085 2.5465669645529865e-09
1.6650934581456196 2.5494871509957443e-09
1.667590709376631 2.5524034788511497e-09
1.670087960607642 2.555315963943717e-09
1.6725852118386533 2.558224621990603e-09
1.6750824630696644 2.561129468603063e-09
1.6775797143006757 2.564030519287177e-09
1.6800769655316867 2.5669277894449778e-09
1.682574216762698 2.5698212943752088e-09
1.685071467993709 2.5727110492744652e-09
1.6875687192247204 2.575597069238096e-09
1.6900659704557315 2.5784793692609876e-09
1.6925632216867428 2.5813579642386685e-09
1.6950604729177539 2.5842328689680227e-09
1.6975577241487652 2.5871040981484327e-09
1.7000549753797762 2.5899716663824746e-09
1.7025522266107873 2.5928355881768206e-09
1.7050494778417986 2.595695877943081e-09
1.7075467290728097 2.5985525499988497e-09
1.710043980303821 2.601405618568199e-09
1.712541231534832 2.604255097782827e-09
1.7150384827658434 2.6071010016828164e-09
1.7175357339968544 2.609943344217365e-09
1.7200329852278657 2.61278213924561e-09
1.7225302364588768 2.615617400537515e-09
1.7250274876898881 2.6184491417745523e-09
1.7275247389208992 2.621277376550521e-09
1.7300219901519105 2.624102118372388e-09
1.7325192413829216 2.6269233806609442e-09
1.7350164926139329 2.62974117675156e-09
1.737513743844944 2.6325555198950446e-09
1.7400109950759552 2.6353664232584397e-09
1.7425082463069663 2.6381738999253356e-09
1.7450054975379776 2.6409779628970836e-09
1.7475027487689887 2.6437786250933185e-09
1.75 2.646575899352532e-09
