0.5038716357254187 nan
0.5063688869564299 4.718024701800667e-16
0.5088661381874411 9.666075159290553e-16
0.5113633894184523 1.4861191906361506e-15
0.5138606406494635 2.0321787759607104e-15
0.5163578918804747 2.6067762583618933e-15
0.5188551431114858 3.2240204955931214e-15
0.521352394342497 3.864303891655561e-15
0.5238496455735082 4.551370729523938e-15
0.5263468968045194 5.266825651557213e-15
0.5288441480355306 6.023468407558046e-15
0.5313413992665418 6.835402639345818e-15
0.533838650497553 7.685217600161604e-15
0.5363359017285642 8.586576216567198e-15
0.5388331529595753 9.543513918316613e-15
0.5413304041905864 1.0570897763545441e-14
0.5438276554215977 1.1653151261964769e-14
0.5463249066526088 1.2805200615744587e-14
0.54882215788362 1.4032590111986254e-14
0.5513194091146312 1.534132363532434e-14
0.5538166603456424 1.677158012846725e-14
0.5563139115766536 1.826470736437797e-14
0.5588111628076647 1.9860347776304143e-14
0.5613084140386759 2.156676280132397e-14
0.5638056652696871 2.3392901148061152e-14
0.5663029165006983 2.5348456236647907e-14
0.5688001677317095 2.7443928367242293e-14
0.5712974189627207 2.969069198680564e-14
0.5737946701937319 3.210106845974304e-14
0.5762919214247431 3.4688404766630804e-14
0.5787891726557542 3.7467158594997244e-14
0.5812864238867654 4.045299031085648e-14
0.5837836751177766 4.3662862336959016e-14
0.5862809263487878 4.7115146496853655e-14
0.588778177579799 5.082973992192865e-14
0.5912754288108102 5.4827907550840697e-14
0.5937726800418214 5.913351130405062e-14
0.5962699312728326 6.377156436408203e-14
0.5987671825038438 6.876941794532309e-14
0.6012644337348549 7.415668006254744e-14
0.6037616849658661 7.996539751610209e-14
0.6062589361968773 8.623025172294804e-14
0.6087561874278885 9.298876930950884e-14
0.6112534386588997 1.002815484225594e-13
0.6137506898899109 1.0815250174695233e-13
0.6162479411209221 1.166491172516374e-13
0.6187451923519331 1.2582468068360753e-13
0.6212424435829444 1.357310283234072e-13
0.6237396948139555 1.4642987501379097e-13
0.6262369460449668 1.579860117724769e-13
0.6287341972759779 1.7046941191366276e-13
0.6312314485069892 1.839556204010607e-13
0.6337286997380003 1.9852616819726447e-13
0.6362259509690115 2.1426901247301469e-13
0.6387232022000227 2.312790034178513e-13
0.6412204534310338 2.4965837822892233e-13
0.643717704662045 2.695172826398897e-13
0.6462149558930562 2.9097432007656535e-13
0.6487122071240674 3.141508968767004e-13
0.6512094583550786 3.3919602302774746e-13
0.6537067095860898 3.66251647760611e-13
0.656203960817101 3.954762186147205e-13
0.6587012120481122 4.2703977240193595e-13
0.6611984632791233 4.611246248463996e-13
0.6636957145101345 4.979260722538193e-13
0.6661929657411457 5.376530987560213e-13
0.6686902169721569 5.805290808748743e-13
0.6711874682031681 6.267924789678988e-13
0.6736847194341793 6.76697502476822e-13
0.6761819706651905 7.305147327058535e-13
0.6786792218962017 7.879273303921433e-13
0.6811764731272129 8.510417234697779e-13
0.683673724358224 9.18389418697454e-13
0.6861709755892352 9.909049460434198e-13
0.6886682268202464 1.0689468885991247e-12
0.6911654780512576 1.152891527022889e-12
0.6936627292822688 1.2431322544613852e-12
0.6961599805132799 1.3400785810127945e-12
0.6986572317442912 1.4441546239144572e-12
0.7011544829753023 1.5557969553503609e-12
0.7036517342063136 1.675451724710324e-12
0.7061489854373246 1.8035704090407248e-12
0.7086462366683359 1.940605050039652e-12
0.711143487899347 2.087001205410005e-12
0.7136407391303583 2.2431891735470667e-12
0.7161379903613694 2.4095732413326065e-12
0.7186352415923806 2.5865166010907146e-12
0.7211324928233918 2.7743233035184448e-12
0.723629744054403 2.9732142636557753e-12
0.7261269952854141 3.183296185130538e-12
0.7286242465164253 3.404520629170387e-12
0.7311214977474365 3.6366291392709403e-12
0.7336187489784477 3.879077782833877e-12
0.7361160002094589 4.1309295454384444e-12
0.7386132514404701 4.390692475219903e-12
0.7411105026714813 4.6560557043228065e-12
0.7436077539024925 4.92339736968724e-12
0.7461050051335036 5.1866113952135225e-12
0.7486022563645148 5.430961285574336e-12
0.751099507595526 5.6467351199413885e-12
0.7535967588265372 5.846650746010338e-12
0.7560940100575484 6.03509699334118e-12
0.7585912612885596 6.2143976465659445e-12
0.7610885125195708 6.386054874122443e-12
0.763585763750582 6.551137623329863e-12
0.7660830149815931 6.710452258761777e-12
0.7685802662126042 6.864631664175021e-12
0.7710775174436155 7.014187235478624e-12
0.7735747686746266 7.1595415212627104e-12
0.7760720199056379 7.301049903613025e-12
0.778569271136649 7.439015628443789e-12
0.7810665223676603 7.573700594855877e-12
0.7835637735986714 7.705333314247466e-12
0.7860610248296827 7.834114926006099e-12
0.7885582760606937 7.960223833958673e-12
0.791055527291705 8.083819341891997e-12
0.7935527785227161 8.20504454705389e-12
0.7960500297537274 8.324028673452227e-12
0.7985472809847385 8.44088897537576e-12
0.8010445322157498 8.55573230646413e-12
0.8035417834467609 8.668656425187298e-12
0.806039034677772 8.77975109044836e-12
0.8085362859087832 8.889098986636734e-12
0.8110335371397944 8.996776513543155e-12
0.8135307883708056 9.1028544609831e-12
0.8160280396018168 9.207398591285839e-12
0.818525290832828 9.310470143876761e-12
0.8210225420638392 9.41212627474476e-12
0.8235197932948504 9.512420440989695e-12
0.8260170445258616 9.61140273878369e-12
0.8285142957568727 9.70912020159783e-12
0.8310115469878839 9.805617064375235e-12
0.8335087982188951 9.900934998373216e-12
0.8360060494499063 9.995113320632753e-12
0.8385033006809175 1.0088189181415915e-11
0.8410005519119287 1.0180197732424658e-11
0.8434978031429399 1.0271172278201198e-11
0.845995054373951 1.03611444127584e-11
0.8484923056049622 1.045014414319333e-11
0.8509895568359733 1.0538200001792833e-11
0.8534868080669846 1.0625339147941678e-11
0.8559840592979957 1.0711587460955429e-11
0.858481310529007 1.0796969624830874e-11
0.8609785617600181 1.0881509205765786e-11
0.8634758129910294 1.0965228723205787e-11
0.8659730642220405 1.1048149715069203e-11
0.8684703154530518 1.1130292797742336e-11
0.8709675666840628 1.1211677721346262e-11
0.8734648179150741 1.12923234207363e-11
0.8759620691460852 1.1372248062634978e-11
0.8784593203770965 1.1451469089253516e-11
0.8809565716081076 1.1530003258724269e-11
0.8834538228391188 1.1607866682626608e-11
0.88595107407013 1.1685074860862104e-11
0.8884483253011412 1.1761642714107947e-11
0.8909455765321523 1.1837584614053053e-11
0.8934428277631635 1.1912914411600683e-11
0.8959400789941747 1.1987645463207916e-11
0.8984373302251859 1.2061790655510866e-11
0.9009345814561971 1.2135362428457244e-11
0.9034318326872083 1.2208372796542645e-11
0.9059290839182195 1.228083336959074e-11
0.9084263351492307 1.2352755371405252e-11
0.9109235863802418 1.2424149657720735e-11
0.913420837611253 1.249502673299522e-11
0.9159180888422642 1.256539676622512e-11
0.9184153400732754 1.2635269605835241e-11
0.9209125913042866 1.2704654793727417e-11
0.9234098425352978 1.2773561578533612e-11
0.925907093766309 1.2841998928131052e-11
0.92840434499732 1.2909975541473493e-11
0.9309015962283314 1.2977499859781623e-11
0.9333988474593424 1.304458007713207e-11
0.9358960986903537 1.3111224150491233e-11
0.9383933499213648 1.3177439809119954e-11
0.9408906011523761 1.3243234564007146e-11
0.9433878523833872 1.3308615715807959e-11
0.9458851036143985 1.3373590363387533e-11
0.9483823548454096 1.3438165411444262e-11
0.9508796060764209 1.3502347577854326e-11
0.9533768573074319 1.3566143400660712e-11
0.9558741085384432 1.362955924472984e-11
0.9583713597694543 1.3692601308086359e-11
0.9608686110004656 1.3755275627955258e-11
0.9633658622314767 1.3817588086521319e-11
0.9658631134624879 1.3879544416424524e-11
0.9683603646934991 1.3941150206005216e-11
0.9708576159245103 1.4002410904314202e-11
0.9733548671555214 1.4063331825899642e-11
0.9758521183865326 1.4123918155382405e-11
0.9783493696175438 1.4184174951832973e-11
0.980846620848555 1.4244107152959201e-11
0.9833438720795662 1.430371957911447e-11
0.9858411233105774 1.4363016937137208e-11
0.9883383745415886 1.4422003824029184e-11
0.9908356257725998 1.4480684730481133e-11
0.993332877003611 1.4539064044254247e-11
0.9958301282346221 1.4597146053422514e-11
0.9983273794656333 1.4654934949485668e-11
1.0008246306966444 1.4712434830357593e-11
1.0033218819276557 1.4769649703235868e-11
1.005819133158667 1.4826583487360435e-11
1.008316384389678 1.488324001666145e-11
1.0108136356206892 1.4939623042309543e-11
1.0133108868517005 1.4995736235166315e-11
1.0158081380827118 1.5051583188141486e-11
1.0183053893137228 1.5107167418463017e-11
1.020802640544734 1.516249236986347e-11
1.0232998917757452 1.5217561414683168e-11
1.0257971430067563 1.527237785589831e-11
1.0282943942377676 1.5326944929075574e-11
1.0307916454687787 1.538126580425566e-11
1.0332888966997897 1.5435343587770187e-11
1.035786147930801 1.548918132399375e-11
1.0382833991618123 1.5542781997034818e-11
1.0407806503928234 1.559614853236857e-11
1.0432779016238345 1.564928379841186e-11
1.0457751528548458 1.5702190608044583e-11
1.048272404085857 1.5754871720080864e-11
1.0507696553168682 1.5807329840688108e-11
1.0532669065478792 1.5859567624760937e-11
1.0557641577788905 1.591158767724704e-11
1.0582614090099018 1.5963392554432028e-11
1.060758660240913 1.6014984765179383e-11
1.063255911471924 1.6066366772132982e-11
1.0657531627029353 1.611754099287922e-11
1.0682504139339466 1.6168509801069687e-11
1.0707476651649577 1.6219275527514598e-11
1.0732449163959688 1.6269840461234666e-11
1.07574216762698 1.632020685048349e-11
1.0782394188579913 1.6370376903739482e-11
1.0807366700890024 1.6420352790663402e-11
1.0832339213200135 1.6470136643028285e-11
1.0857311725510248 1.6519730555623222e-11
1.088228423782036 1.656913658712686e-11
1.0907256750130472 1.6618356760953403e-11
1.0932229262440583 1.6667393066079688e-11
1.0957201774750696 1.671624745783967e-11
1.0982174287060809 1.6764921858701625e-11
1.100714679937092 1.681341815901971e-11
1.103211931168103 1.6861738217763997e-11
1.105709182399114 1.6909883863230368e-11
1.1082064336301254 1.695785689372963e-11
1.1107036848611367 1.7005659078255208e-11
1.1132009360921478 1.7053292157135154e-11
1.1156981873231588 1.7100757842663458e-11
1.1181954385541701 1.7148057819714748e-11
1.1206926897851814 1.719519374634085e-11
1.1231899410161925 1.724216725435131e-11
1.1256871922472036 1.7288979949879125e-11
1.128184443478215 1.7335633413929458e-11
1.1306816947092262 1.7382129202915408e-11
1.1331789459402373 1.7428468849174856e-11
1.1356761971712483 1.7474653861480597e-11
1.1381734484022596 1.7520685725528726e-11
1.140670699633271 1.756656590442206e-11
1.143167950864282 1.761229583913507e-11
1.145665202095293 1.7657876948967495e-11
1.1481624533263044 1.7703310631991012e-11
1.1506597045573157 1.7748598265474928e-11
1.1531569557883268 1.779374120631249e-11
1.1556542070193379 1.7838740791426044e-11
1.1581514582503492 1.7883598338168052e-11
1.1606487094813605 1.792831514470996e-11
1.1631459607123715 1.7972892490419345e-11
1.1656432119433826 1.8017331636234592e-11
1.168140463174394 1.8061633825019984e-11
1.1706377144054052 1.8105800281919756e-11
1.1731349656364163 1.814983221470077e-11
1.1756322168674274 1.819373081408771e-11
1.1781294680984387 1.8237497254087475e-11
1.18062671932945 1.828113269231073e-11
1.183123970560461 1.8324638270280464e-11
1.1856212217914721 1.8368015113734864e-11
1.1881184730224832 1.8411264332924997e-11
1.1906157242534945 1.8454387022902906e-11
1.1931129754845058 1.84973842638053e-11
1.1956102267155169 1.8540257121127684e-11
1.198107477946528 1.8583006645993703e-11
1.2006047291775392 1.8625633875418882e-11
1.2031019804085505 1.8668139832565436e-11
1.2055992316395616 1.8710525526997646e-11
1.2080964828705727 1.8752791954920672e-11
1.210593734101584 1.8794940099427593e-11
1.2130909853325953 1.88369709307265e-11
1.2155882365636064 1.8878885406374745e-11
1.2180854877946174 1.8920684471499284e-11
1.2205827390256287 1.8962369059016673e-11
1.22307999025664 1.9003940089848095e-11
1.2255772414876511 1.9045398473126457e-11
1.2280744927186622 1.9086745106403942e-11
1.2305717439496735 1.9127980875845267e-11
1.2330689951806848 1.9169106656434418e-11
1.2355662464116959 1.921012331215565e-11
1.238063497642707 1.925103169618644e-11
1.2405607488737183 1.9291832651078587e-11
1.2430580001047296 1.9332527008941752e-11
1.2455552513357406 1.937311559161232e-11
1.2480525025667517 1.941359921082731e-11
1.250549753797763 1.9453978668401404e-11
1.2530470050287743 1.9494254756379172e-11
1.2555442562597854 1.9534428257190582e-11
1.2580415074907965 1.9574499943841458e-11
1.2605387587218078 1.9614470580032532e-11
1.2630360099528188 1.965434092032098e-11
1.2655332611838301 1.96941117102841e-11
1.2680305124148412 1.9733783686650396e-11
1.2705277636458523 1.9773357577415015e-11
1.2730250148768636 1.9812834102077463e-11
1.275522266107875 1.9852213971604385e-11
1.278019517338886 1.9891497888850947e-11
1.280516768569897 1.9930686548223972e-11
1.2830140198009083 1.9969780636431735e-11
1.2855112710319196 2.0008780831963216e-11
1.2880085222629307 2.004768775076092e-11
1.2905057734939418 2.0086502220622458e-11
1.293003024724953 2.0125224732759608e-11
1.2955002759559644 2.016385599007208e-11
1.2979975271869755 2.0202396633509096e-11
1.3004947784179866 2.024084729672576e-11
1.3029920296489979 2.027920860636696e-11
1.3054892808800092 2.031748118197233e-11
1.3079865321110202 2.0355665636293e-11
1.3104837833420313 2.039376257529102e-11
1.3129810345730426 2.0431772598243033e-11
1.315478285804054 2.046969629784218e-11
1.317975537035065 2.0507534260312682e-11
1.320472788266076 2.0545287065494664e-11
1.3229700394970874 2.058295528694808e-11
1.3254672907280987 2.0620539492023662e-11
1.3279645419591097 2.0658040241992796e-11
1.3304617931901208 2.0695458092087826e-11
1.332959044421132 2.0732793591629697e-11
1.3354562956521434 2.0770047284088907e-11
1.3379535468831545 2.080721970718236e-11
1.3404507981141656 2.0844311392952185e-11
1.3429480493451769 2.088132286784132e-11
1.345445300576188 2.0918254652792374e-11
1.3479425518071992 2.09551072633009e-11
1.3504398030382103 2.0991881209505252e-11
1.3529370542692214 2.1028576996267677e-11
1.3554343055002327 2.1065195123239862e-11
1.357931556731244 2.110173608492968e-11
1.360428807962255 2.1138200370792872e-11
1.3629260591932661 2.1174588465283636e-11
1.3654233104242774 2.121090084793663e-11
1.3679205616552887 2.1247137993423727e-11
1.3704178128862998 2.1283300371635142e-11
1.372915064117311 2.1319388447727962e-11
1.3754123153483222 2.135540268220522e-11
1.3779095665793335 2.1391343530975158e-11
1.3804068178103446 2.1427211445406458e-11
1.3829040690413557 2.1463006872397384e-11
1.385401320272367 2.1498730254434534e-11
1.3878985715033783 2.1534382029649506e-11
1.3903958227343893 2.1569962631879693e-11
1.3928930739654004 2.1605472490721887e-11
1.3953903251964117 2.1640912031594466e-11
1.397887576427423 2.1676281675784555e-11
1.400384827658434 2.1711581840510072e-11
1.4028820788894452 2.174681293896935e-11
1.4053793301204565 2.1781975380395533e-11
1.4078765813514678 2.1817069570102807e-11
1.4103738325824788 2.1852095909547205e-11
1.41287108381349 2.1887054796366458e-11
1.4153683350445012 2.1921946624434324e-11
1.4178655862755125 2.1956771783913378e-11
1.4203628375065236 2.199153066129045e-11
1.4228600887375347 2.2026223639436225e-11
1.4253573399685457 2.2060851097641927e-11
1.427854591199557 2.2095413411672028e-11
1.4303518424305683 2.2129910953803823e-11
1.4328490936615794 2.2164344092872454e-11
1.4353463448925905 2.2198713194315184e-11
1.4378435961236018 2.223301862021402e-11
1.440340847354613 2.2267260729337867e-11
1.4428380985856242 2.230143987718026e-11
1.4453353498166353 2.23355564160045e-11
1.4478326010476466 2.236961069488212e-11
1.4503298522786578 2.240360305973083e-11
1.452827103509669 2.2437533853354213e-11
1.45532435474068 2.2471403415481025e-11
1.4578216059716913 2.250521208280079e-11
1.4603188572027026 2.2538960189001278e-11
1.4628161084337137 2.2572648064804796e-11
1.4653133596647248 2.260627603800673e-11
1.467810610895736 2.263984443350633e-11
1.4703078621267474 2.2673353573344113e-11
1.4728051133577584 2.270680377673502e-11
1.4753023645887695 2.27401953601037e-11
1.4777996158197808 2.2773528637117676e-11
1.480296867050792 2.280680391871629e-11
1.4827941182818032 2.2840021513148855e-11
1.4852913695128143 2.2873181726000357e-11
1.4877886207438256 2.2906284860229075e-11
1.4902858719748369 2.293933121619072e-11
1.492783123205848 2.2972321091674406e-11
1.495280374436859 2.3005254781928663e-11
1.4977776256678703 2.303813257969376e-11
1.5002748768988816 2.307095477522837e-11
1.5027721281298927 2.310372165634082e-11
1.5052693793609038 2.3136433508413428e-11
1.507766630591915 2.3169090614434904e-11
1.5102638818229261 2.320169325502443e-11
1.5127611330539374 2.323424170845931e-11
1.5152583842849485 2.326673625070283e-11
1.5177556355159598 2.3299177155429838e-11
1.520252886746971 2.3331564694051047e-11
1.5227501379779822 2.3363899135740974e-11
1.5252473892089933 2.3396180747462015e-11
1.5277446404400046 2.3428409793988998e-11
1.5302418916710157 2.3460586537933125e-11
1.532739142902027 2.349271123976781e-11
1.535236394133038 2.35247841578508e-11
1.5377336453640493 2.3556805548447983e-11
1.5402308965950604 2.358877566575671e-11
1.5427281478260717 2.3620694761929005e-11
1.5452253990570828 2.365256308709241e-11
1.5477226502880939 2.3684380889374854e-11
1.5502199015191052 2.3716148414922923e-11
1.5527171527501162 2.3747865907926595e-11
1.5552144039811275 2.3779533610638825e-11
1.5577116552121386 2.3811151763396934e-11
1.56020890644315 2.3842720604642227e-11
1.562706157674161 2.3874240370942986e-11
1.5652034089051723 2.3905711297012344e-11
1.5677006601361834 2.393713361572893e-11
1.5701979113671947 2.396850755815491e-11
1.5726951625982057 2.3999833353558302e-11
1.575192413829217 2.403111122942877e-11
1.5776896650602281 2.406234141150027e-11
1.5801869162912394 2.4093524123765558e-11
1.5826841675222505 2.412465958849528e-11
1.5851814187532618 2.4155748026259597e-11
1.5876786699842729 2.418678965594222e-11
1.5901759212152842 2.4217784694759183e-11
1.5926731724462952 2.4248733358275274e-11
1.5951704236773065 2.4279635860423442e-11
1.5976676749083176 2.4310492413519506e-11
1.600164926139329 2.4341303228280578e-11
1.60266217737034 2.437206851383947e-11
1.6051594286013513 2.4402788477762634e-11
1.6076566798323624 2.4433463326065824e-11
1.6101539310633737 2.4464093263228975e-11
1.6126511822943848 2.449467849221506e-11
1.615148433525396 2.4525219214478576e-11
1.6176456847564071 2.4555715629989694e-11
1.6201429359874184 2.4586167937242683e-11
1.6226401872184295 2.461657633327281e-11
1.6251374384494406 2.4646941013672583e-11
1.6276346896804519 2.467726217260333e-11
1.630131940911463 2.4707540002811948e-11
1.6326291921424743 2.4737774695643377e-11
1.6351264433734853 2.4767966441055062e-11
1.6376236946044966 2.479811542763163e-11
1.6401209458355077 2.4828221842597088e-11
1.642618197066519 2.4858285871828776e-11
1.64511544829753 2.4888307699870368e-11
1.6476126995285414 2.491828750994648e-11
1.6501099507595525 2.4948225483972644e-11
1.6526072019905638 2.49781218025716e-11
1.6551044532215748 2.5007976645083076e-11
1.6576017044525861 2.5037790189575724e-11
1.6600989556835972 2.5067562612865294e-11
1.6625962069146085 2.5097294090517435e-11
1.6650934581456196 2.5126984796869043e-11
1.667590709376631 2.5156634905031558e-11
1.670087960607642 2.5186244586910813e-11
1.6725852118386533 2.5215814013212784e-11
1.6750824630696644 2.5245343353456683e-11
1.6775797143006757 2.527483277598767e-11
1.6800769655316867 2.530428244798574e-11
1.682574216762698 2.5333692535477854e-11
1.685071467993709 2.536306320335046e-11
1.6875687192247204 2.539239461535663e-11
1.6900659704557315 2.5421686934129907e-11
1.6925632216867428 2.545094032119307e-11
1.6950604729177539 2.548015493696984e-11
1.6975577241487652 2.5509330940793122e-11
1.7000549753797762 2.5538468490917377e-11
1.7025522266107873 2.556756774452822e-11
1.7050494778417986 2.5596628857748768e-11
1.7075467290728097 2.5625651985656947e-11
1.710043980303821 2.565463728228711e-11
1.712541231534832 2.5683584900644187e-11
1.7150384827658434 2.571249499271338e-11
1.7175357339968544 2.57413677094657e-11
1.7200329852278657 2.5770203200872617e-11
1.7225302364588768 2.579900161590936e-11
1.7250274876898881 2.5827763102569986e-11
1.7275247389208992 2.585648780786988e-11
1.7300219901519105 2.5885175877860703e-11
1.7325192413829216 2.5913827457635238e-11
1.7350164926139329 2.5942442691336622e-11
1.737513743844944 2.597102172216786e-11
1.7400109950759552 2.59995646924006e-11
1.7425082463069663 2.6028071743379863e-11
1.7450054975379776 2.6056543015537835e-11
1.7475027487689887 2.6084978648398147e-11
1.75 2.6113378780584096e-11
