0.5038716357254187 nan
0.5063688869564299 4.133848264442867e-15
0.5088661381874411 8.497425243565427e-15
0.5113633894184523 1.3105482157785156e-14
0.5138606406494635 1.7914682771729048e-14
0.5163578918804747 2.297202465340908e-14
0.5188551431114858 2.829621851794896e-14
0.521352394342497 3.390749375904408e-14
0.5238496455735082 3.9827725696856587e-14
0.5263468968045194 4.6080573575120244e-14
0.5288441480355306 5.269163018918186e-14
0.5313413992665418 5.968858413237923e-14
0.533838650497553 6.710139569597201e-14
0.5363359017285642 7.49624875714313e-14
0.5388331529595753 8.330695157158116e-14
0.5413304041905864 9.217277269879343e-14
0.5438276554215977 1.0160107198398154e-13
0.5463249066526088 1.1163636964695214e-13
0.54882215788362 1.2232687022575514e-13
0.5513194091146312 1.3372477147801895e-13
0.5538166603456424 1.4588659897313105e-13
0.5563139115766536 1.5887317067188983e-13
0.5588111628076647 1.727515203797479e-13
0.5613084140386759 1.8759310794511518e-13
0.5638056652696871 2.034757050079423e-13
0.5663029165006983 2.204835475961463e-13
0.5688001677317095 2.3870787427915005e-13
0.5712974189627207 2.582475081777617e-13
0.5737946701937319 2.792094862323199e-13
0.5762919214247431 3.017097393357424e-13
0.5787891726557542 3.2587662130841323e-13
0.5812864238867654 3.5184087187875653e-13
0.5837836751177766 3.7975224082153784e-13
0.5862809263487878 4.097701985658588e-13
0.588778177579799 4.4206741779530213e-13
0.5912754288108102 4.768308489727662e-13
0.5937726800418214 5.14262879278356e-13
0.5962699312728326 5.54582580696646e-13
0.5987671825038438 5.980270532622644e-13
0.6012644337348549 6.44846107912076e-13
0.6037616849658661 6.953300770745421e-13
0.6062589361968773 7.497731891372488e-13
0.6087561874278885 8.085002056905301e-13
0.6112534386588997 8.718622856094653e-13
0.6137506898899109 9.402390377299206e-13
0.6162479411209221 1.0140407161496214e-12
0.6187451923519331 1.093710565080749e-12
0.6212424435829444 1.1797273199563885e-12
0.6237396948139555 1.2726078710895797e-12
0.6262369460449668 1.3729100956169108e-12
0.6287341972759779 1.481224568985318e-12
0.6312314485069892 1.5982216382371306e-12
0.6337286997380003 1.7245907338043435e-12
0.6362259509690115 1.8610854985873237e-12
0.6387232022000227 2.0085173726128873e-12
0.6412204534310338 2.167759487781627e-12
0.643717704662045 2.3397507290651024e-12
0.6462149558930562 2.525499950112121e-12
0.6487122071240674 2.7260903261532157e-12
0.6512094583550786 2.942683820841207e-12
0.6537067095860898 3.1765257363500093e-12
0.656203960817101 3.4289493070970685e-12
0.6587012120481122 3.70138028701947e-12
0.6611984632791233 3.995341467753302e-12
0.6636957145101345 4.312457050409345e-12
0.6661929657411457 4.654456776226215e-12
0.6686902169721569 5.023179701058262e-12
0.6711874682031681 5.420577474858562e-12
0.6736847194341793 5.848716913257675e-12
0.6761819706651905 6.309781935315095e-12
0.6786792218962017 6.806073960325343e-12
0.6811764731272129 7.340011363339493e-12
0.683673724358224 7.914127010974143e-12
0.6861709755892352 8.531063745103737e-12
0.6886682268202464 9.193567318318166e-12
0.6911654780512576 9.904476249883634e-12
0.6936627292822688 1.0666707982330207e-11
0.6961599805132799 1.1483240615672462e-11
0.6986572317442912 1.2357089376730794e-11
0.7011544829753023 1.3291276840154338e-11
0.7036517342063136 1.4288795750878913e-11
0.7061489854373246 1.5352563095975928e-11
0.7086462366683359 1.6485363825880612e-11
0.711143487899347 1.7689782310439167e-11
0.7136407391303583 1.896811920716282e-11
0.7161379903613694 2.0322290867424863e-11
0.7186352415923806 2.175370763557706e-11
0.7211324928233918 2.3263126274930428e-11
0.723629744054403 2.4850470057232404e-11
0.7261269952854141 2.6514607372378796e-11
0.7286242465164253 2.8253075288959156e-11
0.7311214977474365 3.006172680612614e-11
0.7336187489784477 3.1934266358291234e-11
0.7361160002094589 3.386160996280384e-11
0.7386132514404701 3.583094478952592e-11
0.7411105026714813 3.782420862729491e-11
0.7436077539024925 3.9815236774126826e-11
0.7461050051335036 4.176274061547894e-11
0.7486022563645148 4.357267201193585e-11
0.751099507595526 4.5187448160909365e-11
0.7535967588265372 4.669085852473308e-11
0.7560940100575484 4.8112663466892986e-11
0.7585912612885596 4.9468791299808736e-11
0.7610885125195708 5.076965295573352e-11
0.763585763750582 5.2022720715842016e-11
0.7660830149815931 5.323367048811917e-11
0.7685802662126042 5.440698342095164e-11
0.7710775174436155 5.5546298739338756e-11
0.7735747686746266 5.665463667333055e-11
0.7760720199056379 5.7734547279875e-11
0.778569271136649 5.878821410815758e-11
0.7810665223676603 5.98175289035703e-11
0.7835637735986714 6.082414695755765e-11
0.7860610248296827 6.180952907947926e-11
0.7885582760606937 6.277497405609942e-11
0.791055527291705 6.372164418271492e-11
0.7935527785227161 6.465058564227453e-11
0.7960500297537274 6.556274498362789e-11
0.7985472809847385 6.645898259890705e-11
0.8010445322157498 6.734008385966237e-11
0.8035417834467609 6.820676840322621e-11
0.806039034677772 6.905969794102622e-11
0.8085362859087832 6.98994828736571e-11
0.8110335371397944 7.072668793374847e-11
0.8135307883708056 7.154183702983902e-11
0.8160280396018168 7.23454174286057e-11
0.818525290832828 7.313788338514937e-11
0.8210225420638392 7.391965930985041e-11
0.8235197932948504 7.469114254368381e-11
0.8260170445258616 7.545270580088855e-11
0.8285142957568727 7.620469932747871e-11
0.8310115469878839 7.694745281580064e-11
0.8335087982188951 7.768127710875988e-11
0.8360060494499063 7.840646572178347e-11
0.8385033006809175 7.91232962063323e-11
0.8410005519119287 7.983203137500423e-11
0.8434978031429399 8.053292040538313e-11
0.845995054373951 8.122619983726845e-11
0.8484923056049622 8.191209447581198e-11
0.8509895568359733 8.259081821141137e-11
0.8534868080669846 8.326257476571616e-11
0.8559840592979957 8.392755837185488e-11
0.858481310529007 8.458595439602257e-11
0.8609785617600181 8.523793990596097e-11
0.8634758129910294 8.588368419534085e-11
0.8659730642220405 8.652334925854369e-11
0.8684703154530518 8.715709023688197e-11
0.8709675666840628 8.778505582330766e-11
0.8734648179150741 8.840738863861055e-11
0.8759620691460852 8.90242255790632e-11
0.8784593203770965 8.96356981384148e-11
0.8809565716081076 9.024193270637428e-11
0.8834538228391188 9.084305084610088e-11
0.88595107407013 9.143916955196621e-11
0.8884483253011412 9.203040148976158e-11
0.8909455765321523 9.261685522057067e-11
0.8934428277631635 9.31986354097132e-11
0.8959400789941747 9.377584302200246e-11
0.8984373302251859 9.434857550440028e-11
0.9009345814561971 9.491692695702864e-11
0.9034318326872083 9.54809882935098e-11
0.9059290839182195 9.604084739138401e-11
0.9084263351492307 9.659658923342684e-11
0.9109235863802418 9.714829604041388e-11
0.913420837611253 9.76960473961727e-11
0.9159180888422642 9.823992036521505e-11
0.9184153400732754 9.87799896037197e-11
0.9209125913042866 9.931632746416539e-11
0.9234098425352978 9.984900409413118e-11
0.925907093766309 1.0037808752964746e-10
0.92840434499732 1.0090364378346965e-10
0.9309015962283314 1.0142573692860159e-10
0.9333988474593424 1.0194442917737375e-10
0.9358960986903537 1.0245978095639123e-10
0.9383933499213648 1.0297185097761207e-10
0.9408906011523761 1.0348069630574081e-10
0.9433878523833872 1.0398637242229741e-10
0.9458851036143985 1.0448893328640876e-10
0.9483823548454096 1.0498843139263446e-10
0.9508796060764209 1.0548491782599517e-10
0.9533768573074319 1.0597844231429632e-10
0.9558741085384432 1.0646905327798443e-10
0.9583713597694543 1.0695679787767294e-10
0.9608686110004656 1.0744172205940835e-10
0.9633658622314767 1.0792387059788255e-10
0.9658631134624879 1.084032871376552e-10
0.9683603646934991 1.0888001423251878e-10
0.9708576159245103 1.0935409338311087e-10
0.9733548671555214 1.0982556507286932e-10
0.9758521183865326 1.1029446880238246e-10
0.9783493696175438 1.1076084312228757e-10
0.980846620848555 1.1122472566475327e-10
0.9833438720795662 1.1168615317359601e-10
0.9858411233105774 1.1214516153317377e-10
0.9883383745415886 1.1260178579603275e-10
0.9908356257725998 1.1305606020945487e-10
0.993332877003611 1.1350801824089796e-10
0.9958301282346221 1.1395769260240081e-10
0.9983273794656333 1.1440511527404463e-10
1.0008246306966444 1.1485031752642576e-10
1.0033218819276557 1.152933299423147e-10
1.005819133158667 1.1573418243741445e-10
1.008316384389678 1.1617290428032993e-10
1.0108136356206892 1.1660952411179866e-10
1.0133108868517005 1.1704406996315854e-10
1.0158081380827118 1.174765692741465e-10
1.0183053893137228 1.1790704891000102e-10
1.020802640544734 1.1833553517797426e-10
1.0232998917757452 1.1876205384321267e-10
1.0257971430067563 1.1918663014404935e-10
1.0282943942377676 1.196092888067788e-10
1.0307916454687787 1.2003005405987378e-10
1.0332888966997897 1.2044894964771433e-10
1.035786147930801 1.208659988438211e-10
1.0382833991618123 1.2128122446364673e-10
1.0407806503928234 1.2169464887689028e-10
1.0432779016238345 1.2210629401943515e-10
1.0457751528548458 1.2251618140483423e-10
1.048272404085857 1.2292433213544056e-10
1.0507696553168682 1.2333076691314476e-10
1.0532669065478792 1.2373550604974954e-10
1.0557641577788905 1.2413856947704655e-10
1.0582614090099018 1.2453997675648997e-10
1.060758660240913 1.249397470886234e-10
1.063255911471924 1.2533789932214886e-10
1.0657531627029353 1.2573445196275728e-10
1.0682504139339466 1.2612942318161096e-10
1.0707476651649577 1.265228308236334e-10
1.0732449163959688 1.2691469241548204e-10
1.07574216762698 1.2730502517328797e-10
1.0782394188579913 1.2769384601017676e-10
1.0807366700890024 1.280811715435162e-10
1.0832339213200135 1.2846701810199217e-10
1.0857311725510248 1.2885140173243664e-10
1.088228423782036 1.2923433820644816e-10
1.0907256750130472 1.2961584302683423e-10
1.0932229262440583 1.299959314338627e-10
1.0957201774750696 1.3037461841129173e-10
1.0982174287060809 1.3075191869228144e-10
1.100714679937092 1.31127846765073e-10
1.103211931168103 1.3150241687855756e-10
1.105709182399114 1.318756430476376e-10
1.1082064336301254 1.3224753905847496e-10
1.1107036848611367 1.3261811847356805e-10
1.1132009360921478 1.329873946366676e-10
1.1156981873231588 1.3335538067762376e-10
1.1181954385541701 1.3372208951700527e-10
1.1206926897851814 1.3408753387066202e-10
1.1231899410161925 1.3445172625412745e-10
1.1256871922472036 1.3481467898691808e-10
1.128184443478215 1.351764041966923e-10
1.1306816947092262 1.355369138233388e-10
1.1331789459402373 1.358962196229043e-10
1.1356761971712483 1.3625433317145276e-10
1.1381734484022596 1.3661126586881482e-10
1.140670699633271 1.3696702894221348e-10
1.143167950864282 1.3732163344984713e-10
1.145665202095293 1.3767509028432628e-10
1.1481624533263044 1.3802741017603645e-10
1.1506597045573157 1.383786036964332e-10
1.1531569557883268 1.387286812612579e-10
1.1556542070193379 1.3907765313359257e-10
1.1581514582503492 1.394255294269772e-10
1.1606487094813605 1.397723201083038e-10
1.1631459607123715 1.4011803500075114e-10
1.1656432119433826 1.4046268378654803e-10
1.168140463174394 1.4080627600977391e-10
1.1706377144054052 1.411488210789977e-10
1.1731349656364163 1.4149032826990343e-10
1.1756322168674274 1.418308067278378e-10
1.1781294680984387 1.4217026547029876e-10
1.18062671932945 1.4250871338933296e-10
1.183123970560461 1.4284615925396287e-10
1.1856212217914721 1.4318261171243342e-10
1.1881184730224832 1.4351807929450173e-10
1.1906157242534945 1.4385257041363551e-10
1.1931129754845058 1.4418609336919545e-10
1.1956102267155169 1.4451865634844963e-10
1.198107477946528 1.4485026742872477e-10
1.2006047291775392 1.4518093457933062e-10
1.2031019804085505 1.455106656635885e-10
1.2055992316395616 1.4583946844069144e-10
1.2080964828705727 1.4616735056759183e-10
1.210593734101584 1.4649431960082879e-10
1.2130909853325953 1.4682038299833022e-10
1.2155882365636064 1.4714554812111244e-10
1.2180854877946174 1.47469822235052e-10
1.2205827390256287 1.477932125124911e-10
1.22307999025664 1.481157260339131e-10
1.2255772414876511 1.4843736978953754e-10
1.2280744927186622 1.4875815068083834e-10
1.2305717439496735 1.4907807552211513e-10
1.2330689951806848 1.4939715104197188e-10
1.2355662464116959 1.497153838847768e-10
1.238063497642707 1.5003278061209243e-10
1.2405607488737183 1.5034934770407961e-10
1.2430580001047296 1.5066509156084955e-10
1.2455552513357406 1.509800185038332e-10
1.2480525025667517 1.5129413477706435e-10
1.250549753797763 1.5160744654849234e-10
1.2530470050287743 1.5191995991122135e-10
1.2555442562597854 1.5223168088473014e-10
1.2580415074907965 1.5254261541609813e-10
1.2605387587218078 1.528527693812048e-10
1.2630360099528188 1.5316214858582254e-10
1.2655332611838301 1.5347075876682256e-10
1.2680305124148412 1.537786055932277e-10
1.2705277636458523 1.540856946673315e-10
1.2730250148768636 1.543920315257657e-10
1.275522266107875 1.5469762164050995e-10
1.278019517338886 1.55002470419953e-10
1.280516768569897 1.553065832098871e-10
1.2830140198009083 1.556099652944625e-10
1.2855112710319196 1.5591262189718704e-10
1.2880085222629307 1.5621455818185352e-10
1.2905057734939418 1.5651577925345604e-10
1.293003024724953 1.5681629015911395e-10
1.2955002759559644 1.5711609588896164e-10
1.2979975271869755 1.5741520137701178e-10
1.3004947784179866 1.5771361150200378e-10
1.3029920296489979 1.5801133108827155e-10
1.3054892808800092 1.5830836490653348e-10
1.3079865321110202 1.5860471767472138e-10
1.3104837833420313 1.5890039405876852e-10
1.3129810345730426 1.591953986733817e-10
1.315478285804054 1.594897360828142e-10
1.317975537035065 1.5978341080159437e-10
1.320472788266076 1.6007642729528442e-10
1.3229700394970874 1.6036878998117983e-10
1.3254672907280987 1.6066050322903918e-10
1.3279645419591097 1.60951571361753e-10
1.3304617931901208 1.6124199865604166e-10
1.332959044421132 1.6153178934312396e-10
1.3354562956521434 1.6182094760936863e-10
1.3379535468831545 1.6210947759693344e-10
1.3404507981141656 1.6239738340441788e-10
1.3429480493451769 1.6268466908745993e-10
1.345445300576188 1.6297133865937525e-10
1.3479425518071992 1.6325739609172312e-10
1.3504398030382103 1.6354284531493298e-10
1.3529370542692214 1.638276902188492e-10
1.3554343055002327 1.641119346533054e-10
1.357931556731244 1.6439558242872352e-10
1.360428807962255 1.6467863731659028e-10
1.3629260591932661 1.6496110305005967e-10
1.3654233104242774 1.6524298332445336e-10
1.3679205616552887 1.6552428179778755e-10
1.3704178128862998 1.6580500209126616e-10
1.372915064117311 1.6608514778981618e-10
1.3754123153483222 1.6636472244256043e-10
1.3779095665793335 1.6664372956330732e-10
1.3804068178103446 1.6692217263102356e-10
1.3829040690413557 1.6720005509030162e-10
1.385401320272367 1.6747738035184348e-10
1.3878985715033783 1.6775415179287946e-10
1.3903958227343893 1.6803037275764245e-10
1.3928930739654004 1.6830604655779019e-10
1.3953903251964117 1.6858117647282836e-10
1.397887576427423 1.6885576575056043e-10
1.400384827658434 1.6912981760748938e-10
1.4028820788894452 1.6940333522922358e-10
1.4053793301204565 1.6967632177087313e-10
1.4078765813514678 1.699487803574849e-10
1.4103738325824788 1.702207140843668e-10
1.41287108381349 1.704921260175519e-10
1.4153683350445012 1.7076301919408987e-10
1.4178655862755125 1.7103339662248466e-10
1.4203628375065236 1.7130326128304643e-10
1.4228600887375347 1.7157261612821043e-10
1.4253573399685457 1.7184146408294597e-10
1.427854591199557 1.721098080450555e-10
1.4303518424305683 1.7237765088556315e-10
1.4328490936615794 1.7264499544902252e-10
1.4353463448925905 1.7291184455384308e-10
1.4378435961236018 1.73178200992633e-10
1.440340847354613 1.734440675325274e-10
1.4428380985856242 1.7370944691547963e-10
1.4453353498166353 1.7397434185857384e-10
1.4478326010476466 1.7423875505437973e-10
1.4503298522786578 1.7450268917118098e-10
1.452827103509669 1.7476614685332494e-10
1.45532435474068 1.7502913072150272e-10
1.4578216059716913 1.7529164337301332e-10
1.4603188572027026 1.7555368738208932e-10
1.4628161084337137 1.7581526530013565e-10
1.4653133596647248 1.760763796560466e-10
1.467810610895736 1.7633703295642205e-10
1.4703078621267474 1.765972276858862e-10
1.4728051133577584 1.768569663073183e-10
1.4753023645887695 1.7711625126212435e-10
1.4777996158197808 1.773750849705029e-10
1.480296867050792 1.7763346983165058e-10
1.4827941182818032 1.7789140822407744e-10
1.4852913695128143 1.7814890250578398e-10
1.4877886207438256 1.7840595501456017e-10
1.4902858719748369 1.786625680681633e-10
1.492783123205848 1.789187439646003e-10
1.495280374436859 1.7917448498234001e-10
1.4977776256678703 1.7942979338052603e-10
1.5002748768988816 1.7968467139922304e-10
1.5027721281298927 1.7993912125960387e-10
1.5052693793609038 1.8019314516421748e-10
1.507766630591915 1.8044674529715004e-10
1.5102638818229261 1.8069992382424952e-10
1.5127611330539374 1.8095268289336345e-10
1.5152583842849485 1.8120502463452113e-10
1.5177556355159598 1.8145695116010548e-10
1.520252886746971 1.817084645650953e-10
1.5227501379779822 1.8195956692725805e-10
1.5252473892089933 1.8221026030731353e-10
1.5277446404400046 1.8246054674914807e-10
1.5302418916710157 1.8271042827999621e-10
1.532739142902027 1.829599069106267e-10
1.535236394133038 1.8320898463551745e-10
1.5377336453640493 1.8345766343304508e-10
1.5402308965950604 1.8370594526564278e-10
1.5427281478260717 1.8395383208002462e-10
1.5452253990570828 1.8420132580728263e-10
1.5477226502880939 1.8444842836313567e-10
1.5502199015191052 1.8469514164802596e-10
1.5527171527501162 1.849414675473467e-10
1.5552144039811275 1.851874079315547e-10
1.5577116552121386 1.854329646563657e-10
1.56020890644315 1.856781395628929e-10
1.562706157674161 1.8592293447782803e-10
1.5652034089051723 1.8616735121354646e-10
1.5677006601361834 1.8641139156832735e-10
1.5701979113671947 1.866550573264554e-10
1.5726951625982057 1.8689835025836442e-10
1.575192413829217 1.8714127212083997e-10
1.5776896650602281 1.8738382465709384e-10
1.5801869162912394 1.876260095969536e-10
1.5826841675222505 1.8786782865697833e-10
1.5851814187532618 1.8810928354061944e-10
1.5876786699842729 1.8835037593834143e-10
1.5901759212152842 1.8859110752774606e-10
1.5926731724462952 1.8883147997374783e-10
1.5951704236773065 1.8907149492866073e-10
1.5976676749083176 1.8931115403234625e-10
1.600164926139329 1.8955045891235276e-10
1.60266217737034 1.8978941118401072e-10
1.6051594286013513 1.9002801245059196e-10
1.6076566798323624 1.9026626430341827e-10
1.6101539310633737 1.9050416832198371e-10
1.6126511822943848 1.9074172607406447e-10
1.615148433525396 1.909789391158579e-10
1.6176456847564071 1.912158089920873e-10
1.6201429359874184 1.9145233723611348e-10
1.6226401872184295 1.9168852537005068e-10
1.6251374384494406 1.9192437490491067e-10
1.6276346896804519 1.921598873406582e-10
1.630131940911463 1.9239506416634907e-10
1.6326291921424743 1.9262990686026646e-10
1.6351264433734853 1.9286441688996994e-10
1.6376236946044966 1.930985957124488e-10
1.6401209458355077 1.9333244477420293e-10
1.642618197066519 1.9356596551136277e-10
1.64511544829753 1.937991593497623e-10
1.6476126995285414 1.940320277050762e-10
1.6501099507595525 1.942645719829047e-10
1.6526072019905638 1.9449679357884755e-10
1.6551044532215748 1.9472869387863143e-10
1.6576017044525861 1.9496027425821056e-10
1.6600989556835972 1.951915360838264e-10
1.6625962069146085 1.9542248071214346e-10
1.6650934581456196 1.9565310949028783e-10
1.667590709376631 1.9588342375600525e-10
1.670087960607642 1.9611342483770728e-10
1.6725852118386533 1.963431140545544e-10
1.6750824630696644 1.965724927165678e-10
1.6775797143006757 1.9680156212471223e-10
1.6800769655316867 1.970303235709838e-10
1.682574216762698 1.9725877833846166e-10
1.685071467993709 1.9748692770144967e-10
1.6875687192247204 1.977147729255053e-10
1.6900659704557315 1.9794231526755404e-10
1.6925632216867428 1.9816955597596898e-10
1.6950604729177539 1.9839649629061944e-10
1.6975577241487652 1.9862313744299702e-10
1.7000549753797762 1.988494806562496e-10
1.7025522266107873 1.9907552714529808e-10
1.7050494778417986 1.9930127811686527e-10
1.7075467290728097 1.9952673476960788e-10
1.710043980303821 1.9975189829414215e-10
1.712541231534832 1.9997676987315116e-10
1.7150384827658434 2.00201350681424e-10
1.7175357339968544 2.0042564188597352e-10
1.7200329852278657 2.0064964464606058e-10
1.7225302364588768 2.0087336011328947e-10
1.7250274876898881 2.010967894316749e-10
1.7275247389208992 2.0131993373772205e-10
1.7300219901519105 2.0154279416044355e-10
1.7325192413829216 2.0176537182150637e-10
1.7350164926139329 2.0198766783522952e-10
1.737513743844944 2.0220968330868865e-10
1.7400109950759552 2.024314193417612e-10
1.7425082463069663 2.0265287702720074e-10
1.7450054975379776 2.0287405745068721e-10
1.7475027487689887 2.030949616909256e-10
1.75 2.033155908196458e-10
