0.0 0.0
0.0035070140280561123 0.0
0.0070140280561122245 0.0
0.010521042084168337 0.0
0.014028056112224449 0.0
0.01753507014028056 0.0
0.021042084168336674 0.0
0.024549098196392786 0.0
0.028056112224448898 0.0
0.031563126252505014 0.0
0.03507014028056112 0.0
0.03857715430861723 0.0
0.04208416833667335 0.0
0.04559118236472946 0.0
0.04909819639278557 0.0
0.05260521042084168 0.0
0.056112224448897796 0.0
0.05961923847695391 0.0
0.06312625250501003 0.0
0.06663326653306613 0.0
0.07014028056112225 0.0
0.07364729458917836 0.0
0.07715430861723446 0.0
0.08066132264529058 0.0
0.0841683366733467 0.0
0.08767535070140281 0.0
0.09118236472945893 0.0
0.09468937875751503 0.0
0.09819639278557114 0.0
0.10170340681362726 0.0
0.10521042084168336 0.0
0.10871743486973948 0.0
0.11222444889779559 0.0
0.11573146292585171 0.0
0.11923847695390782 0.0
0.12274549098196393 0.0
0.12625250501002006 0.0
0.12975951903807614 0.0
0.13326653306613226 0.0
0.13677354709418837 0.0
0.1402805611222445 0.0
0.1437875751503006 0.0
0.14729458917835672 0.0
0.15080160320641284 0.0
0.15430861723446893 0.0
0.15781563126252504 0.0
0.16132264529058116 0.0
0.16482965931863727 0.0
0.1683366733466934 0.0
0.1718436873747495 0.0
0.17535070140280562 0.0
0.17885771543086174 0.0
0.18236472945891785 0.0
0.18587174348697394 0.0
0.18937875751503006 0.0
0.19288577154308617 0.0
0.1963927855711423 0.0
0.1998997995991984 0.0
0.20340681362725452 0.0
0.20691382765531063 0.0
0.21042084168336672 0.0
0.21392785571142284 0.0
0.21743486973947895 0.0
0.22094188376753507 0.0
0.22444889779559118 0.0
0.2279559118236473 0.0
0.23146292585170342 0.0
0.23496993987975953 0.0
0.23847695390781565 0.0
0.24198396793587174 0.0
0.24549098196392785 0.0
0.24899799599198397 0.0
0.2525050100200401 0.0
0.2560120240480962 0.0
0.2595190380761523 0.0
0.26302605210420843 0.0
0.2665330661322645 0.0
0.27004008016032066 0.0
0.27354709418837675 0.0
0.2770541082164329 0.0
0.280561122244489 0.0
0.28406813627254507 0.0
0.2875751503006012 0.0
0.2910821643286573 0.0
0.29458917835671344 0.0
0.29809619238476953 0.0
0.3016032064128257 0.0
0.30511022044088176 0.0
0.30861723446893785 0.0
0.312124248496994 0.0
0.3156312625250501 0.0
0.3191382765531062 0.0
0.3226452905811623 0.0
0.32615230460921846 0.0
0.32965931863727455 0.0
0.3331663326653307 0.0
0.3366733466933868 0.0
0.34018036072144286 0.0
0.343687374749499 0.0
0.3471943887775551 0.0
0.35070140280561124 0.0
0.35420841683366733 0.0
0.35771543086172347 0.0
0.36122244488977956 0.0
0.3647294589178357 0.0
0.3682364729458918 0.0
0.3717434869739479 0.0
0.375250501002004 0.0
0.3787575150300601 0.0
0.38226452905811625 0.0
0.38577154308617234 0.0
0.3892785571142285 0.0
0.3927855711422846 0.0
0.39629258517034066 0.0
0.3997995991983968 0.0
0.4033066132264529 0.0
0.40681362725450904 0.0
0.4103206412825651 0.0
0.41382765531062127 0.0
0.41733466933867736 0.0
0.42084168336673344 0.0
0.4243486973947896 0.0
0.4278557114228457 0.0
0.4313627254509018 0.0
0.4348697394789579 0.0
0.43837675350701405 0.0
0.44188376753507014 0.0
0.4453907815631263 0.0
0.44889779559118237 7.164567616158674e-14
0.45240480961923846 1.5913570234100137e-13
0.4559118236472946 2.5269544973833484e-13
0.4594188376753507 3.5295382685741833e-13
0.46292585170340683 4.60609154938444e-13
0.4664328657314629 5.764362227385785e-13
0.46993987975951906 7.01297319112569e-13
0.47344689378757515 8.361482336245237e-13
0.4769539078156313 9.820508240638712e-13
0.4804609218436874 1.1401883116369033e-12
0.48396793587174347 1.3118618210067136e-12
0.4874749498997996 1.4985269291399407e-12
0.4909819639278557 1.70179462555884e-12
0.49448897795591185 1.9234512708786495e-12
0.49799599198396793 2.1654659397461917e-12
0.501503006012024 2.4300508437721735e-12
0.5050100200400802 2.7196241317511315e-12
0.5085170340681363 3.0368698753961594e-12
0.5120240480961924 3.3847535099444426e-12
0.5155310621242485 3.76653624134059e-12
0.5190380761523046 4.185845907134395e-12
0.5225450901803608 4.646642598598673e-12
0.5260521042084169 5.153287868453749e-12
0.529559118236473 5.710564473609189e-12
0.533066132264529 6.3237053695020985e-12
0.5365731462925851 6.998421403785927e-12
0.5400801603206413 7.740926508904844e-12
0.5435871743486974 8.557958832813211e-12
0.5470941883767535 9.456795806179552e-12
0.5506012024048096 1.0445260605655428e-11
0.5541082164328658 1.1531716822602814e-11
0.5576152304609219 1.2725047364351063e-11
0.561122244488978 1.4034612683458539e-11
0.564629258517034 1.547018228941926e-11
0.5681362725450901 1.704183243458027e-11
0.5716432865731463 1.875980061072935e-11
0.5751503006012024 2.06342868274351e-11
0.5786573146292585 2.267518828819072e-11
0.5821643286573146 2.48917520003363e-11
0.5856713426853708 2.7292126035632252e-11
0.5891783567134269 2.98827851578944e-11
0.592685370741483 3.266779891439724e-11
0.5961923847695391 3.564789774256206e-11
0.5996993987975952 3.881927025223703e-11
0.6032064128256514 4.217198162295369e-11
0.6067134268537074 4.568781231453608e-11
0.6102204408817635 4.9337104749489357e-11
0.6137274549098196 5.307363398263115e-11
0.6172344689378757 5.682455479908979e-11
0.6207414829659319 6.046135477986624e-11
0.624248496993988 6.368427375858388e-11
0.6277555110220441 6.65556317568032e-11
0.6312625250501002 6.921976072168113e-11
0.6347695390781564 7.172809523590717e-11
0.6382765531062125 7.411050483218792e-11
0.6417835671342685 7.638705803371498e-11
0.6452905811623246 7.857233378874892e-11
0.6487975951903807 8.067746689442142e-11
0.6523046092184369 8.271126695481112e-11
0.655811623246493 8.468089025196256e-11
0.6593186372745491 8.659227087162214e-11
0.6628256513026052 8.845041155997315e-11
0.6663326653306614 9.025958781026846e-11
0.6698396793587175 9.202349567982927e-11
0.6733466933867736 9.374536169341799e-11
0.6768537074148296 9.542802637791579e-11
0.6803607214428857 9.707400896070393e-11
0.6838677354709419 9.868555830090604e-11
0.687374749498998 1.0026469355703755e-10
0.6908817635270541 1.018132370690672e-10
0.6943887775551102 1.0333284124341373e-10
0.6978957915831664 1.0482501075512496e-10
0.7014028056112225 1.0629112104849174e-10
0.7049098196392786 1.0773243387935061e-10
0.7084168336673347 1.0915011046928165e-10
0.7119238476953907 1.1054522271447191e-10
0.7154308617234469 1.1191876279657593e-10
0.718937875751503 1.1327165147090109e-10
0.7224448897795591 1.1460474525193232e-10
0.7259519038076152 1.1591884267379233e-10
0.7294589178356714 1.1721468976964776e-10
0.7329659318637275 1.1849298488819608e-10
0.7364729458917836 1.19754382944314e-10
0.7399799599198397 1.2099949918450013e-10
0.7434869739478958 1.2222891253421515e-10
0.746993987975952 1.2344316858348184e-10
0.750501002004008 1.2464278225813607e-10
0.7540080160320641 1.258282402169127e-10
0.7575150300601202 1.2700000300853675e-10
0.7610220440881763 1.2815850701797843e-10
0.7645290581162325 1.2930416622691678e-10
0.7680360721442886 1.3043737380994467e-10
0.7715430861723447 1.315585035851535e-10
0.7750501002004008 1.326679113352215e-10
0.778557114228457 1.3376593601306338e-10
0.7820641282565131 1.3485290084433417e-10
0.7855711422845691 1.3592911433745762e-10
0.7890781563126252 1.3699487121064721e-10
0.7925851703406813 1.3805045324422241e-10
0.7960921843687375 1.3909613006551696e-10
0.7995991983967936 1.401321598728873e-10
0.8031062124248497 1.4115879010452618e-10
0.8066132264529058 1.421762580572711e-10
0.810120240480962 1.4318479145986834e-10
0.8136272545090181 1.4418460900484914e-10
0.8171342685370742 1.4517592084260738e-10
0.8206412825651302 1.4615892904093863e-10
0.8241482965931863 1.4713382801305482e-10
0.8276553106212425 1.4810080491656315e-10
0.8311623246492986 1.4906004002595752e-10
0.8346693386773547 1.5001170708067616e-10
0.8381763527054108 1.5095597361066922e-10
0.8416833667334669 1.518930012413146e-10
0.8451903807615231 1.528229459791767e-10
0.8486973947895792 1.5374595848016229e-10
0.8522044088176353 1.546621843013356e-10
0.8557114228456913 1.5557176413764034e-10
0.8592184368737475 1.564748340445891e-10
0.8627254509018036 1.5737152564795706e-10
0.8662324649298597 1.5826196634142895e-10
0.8697394789579158 1.5914627947297613e-10
0.8732464929859719 1.6002458452077905e-10
0.8767535070140281 1.608969972594487e-10
0.8802605210420842 1.6176362991711586e-10
0.8837675350701403 1.6262459132404487e-10
0.8872745490981964 1.6347998705336697e-10
0.8907815631262526 1.6432991955432932e-10
0.8942885771543087 1.6517448827865374e-10
0.8977955911823647 1.660137898004107e-10
0.9013026052104208 1.668479179297284e-10
0.9048096192384769 1.6767696382087878e-10
0.9083166332665331 1.6850101607492127e-10
0.9118236472945892 1.6932016083735465e-10
0.9153306613226453 1.701344818909759e-10
0.9188376753507014 1.709440607443329e-10
0.9223446893787576 1.71748976715929e-10
0.9258517034068137 1.7254930701449756e-10
0.9293587174348698 1.7334512681550604e-10
0.9328657314629258 1.7413650933419412e-10
0.9363727454909819 1.7492352589522755e-10
0.9398797595190381 1.7570624599925352e-10
0.9433867735470942 1.7648473738644618e-10
0.9468937875751503 1.772590660972806e-10
0.9504008016032064 1.7802929653063488e-10
0.9539078156312626 1.7879549149935726e-10
0.9574148296593187 1.7955771228346507e-10
0.9609218436873748 1.8031601868108536e-10
0.9644288577154309 1.810704690572555e-10
0.9679358717434869 1.818211203906459e-10
0.9714428857715431 1.8256802831841668e-10
0.9749498997995992 1.8331124717919458e-10
0.9784569138276553 1.8405083005431496e-10
0.9819639278557114 1.8478682880739615e-10
0.9854709418837675 1.8551929412237544e-10
0.9889779559118237 1.8624827553998839e-10
0.9924849699398798 1.8697382149286513e-10
0.9959919839679359 1.8769597933922095e-10
0.999498997995992 1.8841479539530908e-10
1.003006012024048 1.8913031496657576e-10
1.0065130260521042 1.898425823776526e-10
1.0100200400801604 1.905516410012686e-10
1.0135270541082164 1.9125753328600303e-10
1.0170340681362726 1.9183486330530225e-10
1.0205410821643286 1.9253420866615582e-10
1.0240480961923848 1.9335662328633256e-10
1.027555110220441 1.940502571356741e-10
1.031062124248497 1.9474092393082457e-10
1.0345691382765532 1.9542866110500046e-10
1.0380761523046091 1.9611350533557258e-10
1.0415831663326653 1.9679549256478948e-10
1.0450901803607215 1.9747465801982385e-10
1.0485971943887775 1.9815103623209844e-10
1.0521042084168337 1.9882466105598437e-10
1.0556112224448897 1.9949556568682704e-10
1.059118236472946 2.001637826783937e-10
1.062625250501002 2.0082934395973065e-10
1.066132264529058 2.0149228085145122e-10
1.0696392785571143 2.0215262408151432e-10
1.0731462925851702 2.0281040380044921e-10
1.0766533066132264 2.034656495961315e-10
1.0801603206412826 2.0411839050801716e-10
1.0836673346693386 2.0476865504100754e-10
1.0871743486973948 2.0541647117879657e-10
1.090681362725451 2.0606186639683394e-10
1.094188376753507 2.0670486767488926e-10
1.0976953907815632 2.0734550150918774e-10
1.1012024048096192 2.0798379392421973e-10
1.1047094188376754 2.086197704841198e-10
1.1082164328657316 2.0925345630379943e-10
1.1117234468937875 2.0988487605963026e-10
1.1152304609218437 2.1051405399987867e-10
1.1187374749498997 2.1114101395480165e-10
1.122244488977956 2.117657793464668e-10
1.1257515030060121 2.1238837319822415e-10
1.129258517034068 2.1300881814397753e-10
1.1327655310621243 2.136271364371171e-10
1.1362725450901803 2.1424334995924218e-10
1.1397795591182365 2.1485748022859743e-10
1.1432865731462927 2.1546954840828428e-10
1.1467935871743486 2.1607957531425205e-10
1.1503006012024048 2.1668758142302215e-10
1.1538076152304608 2.1729358687924553e-10
1.157314629258517 2.178976115029935e-10
1.1608216432865732 2.1849967479690834e-10
1.1643286573146292 2.1909979595309341e-10
1.1678356713426854 2.1969799385987234e-10
1.1713426853707416 2.20294287108304e-10
1.1748496993987976 2.2088869399858594e-10
1.1783567134268538 2.2148123254622366e-10
1.1818637274549098 2.2207192048806912e-10
1.185370741482966 2.2266077528819678e-10
1.1888777555110221 2.232478141436141e-10
1.1923847695390781 2.2383305398982377e-10
1.1958917835671343 2.2441651150623453e-10
1.1993987975951903 2.2499820312145268e-10
1.2029058116232465 2.2557814501839716e-10
1.2064128256513027 2.2615635313932643e-10
1.2099198396793587 2.2673284319071651e-10
1.2134268537074149 2.2730763064798595e-10
1.2169338677354709 2.278807307601677e-10
1.220440881763527 2.284521585543961e-10
1.2239478957915833 2.290219288403193e-10
1.2274549098196392 2.2959005621438005e-10
1.2309619238476954 2.3015655506402356e-10
1.2344689378757514 2.3072143957175741e-10
1.2379759519038076 2.3128472371913234e-10
1.2414829659318638 2.318464212906515e-10
1.2449899799599198 2.324065458775322e-10
1.248496993987976 2.3296511088140846e-10
1.2520040080160322 2.3352212951794805e-10
1.2555110220440882 2.3407761482036455e-10
1.2590180360721444 2.3463157964287625e-10
1.2625250501002003 2.35184036664023e-10
1.2660320641282565 2.3573499838998234e-10
1.2695390781563127 2.3628447715773916e-10
1.2730460921843687 2.3683248513824256e-10
1.276553106212425 2.3737903433941693e-10
1.2800601202404809 2.379241366091789e-10
1.283567134268537 2.384678036383369e-10
1.2870741482965933 2.390100469634308e-10
1.2905811623246493 2.3955087796952524e-10
1.2940881763527055 2.4009030789291407e-10
1.2975951903807614 2.4062834782378983e-10
1.3011022044088176 2.4116500870883533e-10
1.3046092184368738 2.4170030135374843e-10
1.3081162324649298 2.422342364257522e-10
1.311623246492986 2.427668244559897e-10
1.3151302605210422 2.432980758419273e-10
1.3186372745490982 2.43828000849653e-10
1.3221442885771544 2.4435660961615895e-10
1.3256513026052104 2.448839121515497e-10
1.3291583166332666 2.4540991834123046e-10
1.3326653306613228 2.4593463794802183e-10
1.3361723446893787 2.464580806142431e-10
1.339679358717435 2.469802558637478e-10
1.343186372745491 2.475011731039172e-10
1.346693386773547 2.480208416276064e-10
1.3502004008016033 2.485392706150555e-10
1.3537074148296593 2.4905646913575617e-10
1.3572144288577155 2.495724461502864e-10
1.3607214428857715 2.5008721051210363e-10
1.3642284569138277 2.5060077096927676e-10
1.3677354709418839 2.5111313616623164e-10
1.3712424849699398 2.516243146454264e-10
1.374749498997996 2.52134314848984e-10
1.378256513026052 2.526431451203357e-10
1.3817635270541082 2.531508137057727e-10
1.3852705410821644 2.536573287560162e-10
1.3887775551102204 2.541626983277237e-10
1.3922845691382766 2.546669303849927e-10
1.3957915831663328 2.5517003280079937e-10
1.3992985971943888 2.556720133584424e-10
1.402805611222445 2.561728797529418e-10
1.406312625250501 2.5667263959240875e-10
1.4098196392785571 2.5717130039939274e-10
1.4133266533066133 2.576688696121983e-10
1.4168336673346693 2.5816535458619844e-10
1.4203406813627255 2.5866076259508115e-10
1.4238476953907815 2.5915510083210017e-10
1.4273547094188377 2.59648376411308e-10
1.4308617234468939 2.6014059636873225e-10
1.4343687374749499 2.606317676635781e-10
1.437875751503006 2.6112189717934943e-10
1.441382765531062 2.6161099172500855e-10
1.4448897795591182 2.620990580360677e-10
1.4483967935871744 2.6258610277567436e-10
1.4519038076152304 2.630721325356988e-10
1.4554108216432866 2.6355715383776545e-10
1.4589178356713428 2.6404117313428003e-10
1.4624248496993988 2.645241968094544e-10
1.465931863727455 2.650062311802887e-10
1.469438877755511 2.6548728249753725e-10
1.4729458917835672 2.659673569466741e-10
1.4764529058116234 2.664464606488339e-10
1.4799599198396793 2.6692459966171835e-10
1.4834669338677355 2.674017799805053e-10
1.4869739478957915 2.6787800753874387e-10
1.4904809619238477 2.683532882092361e-10
1.493987975951904 2.688276278048454e-10
1.49749498997996 2.69301032079397e-10
1.501002004008016 2.697735067284643e-10
1.504509018036072 2.7024505739020654e-10
1.5080160320641283 2.707156896461414e-10
1.5115230460921845 2.711854090219496e-10
1.5150300601202404 2.716542209882196e-10
1.5185370741482966 2.72122130961242e-10
1.5220440881763526 2.725891443037087e-10
1.5255511022044088 2.7305526632547156e-10
1.529058116232465 2.735205022842559e-10
1.532565130260521 2.739848573863561e-10
1.5360721442885772 2.7444833678733857e-10
1.5395791583166334 2.7491094559271364e-10
1.5430861723446894 2.753726888586255e-10
1.5465931863727456 2.758335715924647e-10
1.5501002004008015 2.7629359875359236e-10
1.5536072144288577 2.7675277525387735e-10
1.557114228456914 2.772111059584332e-10
1.56062124248497 2.7766859568613027e-10
1.5641282565130261 2.7812524921026755e-10
1.567635270541082 2.785810712591505e-10
1.5711422845691383 2.790360665166627e-10
1.5746492985971945 2.794902396228406e-10
1.5781563126252505 2.7994359517448884e-10
1.5816633266533067 2.803961377256538e-10
1.5851703406813626 2.8084787178824174e-10
1.5886773547094188 2.812988018325365e-10
1.592184368737475 2.8174893228770687e-10
1.595691382765531 2.821982675423658e-10
1.5991983967935872 2.826468119450547e-10
1.6027054108216432 2.830945698047677e-10
1.6062124248496994 2.835415453914241e-10
1.6097194388777556 2.8398774293639107e-10
1.6132264529058116 2.8443316663294087e-10
1.6167334669338678 2.8487782063673077e-10
1.620240480961924 2.853217090662597e-10
1.62374749498998 2.857648360033576e-10
1.6272545090180361 2.8620720549360214e-10
1.6307615230460921 2.866488215467867e-10
1.6342685370741483 2.870896881373322e-10
1.6377755511022045 2.8752980920476755e-10
1.6412825651302605 2.8796918865408853e-10
1.6447895791583167 2.8840783035623556e-10
1.6482965931863727 2.888457381484501e-10
1.6518036072144289 2.892829158347433e-10
1.655310621242485 2.897193671862374e-10
1.658817635270541 2.9015509594158644e-10
1.6623246492985972 2.9059010580735716e-10
1.6658316633266532 2.910244004584093e-10
1.6693386773547094 2.914579835382883e-10
1.6728456913827656 2.9189085865955115e-10
1.6763527054108216 2.9232302940418877e-10
1.6798597194388778 2.92754499323924e-10
1.6833667334669338 2.9318527194063574e-10
1.68687374749499 2.936153507466336e-10
1.6903807615230462 2.940447392050459e-10
1.6938877755511021 2.944734407501483e-10
1.6973947895791583 2.9490145878768945e-10
1.7009018036072145 2.953287966952447e-10
1.7044088176352705 2.957554578224837e-10
1.7079158316633267 2.9618144549155775e-10
1.7114228456913827 2.9660676299736724e-10
1.714929859719439 2.9703141360788833e-10
1.718436873747495 2.9745540056446485e-10
1.721943887775551 2.9787872708212503e-10
1.7254509018036073 2.9830139634987946e-10
1.7289579158316633 2.987234115310082e-10
1.7324649298597194 2.9914477576331905e-10
1.7359719438877756 2.995654921594884e-10
1.7394789579158316 2.999855638072908e-10
1.7429859719438878 3.004049937699098e-10
1.7464929859719438 3.0082378508617713e-10
1.75 3.01241940770884e-10
