0.0 1.529892441233549e-12
0.0035070140280561123 1.629878114448333e-12
0.0070140280561122245 1.7336470483836627e-12
0.010521042084168337 1.8411037214021364e-12
0.014028056112224449 1.952134245061388e-12
0.01753507014028056 2.066607095185677e-12
0.021042084168336674 2.1843740320647652e-12
0.024549098196392786 2.3052711869445286e-12
0.028056112224448898 2.4291202884170483e-12
0.031563126252505014 2.5557299999985097e-12
0.03507014028056112 2.6848408873092915e-12
0.03857715430861723 2.816343855888308e-12
0.04208416833667335 2.949968034348059e-12
0.04559118236472946 3.0854841851052494e-12
0.04909819639278557 3.222657330373167e-12
0.05260521042084168 3.3612481721460364e-12
0.056112224448897796 3.5010144550645413e-12
0.05961923847695391 3.641712259928066e-12
0.06312625250501003 3.783097215931942e-12
0.06663326653306613 3.924925633327986e-12
0.07014028056112225 4.066955562163155e-12
0.07364729458917836 4.2089477856230574e-12
0.07715430861723446 4.350666760937397e-12
0.08066132264529058 4.491881524843066e-12
0.0841683366733467 4.632366583881385e-12
0.08767535070140281 4.771902812167303e-12
0.09118236472945893 4.9102783798999706e-12
0.09468937875751503 5.047289730826661e-12
0.09819639278557114 5.182742614282537e-12
0.10170340681362726 5.316453208487819e-12
0.10521042084168336 5.448249402334289e-12
0.10871743486973948 5.577972174128974e-12
0.11222444889779559 5.705477031767927e-12
0.11573146292585171 5.830635531243702e-12
0.11923847695390782 5.953336845870041e-12
0.12274549098196393 6.073489335625322e-12
0.12625250501002006 6.191022056124805e-12
0.12975951903807614 6.30588613175382e-12
0.13326653306613226 6.418055852765324e-12
0.13677354709418837 6.527529208497147e-12
0.1402805611222445 6.6343279896049e-12
0.1437875751503006 6.7384981943305394e-12
0.14729458917835672 6.8401099162705905e-12
0.15080160320641284 6.939256259781122e-12
0.15430861723446893 7.036051851084826e-12
0.15781563126252504 7.130631140738956e-12
0.16132264529058116 7.223146238300321e-12
0.16482965931863727 7.31311647202139e-12
0.1683366733466934 7.401971960629797e-12
0.1718436873747495 7.489277771893614e-12
0.17535070140280562 7.575219783570708e-12
0.17885771543086174 7.659990898651662e-12
0.18236472945891785 7.743786555279495e-12
0.18587174348697394 7.826798254154108e-12
0.18937875751503006 7.909254843675475e-12
0.19288577154308617 7.991245328966417e-12
0.1963927855711423 8.072991446349475e-12
0.1998997995991984 8.154663101439374e-12
0.20340681362725452 8.236422961767523e-12
0.20691382765531063 8.318426778671347e-12
0.21042084168336672 8.400823914138063e-12
0.21392785571142284 8.483756348962276e-12
0.21743486973947895 8.567361238320975e-12
0.22094188376753507 8.651769437047986e-12
0.22444889779559118 8.737105089280666e-12
0.2279559118236473 8.823492985858832e-12
0.23146292585170342 8.911048915685725e-12
0.23496993987975953 8.999885362425534e-12
0.23847695390781565 9.090121754765199e-12
0.24198396793587174 9.18186544457183e-12
0.24549098196392785 9.27522233565457e-12
0.24899799599198397 9.370313838819383e-12
0.2525050100200401 9.46724747739275e-12
0.2560120240480962 9.566127941662415e-12
0.2595190380761523 9.667084690645882e-12
0.26302605210420843 9.770233049334457e-12
0.2665330661322645 9.875686010605268e-12
0.27004008016032066 9.983586490361423e-12
0.27354709418837675 1.0094061528894884e-11
0.2770541082164329 1.0207248121151941e-11
0.280561122244489 1.0323304604684977e-11
0.28406813627254507 1.0442379901118257e-11
0.2875751503006012 1.0564646783769161e-11
0.2910821643286573 1.069028246582879e-11
0.29458917835671344 1.0819479214219171e-11
0.29809619238476953 1.095244315413437e-11
0.3016032064128257 1.108939628240147e-11
0.30511022044088176 1.1230578400512576e-11
0.30861723446893785 1.1376249074275229e-11
0.312124248496994 1.1526689892509033e-11
0.3156312625250501 1.1682206882813852e-11
0.3191382765531062 1.1843133464590205e-11
0.3226452905811623 1.2009833389278574e-11
0.32615230460921846 1.2182703931401723e-11
0.32965931863727455 1.2362180329219748e-11
0.3331663326653307 1.254873948672252e-11
0.3366733466933868 1.2742856909588176e-11
0.34018036072144286 1.2945165074164495e-11
0.343687374749499 1.315641440118251e-11
0.3471943887775551 1.3377089740152194e-11
0.35070140280561124 1.3608047923625564e-11
0.35420841683366733 1.3850139005864855e-11
0.35771543086172347 1.4104227581944991e-11
0.36122244488977956 1.4372728924665401e-11
0.3647294589178357 1.4653116155056833e-11
0.3682364729458918 1.4950192219427964e-11
0.3717434869739479 1.5264220240555e-11
0.375250501002004 1.5596687108965455e-11
0.3787575150300601 1.5949579446881495e-11
0.38226452905811625 1.632458658025047e-11
0.38577154308617234 1.6723941156776138e-11
0.3892785571142285 1.7150031145481236e-11
0.3927855711422846 1.7605454448277806e-11
0.39629258517034066 1.8093334622315092e-11
0.3997995991983968 1.8616780468650216e-11
0.4033066132264529 1.9179515065513677e-11
0.40681362725450904 1.9785594696715185e-11
0.4103206412825651 2.0439536303149797e-11
0.41382765531062127 2.114636148699487e-11
0.41733466933867736 2.1911649259236314e-11
0.42084168336673344 2.2741595435546052e-11
0.4243486973947896 2.3643076466790958e-11
0.4278557114228457 2.4623717963172955e-11
0.4313627254509018 2.5691968247684577e-11
0.4348697394789579 2.685717655622576e-11
0.43837675350701405 2.8129675494925102e-11
0.44188376753507014 2.9520914865598024e-11
0.4453907815631263 3.104331204266837e-11
0.44889779559118237 3.271081655198895e-11
0.45240480961923846 3.453852567568222e-11
0.4559118236472946 3.6543011197223165e-11
0.4594188376753507 3.874232927150014e-11
0.46292585170340683 4.115613924277443e-11
0.4664328657314629 4.3805708817479883e-11
0.46993987975951906 4.6713981108532026e-11
0.47344689378757515 4.990557998970109e-11
0.4769539078156313 5.340679319036939e-11
0.4804609218436874 5.7245516177302545e-11
0.48396793587174347 6.145115332624645e-11
0.4874749498997996 6.605446797788158e-11
0.4909819639278557 7.108737369355225e-11
0.49448897795591185 7.658266645573942e-11
0.49799599198396793 8.257369295455821e-11
0.501503006012024 8.909395465180805e-11
0.5050100200400802 9.617665680053111e-11
0.5085170340681363 1.0385419453562027e-10
0.5120240480961924 1.1215761334597098e-10
0.5155310621242485 1.2111603377947173e-10
0.5190380761523046 1.3075607326188267e-10
0.5225450901803608 1.4110128486791249e-10
0.5260521042084169 1.521717826123111e-10
0.529559118236473 1.63983035535919e-10
0.533066132264529 1.765469696201166e-10
0.5365731462925851 1.898702019173678e-10
0.5400801603206413 2.0395460276080869e-10
0.5435871743486974 2.187970878734513e-10
0.5470941883767535 2.343896688669849e-10
0.5506012024048096 2.507196092233816e-10
0.5541082164328658 2.677696734672386e-10
0.5576152304609219 2.855184580000974e-10
0.561122244488978 3.03940777730565e-10
0.564629258517034 3.2300809070531253e-10
0.5681362725450901 3.4268894941285346e-10
0.5716432865731463 3.6294945064998183e-10
0.5751503006012024 3.8375367653472214e-10
0.5786573146292585 4.0506410707711166e-10
0.5821643286573146 4.268420069062256e-10
0.5856713426853708 4.490477699590652e-10
0.5891783567134269 4.716412116353911e-10
0.592685370741483 4.945818253099733e-10
0.5961923847695391 5.17828989475399e-10
0.5996993987975952 5.413421343157168e-10
0.6032064128256514 5.650808507696736e-10
0.6067134268537074 5.890049908834792e-10
0.6102204408817635 6.130749963159528e-10
0.6137274549098196 6.372503741128528e-10
0.6172344689378757 6.614927712834257e-10
0.6207414829659319 6.857628165845625e-10
0.624248496993988 7.100215866782563e-10
0.6277555110220441 7.34230184405214e-10
0.6312625250501002 7.583495924478186e-10
0.6347695390781564 7.823404961440354e-10
0.6382765531062125 8.061630667630816e-10
0.6417835671342685 8.297767027789873e-10
0.6452905811623246 8.531397167848303e-10
0.6487975951903807 8.762089637907964e-10
0.6523046092184369 8.989393237819498e-10
0.655811623246493 9.212834600067253e-10
0.6593186372745491 9.431908338624565e-10
0.6628256513026052 9.64607415453555e-10
0.6663326653306614 9.85475429582087e-10
0.6698396793587175 1.005734168535834e-09
0.6733466933867736 1.0253243292237237e-09
0.6768537074148296 1.0441983016989842e-09
0.6803607214428857 1.0623360740896822e-09
0.6838677354709419 1.0797535696938393e-09
0.687374749498998 1.0964923662221613e-09
0.6908817635270541 1.1126039731386684e-09
0.6943887775551102 1.1281393946272229e-09
0.6978957915831664 1.1431454139813083e-09
0.7014028056112225 1.1576636692007439e-09
0.7049098196392786 1.1717309598590164e-09
0.7084168336673347 1.185379828537998e-09
0.7119238476953907 1.1986391619387049e-09
0.7154308617234469 1.211534726635661e-09
0.718937875751503 1.2240896229780616e-09
0.7224448897795591 1.2363246628026763e-09
0.7259519038076152 1.2482586823646334e-09
0.7294589178356714 1.2599088025569136e-09
0.7329659318637275 1.2712906456442103e-09
0.7364729458917836 1.2824185156420738e-09
0.7399799599198397 1.2933055552521547e-09
0.7434869739478958 1.3039638737087346e-09
0.746993987975952 1.3144046584614596e-09
0.750501002004008 1.3246382732490116e-09
0.7540080160320641 1.3346743396510758e-09
0.7575150300601202 1.3445218098746685e-09
0.7610220440881763 1.3541890301062427e-09
0.7645290581162325 1.3636837966257793e-09
0.7680360721442886 1.3730134018282326e-09
0.7715430861723447 1.3821846862021428e-09
0.7750501002004008 1.391204064530749e-09
0.778557114228457 1.4000775660938295e-09
0.7820641282565131 1.4088108870493424e-09
0.7855711422845691 1.4174093428629262e-09
0.7890781563126252 1.4258780209510787e-09
0.7925851703406813 1.434221699149252e-09
0.7960921843687375 1.4424448404610338e-09
0.7995991983967936 1.4505517882662317e-09
0.8031062124248497 1.4585465727280823e-09
0.8066132264529058 1.4664330233576995e-09
0.810120240480962 1.474214781441377e-09
0.8136272545090181 1.4818953935224977e-09
0.8171342685370742 1.4894781004558186e-09
0.8206412825651302 1.496966054800945e-09
0.8241482965931863 1.504362295084083e-09
0.8276553106212425 1.511671494601328e-09
0.8311623246492986 1.5188927011300724e-09
0.8346693386773547 1.5260284932439683e-09
0.8381763527054108 1.5330850942322801e-09
0.8416833667334669 1.5400630160275403e-09
0.8451903807615231 1.5469645210281566e-09
0.8486973947895792 1.5537918497666691e-09
0.8522044088176353 1.5605470484807056e-09
0.8557114228456913 1.5672321436018254e-09
0.8592184368737475 1.5738490442725018e-09
0.8627254509018036 1.5804016029034496e-09
0.8662324649298597 1.5868876221393205e-09
0.8697394789579158 1.5933087210105298e-09
0.8732464929859719 1.5996726512760766e-09
0.8767535070140281 1.605974880560889e-09
0.8802605210420842 1.6122189887260958e-09
0.8837675350701403 1.6184064004936427e-09
0.8872745490981964 1.6245385334766396e-09
0.8907815631262526 1.6306167378559568e-09
0.8942885771543087 1.6366423186742992e-09
0.8977955911823647 1.6426165317429044e-09
0.9013026052104208 1.648540578539279e-09
0.9048096192384769 1.6544156709249094e-09
0.9083166332665331 1.660242897312836e-09
0.9118236472945892 1.6660233622315923e-09
0.9153306613226453 1.6717581211518615e-09
0.9188376753507014 1.6774481933231392e-09
0.9223446893787576 1.6830944133121348e-09
0.9258517034068137 1.6886981872346872e-09
0.9293587174348698 1.694259984559644e-09
0.9328657314629258 1.6997808482216524e-09
0.9363727454909819 1.7052616449429987e-09
0.9398797595190381 1.7107032058985756e-09
0.9433867735470942 1.7161063518951434e-09
0.9468937875751503 1.7214718547125507e-09
0.9504008016032064 1.7268004935390802e-09
0.9539078156312626 1.732092987285429e-09
0.9574148296593187 1.7373500726267975e-09
0.9609218436873748 1.7425688717776283e-09
0.9644288577154309 1.747760737035101e-09
0.9679358717434869 1.7529156509027122e-09
0.9714428857715431 1.7580377893424786e-09
0.9749498997995992 1.7631278245537115e-09
0.9784569138276553 1.7681862980015183e-09
0.9819639278557114 1.7732138179088746e-09
0.9854709418837675 1.7782109468300781e-09
0.9889779559118237 1.7831782400194857e-09
0.9924849699398798 1.788116217793723e-09
0.9959919839679359 1.7930254221208434e-09
0.999498997995992 1.7979063503125437e-09
1.003006012024048 1.8027594974091189e-09
1.0065130260521042 1.8075853435488392e-09
1.0100200400801604 1.812384356337827e-09
1.0135270541082164 1.8171569902196384e-09
1.0170340681362726 1.8219036936796523e-09
1.0205410821643286 1.8266248871860409e-09
1.0240480961923848 1.8313210032360076e-09
1.027555110220441 1.83599244332418e-09
1.031062124248497 1.8406396278667285e-09
1.0345691382765532 1.845262916567919e-09
1.0380761523046091 1.8498627173582763e-09
1.0415831663326653 1.8544393855066863e-09
1.0450901803607215 1.8589932923065377e-09
1.0485971943887775 1.8635247891530355e-09
1.0521042084168337 1.8680342227962807e-09
1.0556112224448897 1.8725214300287474e-09
1.059118236472946 1.8769882443066184e-09
1.062625250501002 1.881433483138992e-09
1.066132264529058 1.8858579673796682e-09
1.0696392785571143 1.8902619698405567e-09
1.0731462925851702 1.8946458404549513e-09
1.0766533066132264 1.8990098496626158e-09
1.0801603206412826 1.90335428264083e-09
1.0836673346693386 1.9076794525919837e-09
1.0871743486973948 1.911985526762523e-09
1.090681362725451 1.916272928425521e-09
1.094188376753507 1.9205417219928525e-09
1.0976953907815632 1.9247923208825628e-09
1.1012024048096192 1.9290249195112335e-09
1.1047094188376754 1.933239760287017e-09
1.1082164328657316 1.9374371463483374e-09
1.1117234468937875 1.9416171124739507e-09
1.1152304609218437 1.9457801628012734e-09
1.1187374749498997 1.949923610122613e-09
1.122244488977956 1.9540558218039798e-09
1.1257515030060121 1.958169063931699e-09
1.129258517034068 1.962265989600278e-09
1.1327655310621243 1.9663466951011094e-09
1.1362725450901803 1.970411860460711e-09
1.1397795591182365 1.9744587763328116e-09
1.1432865731462927 1.978495651843096e-09
1.1467935871743486 1.9825146719027813e-09
1.1503006012024048 1.986518611394259e-09
1.1538076152304608 1.990507900551304e-09
1.157314629258517 1.994482503776594e-09
1.1608216432865732 1.9984426488873337e-09
1.1643286573146292 2.0023882106162936e-09
1.1678356713426854 2.00632030073112e-09
1.1713426853707416 2.0102381256207963e-09
1.1748496993987976 2.0141422285764036e-09
1.1783567134268538 2.018032704724396e-09
1.1818637274549098 2.0219097331129014e-09
1.185370741482966 2.025773467530574e-09
1.1888777555110221 2.029624789936355e-09
1.1923847695390781 2.0334616523468812e-09
1.1958917835671343 2.0372871197696998e-09
1.1993987975951903 2.041098812144109e-09
1.2029058116232465 2.0448981259394026e-09
1.2064128256513027 2.0486852071965123e-09
1.2099198396793587 2.052459739583724e-09
1.2134268537074149 2.056222079756276e-09
1.2169338677354709 2.059970980577494e-09
1.220440881763527 2.0637106056257938e-09
1.2239478957915833 2.0674371986318966e-09
1.2274549098196392 2.071152122102836e-09
1.2309619238476954 2.0748555194326996e-09
1.2344689378757514 2.0785474520910824e-09
1.2379759519038076 2.0822280912495813e-09
1.2414829659318638 2.085897536658604e-09
1.2449899799599198 2.089555901907529e-09
1.248496993987976 2.0932032983409768e-09
1.2520040080160322 2.0968398357870013e-09
1.2555110220440882 2.100465621993584e-09
1.2590180360721444 2.1040807628786714e-09
1.2625250501002003 2.1076853626856195e-09
1.2660320641282565 2.111279524072963e-09
1.2695390781563127 2.114863348219301e-09
1.2730460921843687 2.1184369344601593e-09
1.276553106212425 2.122000381859109e-09
1.2800601202404809 2.1255537591892337e-09
1.283567134268537 2.129097244394439e-09
1.2870741482965933 2.1326308505368197e-09
1.2905811623246493 2.13615468558174e-09
1.2940881763527055 2.139668874279673e-09
1.2975951903807614 2.14317324834362e-09
1.3011022044088176 2.1466686001249774e-09
1.3046092184368738 2.1501543202106373e-09
1.3081162324649298 2.153630702132756e-09
1.311623246492986 2.157097837402887e-09
1.3151302605210422 2.1605558436162028e-09
1.3186372745490982 2.1640047778872965e-09
1.3221442885771544 2.1674447238885583e-09
1.3256513026052104 2.1708757573386485e-09
1.3291583166332666 2.1742979377302666e-09
1.3326653306613228 2.1777113943154618e-09
1.3361723446893787 2.181116124345395e-09
1.339679358717435 2.1845122970023668e-09
1.343186372745491 2.187899906705058e-09
1.346693386773547 2.1912790551946992e-09
1.3502004008016033 2.194649699058623e-09
1.3537074148296593 2.1980122458983884e-09
1.3572144288577155 2.2013664304625187e-09
1.3607214428857715 2.2047124337397503e-09
1.3642284569138277 2.2080503239687615e-09
1.3677354709418839 2.211380168427381e-09
1.3712424849699398 2.2147019523915198e-09
1.374749498997996 2.2180160121061887e-09
1.378256513026052 2.2213220840431444e-09
1.3817635270541082 2.224620330831199e-09
1.3852705410821644 2.227910982692637e-09
1.3887775551102204 2.2311939184237094e-09
1.3922845691382766 2.234469195139016e-09
1.3957915831663328 2.237736992556341e-09
1.3992985971943888 2.2409972601504594e-09
1.402805611222445 2.2442501065723615e-09
1.406312625250501 2.2474955801043436e-09
1.4098196392785571 2.2507337357756228e-09
1.4133266533066133 2.2539646325941427e-09
1.4168336673346693 2.257188322821057e-09
1.4203406813627255 2.26040486448896e-09
1.4238476953907815 2.2636143080326938e-09
1.4273547094188377 2.2668167146245508e-09
1.4308617234468939 2.2700121159982462e-09
1.4343687374749499 2.2732005750328363e-09
1.437875751503006 2.2763821648225503e-09
1.441382765531062 2.2795569029575518e-09
1.4448897795591182 2.282724857223358e-09
1.4483967935871744 2.2858860673798966e-09
1.4519038076152304 2.2890405881849603e-09
1.4554108216432866 2.2921884652302666e-09
1.4589178356713428 2.2953297455295815e-09
1.4624248496993988 2.2984644767774177e-09
1.465931863727455 2.3015927045843513e-09
1.469438877755511 2.304714474700892e-09
1.4729458917835672 2.307829832205232e-09
1.4764529058116234 2.3109388214839314e-09
1.4799599198396793 2.3140414865125456e-09
1.4834669338677355 2.3171376884059373e-09
1.4869739478957915 2.320228016388358e-09
1.4904809619238477 2.323311969000248e-09
1.493987975951904 2.3263898073393157e-09
1.49749498997996 2.3294614594563544e-09
1.501002004008016 2.3325270652794713e-09
1.504509018036072 2.3355866471947782e-09
1.5080160320641283 2.3386402434677206e-09
1.5115230460921845 2.341687886044094e-09
1.5150300601202404 2.344729616945659e-09
1.5185370741482966 2.347765342182532e-09
1.5220440881763526 2.350795496145032e-09
1.5255511022044088 2.353819721276454e-09
1.529058116232465 2.3568381565789584e-09
1.532565130260521 2.359847539226351e-09
1.5360721442885772 2.362857978384182e-09
1.5395791583166334 2.3658593890206743e-09
1.5430861723446894 2.368855179030594e-09
1.5465931863727456 2.371845392358495e-09
1.5501002004008015 2.3748300578492035e-09
1.5536072144288577 2.3778092173843076e-09
1.557114228456914 2.3807828974602675e-09
1.56062124248497 2.3837511403834754e-09
1.5641282565130261 2.3867139699656253e-09
1.567635270541082 2.3896714297445952e-09
1.5711422845691383 2.3926235426781056e-09
1.5746492985971945 2.3955703483810172e-09
1.5781563126252505 2.398511875449007e-09
1.5816633266533067 2.4014482324046872e-09
1.5851703406813626 2.4043792988698352e-09
1.5886773547094188 2.40730518092911e-09
1.592184368737475 2.4102259102259204e-09
1.595691382765531 2.413141516875741e-09
1.5991983967935872 2.4160520312170485e-09
1.6027054108216432 2.418957482399914e-09
1.6062124248496994 2.4218579011861244e-09
1.6097194388777556 2.4247533152316593e-09
1.6132264529058116 2.4276437538453592e-09
1.6167334669338678 2.430529247006097e-09
1.620240480961924 2.4334098210773087e-09
1.62374749498998 2.43628550579856e-09
1.6272545090180361 2.4391563316989703e-09
1.6307615230460921 2.442022314405277e-09
1.6342685370741483 2.4448834934393545e-09
1.6377755511022045 2.447739887862248e-09
1.6412825651302605 2.4505915383923705e-09
1.6447895791583167 2.4534384501920115e-09
1.6482965931863727 2.456280628684069e-09
1.6518036072144289 2.459118205080216e-09
1.655310621242485 2.461951095732493e-09
1.658817635270541 2.464779356615882e-09
1.6623246492985972 2.467603022016022e-09
1.6658316633266532 2.4704221120538447e-09
1.6693386773547094 2.473236656418347e-09
1.6728456913827656 2.476046665962091e-09
1.6763527054108216 2.4788521788563944e-09
1.6798597194388778 2.4816532145324096e-09
1.6833667334669338 2.484449796006596e-09
1.68687374749499 2.4872419482470744e-09
1.6903807615230462 2.490029693233719e-09
1.6938877755511021 2.492813054435676e-09
1.6973947895791583 2.4955920548162987e-09
1.7009018036072145 2.4983667047568635e-09
1.7044088176352705 2.501137063182095e-09
1.7079158316633267 2.503903108339706e-09
1.7114228456913827 2.506664897146035e-09
1.714929859719439 2.5094224264033807e-09
1.718436873747495 2.5121757325894534e-09
1.721943887775551 2.5149248282958355e-09
1.7254509018036073 2.5176697432235284e-09
1.7289579158316633 2.5204104915113494e-09
1.7324649298597194 2.5231470979396373e-09
1.7359719438877756 2.525879582186052e-09
1.7394789579158316 2.528607964933568e-09
1.7429859719438878 2.531332267087517e-09
1.7464929859719438 2.5340525061388505e-09
1.75 2.536768708478583e-09
