0.0 1.3451631458915473e-12
0.002400956535921948 1.403450674194661e-12
0.004801913071843896 1.46317090276052e-12
0.0072028696077658435 1.524293018790984e-12
0.009603826143687792 1.5867825423357925e-12
0.01200478267960974 1.6506014047412287e-12
0.014405739215531687 1.7157080614495045e-12
0.016806695751453635 1.782057616502931e-12
0.019207652287375584 1.8496019509030216e-12
0.021608608823297532 1.9182898876574897e-12
0.02400956535921948 1.988067346920601e-12
0.02641052189514143 2.0588775489696024e-12
0.028811478431063374 2.1306611821659e-12
0.031212434966985322 2.2033566146235585e-12
0.03361339150290727 2.2776911181120933e-12
0.03601434803882922 2.351225977387115e-12
0.03841530457475117 2.4262669185231073e-12
0.040816261110673116 2.5018328782716266e-12
0.043217217646595064 2.578084366075003e-12
0.04561817418251701 2.6548398343680037e-12
0.04801913071843896 2.7320273081904606e-12
0.05042008725436091 2.8095742494512502e-12
0.05282104379028286 2.887407745403896e-12
0.055222000326204806 2.965454753120559e-12
0.05762295686212675 3.0436423068097905e-12
0.060023913398048696 3.1218977531448278e-12
0.062424869933970645 3.200148953384805e-12
0.0648258264698926 3.2783245199512533e-12
0.06722678300581454 3.35635399267869e-12
0.0696277395417365 3.434168150307594e-12
0.07202869607765844 3.51169913604984e-12
0.0744296526135804 3.588880748862874e-12
0.07683060914950234 3.665648614288631e-12
0.07923156568542428 3.746744779175373e-12
0.08163252222134623 3.822910046580051e-12
0.08403347875726817 3.892859117242107e-12
0.08643443529319013 3.967374021782173e-12
0.08883539182911207 4.041189625168989e-12
0.09123634836503403 4.114257770816864e-12
0.09363730490095597 4.186533807353037e-12
0.09603826143687792 4.257976958973262e-12
0.09843921797279986 4.328550376910324e-12
0.10084017450872182 4.4076962875448044e-12
0.10324113104464376 4.466962139222887e-12
0.10564208758056572 4.534748814129009e-12
0.10804304411648766 4.6015627637869485e-12
0.11044400065240961 4.667390243754993e-12
0.11284495718833155 4.732222409843811e-12
0.1152459137242535 4.796055589132804e-12
0.11764687026017545 4.8588910761397696e-12
0.12004782679609739 4.920735317964025e-12
0.12244878333201935 4.981599646418877e-12
0.12484973986794129 5.041500433925624e-12
0.12725069640386324 5.100458632181994e-12
0.1296516529397852 5.158499749628042e-12
0.13205260947570713 5.215653341764744e-12
0.13445356601162908 5.271953091229541e-12
0.13685452254755104 5.327436264300392e-12
0.139255479083473 5.382143546113777e-12
0.14165643561939492 5.436118332286381e-12
0.14405739215531688 5.489406714050707e-12
0.14645834869123883 5.5420568763741135e-12
0.1488593052271608 5.594118930993294e-12
0.15126026176308272 5.64564429264425e-12
0.15366121829900467 5.696685706266833e-12
0.15606217483492663 5.7472965768976836e-12
0.15846313137084855 5.797530855061148e-12
0.1608640879067705 5.846467947571369e-12
0.16326504444269246 5.896086876250472e-12
0.16566600097861442 5.945492424888383e-12
0.16806695751453635 6.001102250172314e-12
0.1704679140504583 6.050394961384143e-12
0.17286887058638026 6.099626111177828e-12
0.1752698271223022 6.148847563412671e-12
0.17767078365822414 6.198111912929199e-12
0.1800717401941461 6.247472702074166e-12
0.18247269673006805 6.296984447689782e-12
0.18487365326599 6.346701465756688e-12
0.18727460980191193 6.396673397134852e-12
0.1896755663378339 6.446943072773955e-12
0.19207652287375584 6.497554004525947e-12
0.19447747940967777 6.548557906371136e-12
0.19687843594559973 6.592197832456084e-12
0.19927939248152168 6.644098361568706e-12
0.20168034901744364 6.696573422965671e-12
0.20408130555336557 6.749678460003695e-12
0.20648226208928752 6.8034679884456556e-12
0.20888321862520948 6.857994887373488e-12
0.21128417516113143 6.913310290059866e-12
0.21368513169705336 6.9694636219408584e-12
0.21608608823297532 7.026503287593001e-12
0.21848704476889727 7.084477181803407e-12
0.22088800130481923 7.143433390218956e-12
0.22328895784074115 7.203420675232556e-12
0.2256899143766631 7.26448902497472e-12
0.22809087091258506 7.326689831613404e-12
0.230491827448507 7.390076590248039e-12
0.23289278398442895 7.454704544418307e-12
0.2352937405203509 7.520631864292823e-12
0.23769469705627286 7.587918787309709e-12
0.24009565359219479 7.656629078047527e-12
0.24249661012811674 7.726829169555561e-12
0.2448975666640387 7.798589361132631e-12
0.24729852319996065 7.871983475658001e-12
0.24969947973588258 7.947089537298483e-12
0.25210043627180456 8.023989943909734e-12
0.2545013928077265 8.102772014026892e-12
0.2569023493436484 8.183529000238631e-12
0.2593033058795704 8.266356412207012e-12
0.26170426241549233 8.351350068931201e-12
0.26410521895141426 8.438645401875274e-12
0.26650617548733624 8.5283771771445e-12
0.26890713202325817 8.620586632180196e-12
0.2713080885591801 8.715451809090133e-12
0.2737090450951021 8.81305257222302e-12
0.276110001631024 8.913861599516629e-12
0.278510958166946 9.017545937474461e-12
0.2809119147028679 9.124612545706272e-12
0.28331287123878984 9.235122710489872e-12
0.2857138277747118 9.349308959893384e-12
0.28811478431063375 9.467492470166102e-12
0.2905157408465557 9.589596002289573e-12
0.29291669738247766 9.716140462385491e-12
0.2953176539183996 9.847317831423541e-12
0.2977186104543216 9.983343490691897e-12
0.3001195669902435 1.0124578961351763e-11
0.30252052352616543 1.0271320472628326e-11
0.3049214800620874 1.0423920883327945e-11
0.30732243659800934 1.058273989222551e-11
0.30972339313393127 1.0748166610325734e-11
0.31212434966985325 1.0920678102070738e-11
0.3145253062057752 1.1100638621434534e-11
0.3169262627416971 1.1288949870057141e-11
0.3193272192776191 1.1485110440543116e-11
0.321728175813541 1.1690681524912883e-11
0.324129132349463 1.1905965271757146e-11
0.32653008888538493 1.2131596777881624e-11
0.32893104542130686 1.2368289738703302e-11
0.33133200195722884 1.2616801725224879e-11
0.33373295849315077 1.2877949444460537e-11
0.3361339150290727 1.3152610077421673e-11
0.3385348715649947 1.3441728491719034e-11
0.3409358281009166 1.3746323191167427e-11
0.3433367846368386 1.406748338356452e-11
0.3457377411727605 1.4406405255755774e-11
0.34813869770868244 1.4764293466859506e-11
0.3505396542446044 1.5142565551716595e-11
0.35294061078052635 1.5542662271381765e-11
0.3553415673164483 1.5966153013550682e-11
0.35774252385237026 1.6414724716971186e-11
0.3601434803882922 1.6890188649904564e-11
0.3625444369242141 1.739449010673214e-11
0.3649453934601361 1.792971704073109e-11
0.36734634999605803 1.8498109618236575e-11
0.36974730653198 1.9102070163916757e-11
0.37214826306790194 1.9744173538041836e-11
0.37454921960382387 2.042717776198956e-11
0.37695017613974585 2.1154035021059187e-11
0.3793511326756678 2.192790399219884e-11
0.3817520892115897 2.2752158956578283e-11
0.3841530457475117 2.3631413603042385e-11
0.3865540022834336 2.4566512226475717e-11
0.38895495881935555 2.556450202764188e-11
0.39135591535527753 2.662881247575312e-11
0.39375687189119946 2.7764129816838656e-11
0.39615782842712144 2.897515157471975e-11
0.39855878496304337 3.0267321316234516e-11
0.4009597414989653 3.164608694887447e-11
0.4033606980348873 3.3117270447943924e-11
0.4057616545708092 3.4687050838368096e-11
0.40816261110673113 3.636187478601453e-11
0.4105635676426531 3.814854542635354e-11
0.41296452417857504 4.005417534217976e-11
0.415365480714497 4.208619905376215e-11
0.41776643725041895 4.4252354096272706e-11
0.4201673937863409 4.6560674022391475e-11
0.42256835032226286 4.9023339117302635e-11
0.4249693068581848 5.163732306143498e-11
0.4273702633941067 5.4423020908080863e-11
0.4297712199300287 5.7385564493274334e-11
0.43217217646595063 6.05341091830937e-11
0.43457313300187256 6.387792445081345e-11
0.43697408953779454 6.742634400019549e-11
0.43937504607371647 7.118870870903454e-11
0.44177600260963845 7.517430420846203e-11
0.4441769591455604 7.939229772073853e-11
0.4465779156814823 8.385166089304518e-11
0.4489788722174043 8.856110445840542e-11
0.4513798287533262 9.35289885682341e-11
0.45378078528924815 9.878297433823517e-11
0.45618174182517013 1.0427132243370565e-10
0.45858269836109206 1.1008031029559036e-10
0.460983654897014 1.1615619966399129e-10
0.46338461143293597 1.2252444894596175e-10
0.4657855679688579 1.291897426245327e-10
0.4681865245047799 1.3615593276949547e-10
0.4705874810407018 1.4342595250409408e-10
0.47298843757662373 1.5100181314250862e-10
0.4753893941125457 1.5888455616322405e-10
0.47779035064846764 1.6707423669463954e-10
0.48019130718438957 1.755699154937151e-10
0.48259226372031155 1.8436966092263807e-10
0.4849932202562335 1.9347056142849945e-10
0.48739417679215546 2.0286875688605276e-10
0.4897951333280774 2.1253499590944415e-10
0.4921960898639993 2.2251207907886532e-10
0.4945970463999213 2.327694253245731e-10
0.49699800293584323 2.4329972256771743e-10
0.49939895947176516 2.5409491771492394e-10
0.5017999160076871 2.651462803172545e-10
0.5042008725436091 2.7644446392954615e-10
0.506601829079531 2.879795644920845e-10
0.509002785615453 2.997411812887522e-10
0.511403742151375 3.117184740110183e-10
0.5138046986872968 3.2390022005216634e-10
0.5162056552232188 3.3627486523960773e-10
0.5186066117591408 3.4883057466385484e-10
0.5210075682950627 3.615552955863692e-10
0.5234085248309847 3.744367042211107e-10
0.5258094813669066 3.874624501702595e-10
0.5282104379028285 4.0061989701273527e-10
0.5306113944387505 4.138964540707619e-10
0.5330123509746725 4.272793408293733e-10
0.5354133075105943 4.4075577303168096e-10
0.5378142640465163 4.543128867588506e-10
0.5402152205824383 4.679441427170286e-10
0.5426161771183602 4.816240301085875e-10
0.5450171336542822 4.95339065010549e-10
0.5474180901902042 5.090894207169853e-10
0.5498190467261261 5.228554559174431e-10
0.552220003262048 5.366239801680484e-10
0.55462095979797 5.503816957993608e-10
0.557021916333892 5.641151736825026e-10
0.5594228728698138 5.778108200340221e-10
0.5618238294057358 5.914548365517689e-10
0.5642247859416578 6.050331739566338e-10
0.5666257424775797 6.185314780281802e-10
0.5690266990135017 6.319350275767508e-10
0.5714276555494237 6.452286752035954e-10
0.5738286120853455 6.583967217286479e-10
0.5762295686212675 6.714229348709147e-10
0.5786305251571895 6.842903685024874e-10
0.5810314816931114 6.969813838424021e-10
0.5834324382290333 7.094776219968871e-10
0.5858333947649553 7.21760208456414e-10
0.5882343513008772 7.338101384861752e-10
0.5906353078367992 7.456093085695306e-10
0.5930362643727212 7.571422014320126e-10
0.5954372209086431 7.683982140683152e-10
0.597838177444565 7.793736371718944e-10
0.600239133980487 7.900719522746537e-10
0.602640090516409 8.005021968500423e-10
0.6050410470523309 8.106765715737671e-10
0.6074420035882528 8.20608446940043e-10
0.6098429601241748 8.303112408022117e-10
0.6122439166600967 8.397870509577287e-10
0.6146448731960187 8.490641894207793e-10
0.6170458297319407 8.581682679957898e-10
0.6194467862678625 8.670734584175226e-10
0.6218477428037845 8.758045436258893e-10
0.6242486993397065 8.843700334560926e-10
0.6266496558756284 8.927777607260228e-10
0.6290506124115504 9.010349510716478e-10
0.6314515689474723 9.091482835422784e-10
0.6338525254833942 9.171239702008155e-10
0.6362534820193162 9.249677378802236e-10
0.6386544385552382 9.326849762031415e-10
0.6410553950911602 9.402807265820468e-10
0.643456351627082 9.477595481048036e-10
0.645857308163004 9.551259552077016e-10
0.648258264698926 9.623840498124047e-10
0.6506592212348479 9.695376947864295e-10
0.6530601777707699 9.765905633172408e-10
0.6554611343066918 9.835461076459914e-10
0.6578620908426137 9.904075917516806e-10
0.6602630473785357 9.971781196882559e-10
0.6626640039144577 1.0038606102876619e-09
0.6650649604503795 1.0104578610259044e-09
0.6674659169863015 1.0169725081721464e-09
0.6698668735222235 1.0245956724057594e-09
0.6722678300581454 1.0297639570059617e-09
0.6746687865940674 1.0360454408371532e-09
0.6770697431299894 1.0422537079592242e-09
0.6794706996659112 1.0483908423580255e-09
0.6818716562018332 1.0544588361290817e-09
0.6842726127377552 1.060459595758315e-09
0.6866735692736772 1.0663949453859865e-09
0.689074525809599 1.072266636692535e-09
0.691475482345521 1.0780766450650533e-09
0.693876438881443 1.083825679138595e-09
0.6962773954173649 1.0895162026277843e-09
0.6986783519532869 1.0951493490318993e-09
0.7010793084892089 1.100726598841079e-09
0.7034802650251307 1.1062493049459035e-09
0.7058812215610527 1.111718803096391e-09
0.7082821780969747 1.117136346804181e-09
0.7106831346328966 1.1225031803978973e-09
0.7130840911688185 1.127820527735521e-09
0.7154850477047405 1.1330893845630854e-09
0.7178860042406624 1.1383109708624081e-09
0.7202869607765844 1.1434864133127495e-09
0.7226879173125064 1.1486165724356746e-09
0.7250888738484282 1.1537025604291734e-09
0.7274898303843502 1.1587453125219926e-09
0.7298907869202722 1.1637457456419418e-09
0.7322917434561941 1.1687047634272657e-09
0.7346926999921161 1.1736232584538493e-09
0.737093656528038 1.1785020254531978e-09
0.73949461306396 1.183341918370659e-09
0.7418955695998819 1.1881437184131665e-09
0.7442965261358039 1.1929081930820557e-09
0.7466974826717259 1.1976361177547792e-09
0.7490984392076477 1.2023281181869777e-09
0.7514993957435697 1.2069849861666155e-09
0.7539003522794917 1.2116073797786965e-09
0.7563013088154136 1.2161960189030804e-09
0.7587022653513356 1.220751338462693e-09
0.7611032218872575 1.2252741782905556e-09
0.7635041784231794 1.2297650586168373e-09
0.7659051349591014 1.2342245797497928e-09
0.7683060914950234 1.2386567551159747e-09
0.7707070480309453 1.2430518058441395e-09
0.7731080045668672 1.2474206111519454e-09
0.7755089611027892 1.2517602482951126e-09
0.7779099176387111 1.256071233524005e-09
0.7803108741746331 1.2603541987229442e-09
0.7827118307105551 1.2646092294691954e-09
0.785112787246477 1.2688382400366228e-09
0.7875137437823989 1.273038439430692e-09
0.7899147003183209 1.2772133963165532e-09
0.7923156568542429 1.2813625803092482e-09
0.7947166133901648 1.2854863039709572e-09
0.7971175699260867 1.2895849042229306e-09
0.7995185264620087 1.2936590088954554e-09
0.8019194829979306 1.2977089179572874e-09
0.8043204395338526 1.3017350224369118e-09
0.8067213960697746 1.3057377331969924e-09
0.8091223526056964 1.3097173233193965e-09
0.8115233091416184 1.3136771067268754e-09
0.8139242656775404 1.3176087197615247e-09
0.8163252222134623 1.3215217968995076e-09
0.8187261787493842 1.3254121713033197e-09
0.8211271352853062 1.3292817092767707e-09
0.8235280918212281 1.333130206818411e-09
0.8259290483571501 1.3369579843327402e-09
0.8283300048930721 1.3407653654040565e-09
0.830730961428994 1.344552658172079e-09
0.8331319179649159 1.3483201392399084e-09
0.8355328745008379 1.3520680759945255e-09
0.8379338310367599 1.3557967603803683e-09
0.8403347875726818 1.359506484922177e-09
0.8427357441086037 1.363197506675201e-09
0.8451367006445257 1.366870077941763e-09
0.8475376571804476 1.3705244639108938e-09
0.8499386137163696 1.374160916833119e-09
0.8523395702522916 1.3777796802734159e-09
0.8547405267882134 1.3813804648511808e-09
0.8571414833241354 1.3849651008859383e-09
0.8595424398600574 1.3885322226772597e-09
0.8619433963959793 1.3920825840020474e-09
0.8643443529319013 1.3956164290883266e-09
0.8667453094678232 1.3991339691278958e-09
0.8691462660037451 1.402635367021503e-09
0.8715472225396671 1.4061208525800646e-09
0.8739481790755891 1.4095907153412015e-09
0.8763491356115111 1.413045142057915e-09
0.8787500921474329 1.4164842070470045e-09
0.8811510486833549 1.4199080593061697e-09
0.8835520052192769 1.4233171601942838e-09
0.8859529617551988 1.4267114892537075e-09
0.8883539182911208 1.4300912705673514e-09
0.8907548748270427 1.4334567072355315e-09
0.8931558313629646 1.436807949385447e-09
0.8955567878988866 1.4401451678201632e-09
0.8979577444348086 1.4434685558954034e-09
0.9003587009707305 1.4467782586205613e-09
0.9027596575066524 1.45007443836746e-09
0.9051606140425744 1.4533572705776646e-09
0.9075615705784963 1.4566268972858566e-09
0.9099625271144183 1.4598834780557214e-09
0.9123634836503403 1.4631271662977481e-09
0.9147644401862621 1.4663581066223123e-09
0.9171653967221841 1.4695764477475005e-09
0.9195663532581061 1.4727823320423178e-09
0.921967309794028 1.475975900751987e-09
0.92436826632995 1.479156996768234e-09
0.9267692228658719 1.482326642663068e-09
0.9291701794017939 1.4854840860414756e-09
0.9315711359377158 1.4886297518192946e-09
0.9339720924736378 1.4917637750119542e-09
0.9363730490095598 1.4948862737025739e-09
0.9387740055454816 1.497997376766473e-09
0.9411749620814036 1.501097220234977e-09
0.9435759186173256 1.5041858950103037e-09
0.9459768751532475 1.507263538707169e-09
0.9483778316891694 1.5103302814357145e-09
0.9507787882250914 1.5133862181820086e-09
0.9531797447610133 1.5164314449412386e-09
0.9555807012969353 1.5194657915300296e-09
0.9579816578328573 1.5224903319913523e-09
0.9603826143687791 1.525504160044565e-09
0.9627835709047011 1.5285077635030756e-09
0.9651845274406231 1.5315012033706724e-09
0.967585483976545 1.5344845942145206e-09
0.969986440512467 1.5374580319449828e-09
0.972387397048389 1.5404216474293202e-09
0.9747883535843109 1.5433755059075787e-09
0.9771893101202328 1.5463196972138373e-09
0.9795902666561548 1.5492543571465356e-09
0.9819912231920768 1.5521791270618631e-09
0.9843921797279986 1.5550953507705985e-09
0.9867931362639206 1.5580018911106063e-09
0.9891940927998426 1.5608992353250889e-09
0.9915950493357645 1.5637874710015736e-09
0.9939960058716865 1.5666667075712347e-09
0.9963969624076084 1.5695369994891984e-09
0.9987979189435303 1.5723984711459294e-09
1.0011988754794523 1.5752511894607786e-09
1.0035998320153743 1.5780951686519425e-09
1.0060007885512963 1.5809305892559483e-09
1.0084017450872182 1.583757430660262e-09
1.01080270162314 1.5865758971660433e-09
1.013203658159062 1.5893859755213407e-09
1.015604614694984 1.592187742788258e-09
1.018005571230906 1.5949813173475553e-09
1.020406527766828 1.5977667377799226e-09
1.02280748430275 1.6005440723007488e-09
1.0252084408386717 1.6033134337477023e-09
1.0276093973745937 1.6060748505674179e-09
1.0300103539105157 1.6088284059627834e-09
1.0324113104464376 1.6115741314811323e-09
1.0348122669823596 1.6143122041217126e-09
1.0372132235182816 1.6170425806045788e-09
1.0396141800542034 1.6197653561089197e-09
1.0420151365901253 1.6224806159552428e-09
1.0444160931260473 1.6251884033165692e-09
1.0468170496619693 1.6278887881131694e-09
1.0492180061978913 1.63058133751014e-09
1.0516189627338133 1.633267598329177e-09
1.0540199192697353 1.6359461463304297e-09
1.056420875805657 1.6386175359228655e-09
1.058821832341579 1.6412818066294668e-09
1.061222788877501 1.643939078911237e-09
1.063623745413423 1.6465893491553572e-09
1.066024701949345 1.649232687154035e-09
1.068425658485267 1.6518691709034153e-09
1.0708266150211887 1.6544988421910373e-09
1.0732275715571107 1.6571217470704316e-09
1.0756285280930327 1.6597379573859363e-09
1.0780294846289546 1.6623475188751364e-09
1.0804304411648766 1.6649504861198755e-09
1.0828313977007986 1.6675469125553207e-09
1.0852323542367204 1.6701368499547698e-09
1.0876333107726424 1.672720348506269e-09
1.0900342673085643 1.6752974640660386e-09
1.0924352238444863 1.6778682390034287e-09
1.0948361803804083 1.6804327264557574e-09
1.0972371369163303 1.6829909760685266e-09
1.0996380934522523 1.6855430346450865e-09
1.102039049988174 1.6880889498989655e-09
1.104440006524096 1.6906287682949925e-09
1.106840963060018 1.693162535686459e-09
1.10924191959594 1.6956902868688703e-09
1.111642876131862 1.6982120993304419e-09
1.114043832667784 1.7007279845252558e-09
1.1164447892037057 1.7032379965006833e-09
1.1188457457396277 1.7057421533166193e-09
1.1212467022755497 1.7082405732372618e-09
1.1236476588114717 1.7107332221269498e-09
1.1260486153473936 1.7132201666507874e-09
1.1284495718833156 1.7157014475917083e-09
1.1308505284192374 1.7181771052343376e-09
1.1332514849551594 1.7206471793201612e-09
1.1356524414910814 1.7231117092315327e-09
1.1380533980270033 1.7255707335286956e-09
1.1404543545629253 1.7280242910202114e-09
1.1428553110988473 1.730472418710129e-09
1.1452562676347693 1.7329151555046359e-09
1.147657224170691 1.7353525359074852e-09
1.150058180706613 1.7377845549932218e-09
1.152459137242535 1.7402113795712097e-09
1.154860093778457 1.742632629335538e-09
1.157261050314379 1.7450492256152634e-09
1.159662006850301 1.747460383800645e-09
1.1620629633862227 1.7498663879348596e-09
1.1644639199221447 1.752267284533329e-09
1.1668648764580667 1.754663063062748e-09
1.1692658329939887 1.7570538889868378e-09
1.1716667895299107 1.7594396610673995e-09
1.1740677460658326 1.7618191283060765e-09
1.1764687026017544 1.7641963135968411e-09
1.1788696591376764 1.7665672560741868e-09
1.1812706156735984 1.768933317186309e-09
1.1836715722095204 1.7712819113579406e-09
1.1860725287454423 1.7736509299184489e-09
1.1884734852813643 1.7760025257874011e-09
1.1908744418172863 1.7783493930850687e-09
1.193275398353208 1.7806915212789971e-09
1.19567635488913 1.7830289510266485e-09
1.198077311425052 1.7853617157870256e-09
