0.5038716357254187 nan
0.5063688869564299 2.8385670976052782e-15
0.5088661381874411 5.8438369032334774e-15
0.5113633894184523 8.995302490001326e-15
0.5138606406494635 1.2338123619577271e-14
0.5163578918804747 1.5821200879787005e-14
0.5188551431114858 1.9488067081251482e-14
0.521352394342497 2.3352655355229046e-14
0.5238496455735082 2.7430032573066017e-14
0.5263468968045194 3.1736494418815834e-14
0.5288441480355306 3.62896684783934e-14
0.5313413992665418 4.1108626026479513e-14
0.533838650497553 4.6214003225545454e-14
0.5363359017285642 5.162813252988455e-14
0.5388331529595753 5.737518513446401e-14
0.5413304041905864 6.348132538572169e-14
0.5438276554215977 6.997487813773084e-14
0.5463249066526088 7.688651012500304e-14
0.54882215788362 8.424942649072317e-14
0.5513194091146312 9.20995837170104e-14
0.5538166603456424 1.00475920284482e-13
0.5563139115766536 1.0942060650084964e-13
0.5588111628076647 1.1897931504125146e-13
0.5613084140386759 1.292011516542809e-13
0.5638056652696871 1.4014036801764154e-13
0.5663029165006983 1.518546838504947e-13
0.5688001677317095 1.6440696090287803e-13
0.5712974189627207 1.7786528921150443e-13
0.5737946701937319 1.9230342138862172e-13
0.5762919214247431 2.0780124211571103e-13
0.5787891726557542 2.244452755408812e-13
0.5812864238867654 2.423292334466484e-13
0.5837836751177766 2.615570355705025e-13
0.5862809263487878 2.822340313474349e-13
0.588778177579799 3.044814054811724e-13
0.5912754288108102 3.2842803232785665e-13
0.5937726800418214 3.542134405629324e-13
0.5962699312728326 3.819886771323167e-13
0.5987671825038438 4.119172375754366e-13
0.6012644337348549 4.4417606718845394e-13
0.6037616849658661 4.789566376927888e-13
0.6062589361968773 5.164661042517286e-13
0.6087561874278885 5.569220643958257e-13
0.6112534386588997 6.005790733031361e-13
0.6137506898899109 6.476933403471474e-13
0.6162479411209221 6.985480995138781e-13
0.6187451923519331 7.534494364284254e-13
0.6212424435829444 8.127280356768176e-13
0.6237396948139555 8.767410447091082e-13
0.6262369460449668 9.458740591176633e-13
0.6287341972759779 1.0205432336783826e-12
0.6312314485069892 1.1011975229824727e-12
0.6337286997380003 1.1883210547256807e-12
0.6362259509690115 1.282424891569362e-12
0.6387232022000227 1.3840914536951283e-12
0.6412204534310338 1.493916307965164e-12
0.643717704662045 1.6125506906568524e-12
0.6462149558930562 1.7406948864755408e-12
0.6487122071240674 1.8791013832650303e-12
0.6512094583550786 2.0285781327256795e-12
0.6537067095860898 2.18999190053442e-12
0.656203960817101 2.3642716837408185e-12
0.6587012120481122 2.5524121668370195e-12
0.6611984632791233 2.755477180003264e-12
0.6636957145101345 2.9746031137529024e-12
0.6661929657411457 3.211002233056648e-12
0.6686902169721569 3.465965820878126e-12
0.6711874682031681 3.740867065478782e-12
0.6736847194341793 4.037163587442003e-12
0.6761819706651905 4.356399480684708e-12
0.6786792218962017 4.700206716161898e-12
0.6811764731272129 5.070305683399694e-12
0.683673724358224 5.468504910184691e-12
0.6861709755892352 5.896699070045622e-12
0.6886682268202464 6.356865799776517e-12
0.6911654780512576 6.851060349974927e-12
0.6936627292822688 7.381407876848602e-12
0.6961599805132799 7.950092821965779e-12
0.6986572317442912 8.559344769990272e-12
0.7011544829753023 9.21142005850373e-12
0.7036517342063136 9.908578273595588e-12
0.7061489854373246 1.065305259203163e-11
0.7086462366683359 1.1447012715029908e-11
0.711143487899347 1.2292518864061113e-11
0.7136407391303583 1.3191464949356705e-11
0.7161379903613694 1.4145508542481873e-11
0.7186352415923806 1.5155984617963747e-11
0.7211324928233918 1.6223799077348198e-11
0.723629744054403 1.734929665228445e-11
0.7261269952854141 1.853209558574414e-11
0.7286242465164253 1.9770877918977116e-11
0.7311214977474365 2.106311809044938e-11
0.7336187489784477 2.2404721387229478e-11
0.7361160002094589 2.3789521781131766e-11
0.7386132514404701 2.5208540860238918e-11
0.7411105026714813 2.6648790282866145e-11
0.7436077539024925 2.8091036098040293e-11
0.7461050051335036 2.9504345155827265e-11
0.7486022563645148 3.081719005406317e-11
0.751099507595526 3.1984851542732675e-11
0.7535967588265372 3.307030594073296e-11
0.7560940100575484 3.409579392437943e-11
0.7585912612885596 3.507315964588322e-11
0.7610885125195708 3.601011796357023e-11
0.763585763750582 3.6912191327458803e-11
0.7660830149815931 3.778356541324535e-11
0.7685802662126042 3.862753875072573e-11
0.7710775174436155 3.944678589376498e-11
0.7735747686746266 4.0243523403785766e-11
0.7760720199056379 4.101962047930787e-11
0.778569271136649 4.177667590640591e-11
0.7810665223676603 4.251607343780721e-11
0.7835637735986714 4.323902277453577e-11
0.7860610248296827 4.394659060733969e-11
0.7885582760606937 4.463972459787591e-11
0.791055527291705 4.5319272222779467e-11
0.7935527785227161 4.59859958014089e-11
0.7960500297537274 4.6640584636659315e-11
0.7985472809847385 4.728366493679093e-11
0.8010445322157498 4.791580800745143e-11
0.8035417834467609 4.8537537078066826e-11
0.806039034677772 4.914933303780063e-11
0.8085362859087832 4.9751639291851246e-11
0.8110335371397944 5.03448659014752e-11
0.8135307883708056 5.092939313574942e-11
0.8160280396018168 5.150557453647416e-11
0.818525290832828 5.2073739577178624e-11
0.8210225420638392 5.263419598150894e-11
0.8235197932948504 5.3187231754009654e-11
0.8260170445258616 5.373311696663876e-11
0.8285142957568727 5.427210533678276e-11
0.8310115469878839 5.4804435626301735e-11
0.8335087982188951 5.5330332886333276e-11
0.8360060494499063 5.585000956867667e-11
0.8385033006809175 5.636366652088004e-11
0.8410005519119287 5.687149388013791e-11
0.8434978031429399 5.737367187838766e-11
0.845995054373951 5.7870371569378657e-11
0.8484923056049622 5.836175548694588e-11
0.8509895568359733 5.884797824241231e-11
0.8534868080669846 5.932918706797917e-11
0.8559840592979957 5.980552231207273e-11
0.858481310529007 6.027711789180697e-11
0.8609785617600181 6.074410170712513e-11
0.8634758129910294 6.120659602054027e-11
0.8659730642220405 6.166471780598567e-11
0.8684703154530518 6.211857906984063e-11
0.8709675666840628 6.25682871468317e-11
0.8734648179150741 6.301394497321675e-11
0.8759620691460852 6.345565133937113e-11
0.8784593203770965 6.38935011236974e-11
0.8809565716081076 6.432758550949948e-11
0.8834538228391188 6.475799218638557e-11
0.88595107407013 6.518480553752263e-11
0.8884483253011412 6.560810681394416e-11
0.8909455765321523 6.602797429704128e-11
0.8934428277631635 6.64444834501767e-11
0.8959400789941747 6.685770706033572e-11
0.8984373302251859 6.726771537060951e-11
0.9009345814561971 6.767457620423145e-11
0.9034318326872083 6.807835508081689e-11
0.9059290839182195 6.847911532542636e-11
0.9084263351492307 6.887691817097911e-11
0.9109235863802418 6.927182285450407e-11
0.913420837611253 6.966388670771712e-11
0.9159180888422642 7.005316524227084e-11
0.9184153400732754 7.043971223012722e-11
0.9209125913042866 7.082357977936223e-11
0.9234098425352978 7.120481840569692e-11
0.925907093766309 7.158347710010993e-11
0.92840434499732 7.195960339273005e-11
0.9309015962283314 7.233324341328664e-11
0.9333988474593424 7.270444194836918e-11
0.9358960986903537 7.307324249564781e-11
0.9383933499213648 7.343968731531434e-11
0.9408906011523761 7.380381747883532e-11
0.9433878523833872 7.416567291530542e-11
0.9458851036143985 7.45252924554006e-11
0.9483823548454096 7.488271387323491e-11
0.9508796060764209 7.523797392612115e-11
0.9533768573074319 7.55911083924191e-11
0.9558741085384432 7.594215210758536e-11
0.9583713597694543 7.629113899852028e-11
0.9608686110004656 7.663810211628883e-11
0.9633658622314767 7.69830736673621e-11
0.9658631134624879 7.73260850433912e-11
0.9683603646934991 7.766716684967735e-11
0.9708576159245103 7.800634893232429e-11
0.9733548671555214 7.834366040422405e-11
0.9758521183865326 7.867912966987425e-11
0.9783493696175438 7.90127844491463e-11
0.980846620848555 7.934465179999992e-11
0.9833438720795662 7.967475814026563e-11
0.9858411233105774 8.000312926848221e-11
0.9883383745415886 8.032979038388354e-11
0.9908356257725998 8.065476610554295e-11
0.993332877003611 8.097808049075953e-11
0.9958301282346221 8.129975705265854e-11
0.9983273794656333 8.161981877714155e-11
1.0008246306966444 8.193828813909675e-11
1.0033218819276557 8.225518711803587e-11
1.005819133158667 8.257053721306627e-11
1.008316384389678 8.288435945731373e-11
1.0108136356206892 8.319667443178894e-11
1.0133108868517005 8.350750227871151e-11
1.0158081380827118 8.381686271434994e-11
1.0183053893137228 8.412477504137799e-11
1.020802640544734 8.443125816075325e-11
1.0232998917757452 8.473633058319045e-11
1.0257971430067563 8.504001044019592e-11
1.0282943942377676 8.534231549470391e-11
1.0307916454687787 8.564326315135484e-11
1.0332888966997897 8.594287046636835e-11
1.035786147930801 8.624115415709985e-11
1.0382833991618123 8.653813061126259e-11
1.0407806503928234 8.683381589580574e-11
1.0432779016238345 8.712822576550912e-11
1.0457751528548458 8.742137567128076e-11
1.048272404085857 8.771328076816238e-11
1.0507696553168682 8.80039559230858e-11
1.0532669065478792 8.829341572234179e-11
1.0557641577788905 8.858167447882668e-11
1.0582614090099018 8.88687462390462e-11
1.060758660240913 8.91546447898795e-11
1.063255911471924 8.943938366513746e-11
1.0657531627029353 8.972297615189432e-11
1.0682504139339466 9.000543529663969e-11
1.0707476651649577 9.028677391121889e-11
1.0732449163959688 9.056700457858247e-11
1.07574216762698 9.084613965837792e-11
1.0782394188579913 9.112419129234199e-11
1.0807366700890024 9.140117140955422e-11
1.0832339213200135 9.167709173149327e-11
1.0857311725510248 9.195196377698617e-11
1.088228423782036 9.22257988669616e-11
1.0907256750130472 9.2498608129107e-11
1.0932229262440583 9.277040250233167e-11
1.0957201774750696 9.304119274115487e-11
1.0982174287060809 9.331098941993284e-11
1.100714679937092 9.357980293695839e-11
1.103211931168103 9.384764351847323e-11
1.105709182399114 9.411452122251412e-11
1.1082064336301254 9.438044594270377e-11
1.1107036848611367 9.464542741190794e-11
1.1132009360921478 9.490947520576278e-11
1.1156981873231588 9.517259874617533e-11
1.1181954385541701 9.543480730463242e-11
1.1206926897851814 9.569611000550478e-11
1.1231899410161925 9.59565158292017e-11
1.1256871922472036 9.621603361527327e-11
1.128184443478215 9.647467206539655e-11
1.1306816947092262 9.673243974632217e-11
1.1331789459402373 9.69893450926973e-11
1.1356761971712483 9.724539640985239e-11
1.1381734484022596 9.750060187647962e-11
1.140670699633271 9.775496954726798e-11
1.143167950864282 9.800850735545666e-11
1.145665202095293 9.826122311532196e-11
1.1481624533263044 9.85131245245985e-11
1.1506597045573157 9.876421916683821e-11
1.1531569557883268 9.901451451372164e-11
1.1556542070193379 9.926401792728988e-11
1.1581514582503492 9.951273666213607e-11
1.1606487094813605 9.976067786752456e-11
1.1631459607123715 1.0000784858947865e-10
1.1656432119433826 1.0025425577280033e-10
1.168140463174394 1.0049990626304192e-10
1.1706377144054052 1.0074480680843745e-10
1.1731349656364163 1.0098896406177587e-10
1.1756322168674274 1.0123238458223561e-10
1.1781294680984387 1.0147507483716836e-10
1.18062671932945 1.017170412038487e-10
1.183123970560461 1.0195828997117724e-10
1.1856212217914721 1.0219882734134273e-10
1.1881184730224832 1.0243865943142955e-10
1.1906157242534945 1.026777922750287e-10
1.1931129754845058 1.0291623182376582e-10
1.1956102267155169 1.0315398394880496e-10
1.198107477946528 1.0339105444235501e-10
1.2006047291775392 1.0362744901907016e-10
1.2031019804085505 1.0386317331749385e-10
1.2055992316395616 1.0409823290140935e-10
1.2080964828705727 1.0433263326119769e-10
1.210593734101584 1.0456637981514591e-10
1.2130909853325953 1.0479947791072925e-10
1.2155882365636064 1.0503193282587121e-10
1.2180854877946174 1.0526374977016988e-10
1.2205827390256287 1.0549493388609297e-10
1.22307999025664 1.0572549025014911e-10
1.2255772414876511 1.0595542387405322e-10
1.2280744927186622 1.0618473970581722e-10
1.2305717439496735 1.064134426308769e-10
1.2330689951806848 1.0664153747314597e-10
1.2355662464116959 1.0686902899608078e-10
1.238063497642707 1.0709592190369694e-10
1.2405607488737183 1.0732222084157218e-10
1.2430580001047296 1.0754793039784832e-10
1.2455552513357406 1.0777305510417195e-10
1.2480525025667517 1.0799759943666233e-10
1.250549753797763 1.0822156781680535e-10
1.2530470050287743 1.0844496461237518e-10
1.2555442562597854 1.0866779413832767e-10
1.2580415074907965 1.0889006065763881e-10
1.2605387587218078 1.0911176838218378e-10
1.2630360099528188 1.0933292147353771e-10
1.2655332611838301 1.0955352404382098e-10
1.2680305124148412 1.0977358015646849e-10
1.2705277636458523 1.0999309382702728e-10
1.2730250148768636 1.1021206902391954e-10
1.275522266107875 1.1043050966919009e-10
1.278019517338886 1.1064841963923588e-10
1.280516768569897 1.1086580276553975e-10
1.2830140198009083 1.1108266283536142e-10
1.2855112710319196 1.1129900359243961e-10
1.2880085222629307 1.115148287376691e-10
1.2905057734939418 1.117301419297548e-10
1.293003024724953 1.1194494678587996e-10
1.2955002759559644 1.1215924688233444e-10
1.2979975271869755 1.1237304575514713e-10
1.3004947784179866 1.1258634690069275e-10
1.3029920296489979 1.1279915377630141e-10
1.3054892808800092 1.1301146980085198e-10
1.3079865321110202 1.1322329835534339e-10
1.3104837833420313 1.1343464278347109e-10
1.3129810345730426 1.1364550639218285e-10
1.315478285804054 1.1385589245222771e-10
1.317975537035065 1.1406580419868901e-10
1.320472788266076 1.142752448315144e-10
1.3229700394970874 1.1448421751603586e-10
1.3254672907280987 1.146927253834759e-10
1.3279645419591097 1.1490077153144329e-10
1.3304617931901208 1.1510835902442664e-10
1.332959044421132 1.153154908942715e-10
1.3354562956521434 1.1552217014065545e-10
1.3379535468831545 1.1572839973154618e-10
1.3404507981141656 1.1593418260366317e-10
1.3429480493451769 1.1613952166291472e-10
1.345445300576188 1.1634441978484351e-10
1.3479425518071992 1.165488798150578e-10
1.3504398030382103 1.1675290456964724e-10
1.3529370542692214 1.1695649683560878e-10
1.3554343055002327 1.1715965937124019e-10
1.357931556731244 1.1736239490656063e-10
1.360428807962255 1.1756470614367682e-10
1.3629260591932661 1.1776659575719956e-10
1.3654233104242774 1.1796806639460668e-10
1.3679205616552887 1.181691206766183e-10
1.3704178128862998 1.1836976119756435e-10
1.372915064117311 1.185699905257526e-10
1.3754123153483222 1.187698112038059e-10
1.3779095665793335 1.1896922574902987e-10
1.3804068178103446 1.19168236653749e-10
1.3829040690413557 1.1936684638563615e-10
1.385401320272367 1.1956505738804507e-10
1.3878985715033783 1.1976287208034812e-10
1.3903958227343893 1.1996029285824117e-10
1.3928930739654004 1.2015732209406935e-10
1.3953903251964117 1.2035396213711873e-10
1.397887576427423 1.2055021531395024e-10
1.400384827658434 1.2074608392866525e-10
1.4028820788894452 1.2094157026322522e-10
1.4053793301204565 1.2113667657772254e-10
1.4078765813514678 1.21331405110687e-10
1.4103738325824788 1.2152575807933483e-10
1.41287108381349 1.2171973767987292e-10
1.4153683350445012 1.2191334608775412e-10
1.4178655862755125 1.2210658545794763e-10
1.4203628375065236 1.222994579251974e-10
1.4228600887375347 1.22491965604295e-10
1.4253573399685457 1.226841105903047e-10
1.427854591199557 1.2287589495883867e-10
1.4303518424305683 1.2306732076629453e-10
1.4328490936615794 1.2325839005009877e-10
1.4353463448925905 1.2344910482893436e-10
1.4378435961236018 1.2363946710299152e-10
1.440340847354613 1.2382947885418312e-10
1.4428380985856242 1.2401914204638163e-10
1.4453353498166353 1.242084586256393e-10
1.4478326010476466 1.243974305204035e-10
1.4503298522786578 1.2458605964174602e-10
1.452827103509669 1.2477434788355644e-10
1.45532435474068 1.249622971227719e-10
1.4578216059716913 1.251499092195684e-10
1.4603188572027026 1.253371860175777e-10
1.4628161084337137 1.2552412934407546e-10
1.4653133596647248 1.2571074101018425e-10
1.467810610895736 1.258970228110664e-10
1.4703078621267474 1.260829765261196e-10
1.4728051133577584 1.2626860391915604e-10
1.4753023645887695 1.2645390673860436e-10
1.4777996158197808 1.2663888671766433e-10
1.480296867050792 1.268235455745272e-10
1.4827941182818032 1.2700788501251141e-10
1.4852913695128143 1.2719190672026584e-10
1.4877886207438256 1.273756123719274e-10
1.4902858719748369 1.2755900362730288e-10
1.492783123205848 1.2774208213202538e-10
1.495280374436859 1.2792484951771517e-10
1.4977776256678703 1.2810730740216295e-10
1.5002748768988816 1.2828945738947075e-10
1.5027721281298927 1.2847130107021266e-10
1.5052693793609038 1.286528400215908e-10
1.507766630591915 1.2883407580760119e-10
1.5102638818229261 1.290150099791599e-10
1.5127611330539374 1.2919564407427588e-10
1.5152583842849485 1.2937597961818388e-10
1.5177556355159598 1.2955601812348559e-10
1.520252886746971 1.2973576109031081e-10
1.5227501379779822 1.2991521000643747e-10
1.5252473892089933 1.3009436634743696e-10
1.5277446404400046 1.3027323157682237e-10
1.5302418916710157 1.3045180714615887e-10
1.532739142902027 1.306300944952182e-10
1.535236394133038 1.3080809505210284e-10
1.5377336453640493 1.3098581023336753e-10
1.5402308965950604 1.3116324144415452e-10
1.5427281478260717 1.3134039007831791e-10
1.5452253990570828 1.3151725751854636e-10
1.5477226502880939 1.3169384513648478e-10
1.5502199015191052 1.3187015429285405e-10
1.5527171527501162 1.3204618633757035e-10
1.5552144039811275 1.3222194260986497e-10
1.5577116552121386 1.3239742443839075e-10
1.56020890644315 1.3257263314134816e-10
1.562706157674161 1.3274757002659167e-10
1.5652034089051723 1.3292223639173908e-10
1.5677006601361834 1.330966335242759e-10
1.5701979113671947 1.33270762701684e-10
1.5726951625982057 1.334446251915191e-10
1.575192413829217 1.336182222515383e-10
1.5776896650602281 1.33791555129796e-10
1.5801869162912394 1.339646250647371e-10
1.5826841675222505 1.3413743328531662e-10
1.5851814187532618 1.3430998101108415e-10
1.5876786699842729 1.3448226945229372e-10
1.5901759212152842 1.3465429980997797e-10
1.5926731724462952 1.34826073276077e-10
1.5951704236773065 1.3499759103350522e-10
1.5976676749083176 1.351688542562571e-10
1.600164926139329 1.3533986410949857e-10
1.60266217737034 1.355106217496521e-10
1.6051594286013513 1.3568112832449623e-10
1.6076566798323624 1.358513849732411e-10
1.6101539310633737 1.3602139282662825e-10
1.6126511822943848 1.3619115300700204e-10
1.615148433525396 1.3636066662841704e-10
1.6176456847564071 1.3652993479669835e-10
1.6201429359874184 1.3669895860953824e-10
1.6226401872184295 1.3686773915657175e-10
1.6251374384494406 1.3703627751946585e-10
1.6276346896804519 1.3720457477198835e-10
1.630131940911463 1.3737263198009422e-10
1.6326291921424743 1.375404502020061e-10
1.6351264433734853 1.3770803048827026e-10
1.6376236946044966 1.378753738818659e-10
1.6401209458355077 1.3804248141824793e-10
1.642618197066519 1.382093541254534e-10
1.64511544829753 1.3837599302414708e-10
1.6476126995285414 1.385423991276932e-10
1.6501099507595525 1.3870857344224436e-10
1.6526072019905638 1.3887451696681393e-10
1.6551044532215748 1.3904023069332949e-10
1.6576017044525861 1.3920571560670006e-10
1.6600989556835972 1.393709726848973e-10
1.6625962069146085 1.395360028990193e-10
1.6650934581456196 1.3970080721335643e-10
1.667590709376631 1.398653865854471e-10
1.670087960607642 1.4002974196615593e-10
1.6725852118386533 1.4019387429971975e-10
1.6750824630696644 1.4035778452385044e-10
1.6775797143006757 1.4052147356973568e-10
1.6800769655316867 1.4068494236216254e-10
1.682574216762698 1.408481918195352e-10
1.685071467993709 1.4101122285393578e-10
1.6875687192247204 1.4117403637122986e-10
1.6900659704557315 1.4133663327107455e-10
1.6925632216867428 1.414990144469921e-10
1.6950604729177539 1.4166118078643834e-10
1.6975577241487652 1.4182313317084485e-10
1.7000549753797762 1.4198487247568764e-10
1.7025522266107873 1.4214639957052355e-10
1.7050494778417986 1.4230771531907084e-10
1.7075467290728097 1.4246882057924094e-10
1.710043980303821 1.4262971620320446e-10
1.712541231534832 1.4279040303743973e-10
1.7150384827658434 1.429508819227753e-10
1.7175357339968544 1.431111536944756e-10
1.7200329852278657 1.4327121918223523e-10
1.7225302364588768 1.4343107921028704e-10
1.7250274876898881 1.4359073459741687e-10
1.7275247389208992 1.437501861570157e-10
1.7300219901519105 1.439094346971487e-10
1.7325192413829216 1.440684810205791e-10
1.7350164926139329 1.442273259248299e-10
1.737513743844944 1.4438597020222947e-10
1.7400109950759552 1.4454441463995278e-10
1.7425082463069663 1.4470266002007897e-10
1.7450054975379776 1.4486070711960435e-10
1.7475027487689887 1.450185567105418e-10
1.75 1.4517620955991379e-10
