0.0 9.269010581852492e-13
0.002400956535921948 9.63922928062579e-13
0.004801913071843896 1.0015867473907467e-12
0.0072028696077658435 1.0398509668989051e-12
0.009603826143687792 1.0786712936703504e-12
0.01200478267960974 1.118000840244726e-12
0.014405739215531687 1.1577902992826719e-12
0.016806695751453635 1.1979881399583337e-12
0.019207652287375584 1.2412140665737262e-12
0.021608608823297532 1.2793930498048336e-12
0.02400956535921948 1.3204880062594274e-12
0.02641052189514143 1.3617676618777908e-12
0.028811478431063374 1.403173057729918e-12
0.031212434966985322 1.4446446261727947e-12
0.03361339150290727 1.486122521906434e-12
0.03601434803882922 1.527546966721408e-12
0.03841530457475117 1.5688586066494534e-12
0.040816261110673116 1.6099988751028107e-12
0.043217217646595064 1.6509103625832026e-12
0.04561817418251701 1.6915371904339622e-12
0.04801913071843896 1.7318253756090229e-12
0.05042008725436091 1.7717231989719115e-12
0.05282104379028286 1.81118155121867e-12
0.055222000326204806 1.850154272842348e-12
0.05762295686212675 1.888598466701256e-12
0.060023913398048696 1.9363646119755678e-12
0.062424869933970645 1.9637477062463557e-12
0.0648258264698926 2.0003857140696686e-12
0.06722678300581454 2.03636151531522e-12
0.0696277395417365 2.0716521697216814e-12
0.07202869607765844 2.1062391646598066e-12
0.0744296526135804 2.2117809906786397e-12
0.07683060914950234 2.173250493939789e-12
0.07923156568542428 2.2056600715168626e-12
0.08163252222134623 2.237336316415774e-12
0.08403347875726817 2.2682824632733237e-12
0.08643443529319013 2.2985056806797997e-12
0.08883539182911207 2.328016811677283e-12
0.09123634836503403 2.3568301245600234e-12
0.09363730490095597 2.3849629940327292e-12
0.09603826143687792 2.4124356127219272e-12
0.09843921797279986 2.4392706211108083e-12
0.10084017450872182 2.4654928036235792e-12
0.10324113104464376 2.4911287227944673e-12
0.10564208758056572 2.5162064297248684e-12
0.10804304411648766 2.5407551076322236e-12
0.11044400065240961 2.563973197841987e-12
0.11284495718833155 2.5927219274640242e-12
0.1152459137242535 2.6159924628565805e-12
0.11764687026017545 2.63885229590649e-12
0.12004782679609739 2.6613322047914885e-12
0.12244878333201935 2.683462681349249e-12
0.12484973986794129 2.7052738415037978e-12
0.12725069640386324 2.7267951830935912e-12
0.1296516529397852 2.7480555390145154e-12
0.13205260947570713 2.769082912351248e-12
0.13445356601162908 2.789904524861991e-12
0.13685452254755104 2.8041017478356936e-12
0.139255479083473 2.8244906891831657e-12
0.14165643561939492 2.8447542127364545e-12
0.14405739215531688 2.8649156230571084e-12
0.14645834869123883 2.8849972153721806e-12
0.1488593052271608 2.9050204075342138e-12
0.15126026176308272 2.92500565095039e-12
0.15366121829900467 2.9449726061358497e-12
0.15606217483492663 2.964940017904404e-12
0.15846313137084855 2.984925873759524e-12
0.1608640879067705 3.0049473339196635e-12
0.16326504444269246 3.0250209047002403e-12
0.16566600097861442 3.0451624827918654e-12
0.16806695751453635 3.065387284317698e-12
0.1704679140504583 3.0857100237468503e-12
0.17286887058638026 3.1061448186494633e-12
0.1752698271223022 3.126705485641605e-12
0.17767078365822414 3.1474053707673725e-12
0.1800717401941461 3.168257528514134e-12
0.18247269673006805 3.1892747274047377e-12
0.18487365326599 3.210469584168813e-12
0.18727460980191193 3.2318546176358627e-12
0.1896755663378339 3.2534422489216954e-12
0.19207652287375584 3.27524499397954e-12
0.19447747940967777 3.297275467691397e-12
0.19687843594559973 3.319546453134387e-12
0.19927939248152168 3.3420708657477387e-12
0.20168034901744364 3.3648617699130647e-12
0.20408130555336557 3.387932237547438e-12
0.20648226208928752 3.4112952533965295e-12
0.20888321862520948 3.4349635678165945e-12
0.21128417516113143 3.4589497853871624e-12
0.21368513169705336 3.483266256329381e-12
0.21608608823297532 3.5079253214776566e-12
0.21848704476889727 3.5329393091851097e-12
0.22088800130481923 3.5583207108911888e-12
0.22328895784074115 3.5840822419118125e-12
0.2256899143766631 3.6102369505256075e-12
0.22809087091258506 3.6367982590530207e-12
0.230491827448507 3.663780067014587e-12
0.23289278398442895 3.691196715955743e-12
0.2352937405203509 3.7190631815975505e-12
0.23769469705627286 3.747394944804725e-12
0.24009565359219479 3.776208236251829e-12
0.24249661012811674 3.805519905367384e-12
0.2448975666640387 3.835347619895261e-12
0.24729852319996065 3.865709822439689e-12
0.24969947973588258 3.896625848753735e-12
0.25210043627180456 3.928115965579484e-12
0.2545013928077265 3.9602014669900265e-12
0.2569023493436484 3.992904851470787e-12
0.2593033058795704 4.0262492379672566e-12
0.26170426241549233 4.0602580643465264e-12
0.26410521895141426 4.094961445003809e-12
0.26650617548733624 4.1303896815083346e-12
0.26890713202325817 4.16655828091723e-12
0.2713080885591801 4.203493370063311e-12
0.2737090450951021 4.241252753484507e-12
0.276110001631024 4.279887237083385e-12
0.278510958166946 4.319398072279312e-12
0.2809119147028679 4.359783434974997e-12
0.28331287123878984 4.401104394200105e-12
0.2857138277747118 4.4434734183361964e-12
0.28811478431063375 4.486972080913168e-12
0.2905157408465557 4.5315779654969654e-12
0.29291669738247766 4.577165038407932e-12
0.2953176539183996 4.624064610020174e-12
0.2977186104543216 4.672222885578311e-12
0.3001195669902435 4.721594774928648e-12
0.30252052352616543 4.772659395275584e-12
0.3049214800620874 4.8249491427479604e-12
0.30732243659800934 4.878838793018286e-12
0.30972339313393127 4.934364823384834e-12
0.31212434966985325 4.991608130796286e-12
0.3145253062057752 5.050648252344488e-12
0.3169262627416971 5.1116567180679855e-12
0.3193272192776191 5.17456740497338e-12
0.321728175813541 5.239657929212465e-12
0.324129132349463 5.30700029799848e-12
0.32653008888538493 5.376722006175561e-12
0.32893104542130686 5.448964651873707e-12
0.33133200195722884 5.523878426069125e-12
0.33373295849315077 5.601624716210144e-12
0.3361339150290727 5.682376461106037e-12
0.3385348715649947 5.766319482911521e-12
0.3409358281009166 5.853654688520637e-12
0.3433367846368386 5.944589918828667e-12
0.3457377411727605 6.039369461037918e-12
0.34813869770868244 6.138221919064675e-12
0.3505396542446044 6.241418802165567e-12
0.35294061078052635 6.3492743996411036e-12
0.3553415673164483 6.462038680802762e-12
0.35774252385237026 6.58007370620049e-12
0.3601434803882922 6.7037787014821635e-12
0.3625444369242141 6.83343306870879e-12
0.3649453934601361 6.969526834541227e-12
0.36734634999605803 7.112478739171359e-12
0.36974730653198 7.262763752077406e-12
0.37214826306790194 7.420892873714758e-12
0.37454921960382387 7.587415867073513e-12
0.37695017613974585 7.762924191721241e-12
0.3793511326756678 7.948052319410301e-12
0.3817520892115897 8.14349070105037e-12
0.3841530457475117 8.350139166182154e-12
0.3865540022834336 8.568288454839559e-12
0.38895495881935555 8.799284074107234e-12
0.39135591535527753 9.04389020823209e-12
0.39375687189119946 9.303095676819446e-12
0.39615782842712144 9.577923569754717e-12
0.39855878496304337 9.86955155200443e-12
0.4009597414989653 1.0179183243367717e-11
0.4033606980348873 1.0508102584715788e-11
0.4057616545708092 1.0857829078388057e-11
0.40816261110673113 1.1229755121261436e-11
0.4105635676426531 1.1625565633546535e-11
0.41296452417857504 1.2046755053059288e-11
0.415365480714497 1.2495836968117876e-11
0.41776643725041895 1.2974184650868705e-11
0.4201673937863409 1.3484138797770063e-11
0.42256835032226286 1.4027985282254308e-11
0.4249693068581848 1.4608165985287197e-11
0.4273702633941067 1.5227288073892826e-11
0.4297712199300287 1.5888132158453998e-11
0.43217217646595063 1.6593660715263635e-11
0.43457313300187256 1.734702634712305e-11
0.43697408953779454 1.8151579878486862e-11
0.43937504607371647 1.9010877800053282e-11
0.44177600260963845 1.9928688681856496e-11
0.4441769591455604 2.090900283532562e-11
0.4465779156814823 2.1956029712808882e-11
0.4489788722174043 2.307421285781846e-11
0.4513798287533262 2.4267809844709574e-11
0.45378078528924815 2.554296690014255e-11
0.45618174182517013 2.690357816117906e-11
0.45858269836109206 2.835541983605323e-11
0.460983654897014 2.9904077089795434e-11
0.46338461143293597 3.155534738041257e-11
0.4657855679688579 3.331522640929492e-11
0.4681865245047799 3.518989812088174e-11
0.4705874810407018 3.718570420057651e-11
0.47298843757662373 3.930912785744527e-11
0.4753893941125457 4.1566765329904035e-11
0.47779035064846764 4.396527699575967e-11
0.48019130718438957 4.653354971414305e-11
0.48259226372031155 4.923427543333208e-11
0.4849932202562335 5.209593471013896e-11
0.48739417679215546 5.512507085637321e-11
0.4897951333280774 5.832804020577502e-11
0.4921960898639993 6.171099656796437e-11
0.4945970463999213 6.527978613262653e-11
0.49699800293584323 6.903990537792589e-11
0.49939895947176516 7.299642539479293e-11
0.5017999160076871 7.712820581005958e-11
0.5042008725436091 8.149023655764278e-11
0.506601829079531 8.606064943637638e-11
0.509002785615453 9.084216181562061e-11
0.511403742151375 9.583674810391839e-11
0.5138046986872968 1.010455954363802e-10
0.5162056552232188 1.064690590796337e-10
0.5186066117591408 1.1210661245127436e-10
0.5210075682950627 1.1795686216410985e-10
0.5234085248309847 1.240174294181444e-10
0.5258094813669066 1.3028510615773838e-10
0.5282104379028285 1.3675563939845272e-10
0.5306113944387505 1.4342395438724236e-10
0.5330123509746725 1.5028398663288192e-10
0.5354133075105943 1.573288197964722e-10
0.5378142640465163 1.6455065078384769e-10
0.5402152205824383 1.7194699745004649e-10
0.5426161771183602 1.794962726014325e-10
0.5450171336542822 1.8718776559209105e-10
0.5474180901902042 1.9502333820664708e-10
0.5498190467261261 2.0298502028894125e-10
0.552220003262048 2.110605013809964e-10
0.55462095979797 2.1923683091518552e-10
0.557021916333892 2.27500445624683e-10
0.5594228728698138 2.3583718790235644e-10
0.5618238294057358 2.442323164589004e-10
0.5642247859416578 2.526705086613108e-10
0.5666257424775797 2.611358531541702e-10
0.5690266990135017 2.6961183197876693e-10
0.5714276555494237 2.7808130107330814e-10
0.5738286120853455 2.865264070451144e-10
0.5762295686212675 2.9492863303770317e-10
0.5786305251571895 3.0326865600155146e-10
0.5810314816931114 3.11526389649081e-10
0.5834324382290333 3.1968098148829014e-10
0.5858333947649553 3.277110221620881e-10
0.5882343513008772 3.355949448056297e-10
0.5906353078367992 3.4331202496269896e-10
0.5930362643727212 3.508440320442438e-10
0.5954372209086431 3.581775045341265e-10
0.597838177444565 3.653057037515611e-10
0.600239133980487 3.7222895156028653e-10
0.602640090516409 3.789530948430481e-10
0.6050410470523309 3.854872182189348e-10
0.6074420035882528 3.9184174308234055e-10
0.6098429601241748 3.980199410102742e-10
0.6122439166600967 4.0414582591875267e-10
0.6146448731960187 4.099311582897707e-10
0.6170458297319407 4.1566776833827637e-10
0.6194467862678625 4.2127170051491937e-10
0.6218477428037845 4.2675024925165526e-10
0.6242486993397065 4.321100828846523e-10
0.6266496558756284 4.373573074371398e-10
0.6290506124115504 4.4249752612455205e-10
0.6314515689474723 4.4753589080198214e-10
0.6338525254833942 4.5247717320111766e-10
0.6362534820193162 4.5732573996637057e-10
0.6386544385552382 4.6208569353029196e-10
0.6410553950911602 4.667608557972194e-10
0.643456351627082 4.713546292382303e-10
0.645857308163004 4.758704287955402e-10
0.648258264698926 4.80311310949695e-10
0.6506592212348479 4.846801409503558e-10
0.6530601777707699 4.88979649216545e-10
0.6554611343066918 4.932123759481785e-10
0.6578620908426137 4.973807221987833e-10
0.6602630473785357 5.014869648946361e-10
0.6626640039144577 5.055332315334429e-10
0.6650649604503795 5.095215616685244e-10
0.6674659169863015 5.134538652623618e-10
0.6698668735222235 5.17332418410078e-10
0.6722678300581454 5.211575996772603e-10
0.6746687865940674 5.249324019804686e-10
0.6770697431299894 5.2865794029496e-10
0.6794706996659112 5.323357052812886e-10
0.6818716562018332 5.359671181835269e-10
0.6842726127377552 5.395535359499707e-10
0.6866735692736772 5.430962534188858e-10
0.689074525809599 5.465965121851475e-10
0.691475482345521 5.500557956357841e-10
0.693876438881443 5.534743385554771e-10
0.6962773954173649 5.568541253120501e-10
0.6986783519532869 5.601959101137235e-10
0.7010793084892089 5.635006836828913e-10
0.7034802650251307 5.667694069917618e-10
0.7058812215610527 5.70003016623149e-10
0.7082821780969747 5.732023775805181e-10
0.7106831346328966 5.763684075968262e-10
0.7130840911688185 5.795018484504667e-10
0.7154850477047405 5.826034476524074e-10
0.7178860042406624 5.856740803441198e-10
0.7202869607765844 5.887144933247227e-10
0.7226879173125064 5.917252933127262e-10
0.7250888738484282 5.947072292411429e-10
0.7274898303843502 5.976609559267612e-10
0.7298907869202722 6.005870857134732e-10
0.7322917434561941 6.034862502623864e-10
0.7346926999921161 6.063590656360267e-10
0.737093656528038 6.092060597464887e-10
0.73949461306396 6.120278365594462e-10
0.7418955695998819 6.148248968189513e-10
0.7442965261358039 6.175977912823883e-10
0.7466974826717259 6.203470475195043e-10
0.7490984392076477 6.23073059439591e-10
0.7514993957435697 6.257763932338065e-10
0.7539003522794917 6.284574874389668e-10
0.7563013088154136 6.311168482068598e-10
0.7587022653513356 6.337547023653941e-10
0.7611032218872575 6.363716870570918e-10
0.7635041784231794 6.389681250740438e-10
0.7659051349591014 6.415444243412521e-10
0.7683060914950234 6.441044271540452e-10
0.7707070480309453 6.466381227773888e-10
0.7731080045668672 6.491562613159657e-10
0.7755089611027892 6.516557298713252e-10
0.7779099176387111 6.541368751750565e-10
0.7803108741746331 6.566001637161575e-10
0.7827118307105551 6.590455196972831e-10
0.785112787246477 6.614746998320369e-10
0.7875137437823989 6.638847594137282e-10
0.7899147003183209 6.662791169093748e-10
0.7923156568542429 6.686570953195032e-10
0.7947166133901648 6.710188639810664e-10
0.7971175699260867 6.733646198998483e-10
0.7995185264620087 6.756948541831907e-10
0.8019194829979306 6.780097331947448e-10
0.8043204395338526 6.803095173669773e-10
0.8067213960697746 6.825944898929813e-10
0.8091223526056964 6.848647990265315e-10
0.8115233091416184 6.871236333609014e-10
0.8139242656775404 6.893631730999127e-10
0.8163252222134623 6.915909656874254e-10
0.8187261787493842 6.938046937444802e-10
0.8211271352853062 6.960054582544961e-10
0.8235280918212281 6.981929457864904e-10
0.8259290483571501 7.00367369614308e-10
0.8283300048930721 7.025289484583816e-10
0.830730961428994 7.046778877711784e-10
0.8331319179649159 7.068143636017039e-10
0.8355328745008379 7.089385448527427e-10
0.8379338310367599 7.110506269956952e-10
0.8403347875726818 7.131508080451225e-10
0.8427357441086037 7.15239252457005e-10
0.8451367006445257 7.173161217907997e-10
0.8475376571804476 7.193815923316042e-10
0.8499386137163696 7.214358290687577e-10
0.8523395702522916 7.234789902035242e-10
0.8547405267882134 7.255107025412389e-10
0.8571414833241354 7.275327142507571e-10
0.8595424398600574 7.295435790574233e-10
0.8619433963959793 7.31543971720455e-10
0.8643443529319013 7.335340589492966e-10
0.8667453094678232 7.355139758881432e-10
0.8691462660037451 7.374838108194708e-10
0.8715472225396671 7.394437203310028e-10
0.8739481790755891 7.413939221002257e-10
0.8763491356115111 7.433345323345449e-10
0.8787500921474329 7.452655561169721e-10
0.8811510486833549 7.471870744588877e-10
0.8835520052192769 7.490993540014018e-10
0.8859529617551988 7.510026926509968e-10
0.8883539182911208 7.528968662038449e-10
0.8907548748270427 7.547821425043049e-10
0.8931558313629646 7.566586095720012e-10
0.8955567878988866 7.585263772010759e-10
0.8979577444348086 7.603855788040758e-10
0.9003587009707305 7.622363004899967e-10
0.9027596575066524 7.640786467816798e-10
0.9051606140425744 7.659127362579679e-10
0.9075615705784963 7.677386550846439e-10
0.9099625271144183 7.695565079249103e-10
0.9123634836503403 7.713663942399993e-10
0.9147644401862621 7.731684056235269e-10
0.9171653967221841 7.749626386916808e-10
0.9195663532581061 7.767491846299161e-10
0.921967309794028 7.785281342934511e-10
0.92436826632995 7.802992811705131e-10
0.9267692228658719 7.820635991844092e-10
0.9291701794017939 7.838202881333689e-10
0.9315711359377158 7.855697259229704e-10
0.9339720924736378 7.87312001334394e-10
0.9363730490095598 7.890471869693353e-10
0.9387740055454816 7.907753669511505e-10
0.9411749620814036 7.924966332644979e-10
0.9435759186173256 7.942110334490404e-10
0.9459768751532475 7.959186624042776e-10
0.9483778316891694 7.976196081749401e-10
0.9507787882250914 7.993139242829229e-10
0.9531797447610133 8.01001665853011e-10
0.9555807012969353 8.026826224008541e-10
0.9579816578328573 8.043578282208753e-10
0.9603826143687791 8.060263378173884e-10
0.9627835709047011 8.076886003121209e-10
0.9651845274406231 8.093446385233449e-10
0.967585483976545 8.109945293333805e-10
0.969986440512467 8.126383314592009e-10
0.972387397048389 8.142761390599821e-10
0.9747883535843109 8.15907981156246e-10
0.9771893101202328 8.175339118465747e-10
0.9795902666561548 8.191540316827772e-10
0.9819912231920768 8.207679472684867e-10
0.9843921797279986 8.223769681592022e-10
0.9867931362639206 8.239799234476634e-10
0.9891940927998426 8.255772671475377e-10
0.9915950493357645 8.271690541402162e-10
0.9939960058716865 8.287553616988791e-10
0.9963969624076084 8.303362143957629e-10
0.9987979189435303 8.319117002125513e-10
1.0011988754794523 8.334818608924347e-10
1.0035998320153743 8.350466788905528e-10
1.0060007885512963 8.366063053249754e-10
1.0084017450872182 8.381606907187208e-10
1.01080270162314 8.397100110560027e-10
1.013203658159062 8.412542253053298e-10
1.015604614694984 8.427933832746259e-10
1.018005571230906 8.443275765994521e-10
1.020406527766828 8.458565916607683e-10
1.02280748430275 8.473811487151703e-10
1.0252084408386717 8.489006574198903e-10
1.0276093973745937 8.504153472282848e-10
1.0300103539105157 8.519252767887474e-10
1.0324113104464376 8.534304534451739e-10
1.0348122669823596 8.549310303131247e-10
1.0372132235182816 8.564269405169423e-10
1.0396141800542034 8.57918255895505e-10
1.0420151365901253 8.594050386590093e-10
1.0444160931260473 8.608873090688039e-10
1.0468170496619693 8.623651143094363e-10
1.0492180061978913 8.638379989644802e-10
1.0516189627338133 8.65307487409657e-10
1.0540199192697353 8.667721330808958e-10
1.056420875805657 8.682324681743638e-10
1.058821832341579 8.696885101045864e-10
1.061222788877501 8.711403573272018e-10
1.063623745413423 8.7258798432819e-10
1.066024701949345 8.740314391077048e-10
1.068425658485267 8.754707779886625e-10
1.0708266150211887 8.769060212149186e-10
1.0732275715571107 8.783371934397386e-10
1.0756285280930327 8.797643452680263e-10
1.0780294846289546 8.811875013734629e-10
1.0804304411648766 8.826066954680398e-10
1.0828313977007986 8.840219603288975e-10
1.0852323542367204 8.854333272976293e-10
1.0876333107726424 8.868408263738672e-10
1.0900342673085643 8.882444934800789e-10
1.0924352238444863 8.896443513178246e-10
1.0948361803804083 8.910404336304002e-10
1.0972371369163303 8.924327709491906e-10
1.0996380934522523 8.938214001881336e-10
1.102039049988174 8.952063236826666e-10
1.104440006524096 8.965875964597844e-10
1.106840963060018 8.979652374399757e-10
1.10924191959594 8.993392637005366e-10
1.111642876131862 9.007097352805243e-10
1.114043832667784 9.020766464436139e-10
1.1164447892037057 9.034400343000388e-10
1.1188457457396277 9.047999002188683e-10
1.1212467022755497 9.061563460136988e-10
1.1236476588114717 9.075093213326436e-10
1.1260486153473936 9.088588768548293e-10
1.1284495718833156 9.102050376043994e-10
1.1308505284192374 9.115478283325184e-10
1.1332514849551594 9.128872734725895e-10
1.1356524414910814 9.142232019442528e-10
1.1380533980270033 9.155562236003753e-10
1.1404543545629253 9.168850870133241e-10
1.1428553110988473 9.182120786101205e-10
1.1452562676347693 9.195351547447273e-10
1.147657224170691 9.208550255257762e-10
1.150058180706613 9.221716724131637e-10
1.152459137242535 9.234852487679757e-10
1.154860093778457 9.24795361320684e-10
1.157261050314379 9.261029185502666e-10
1.159662006850301 9.274071116634528e-10
1.1620629633862227 9.287082474219024e-10
1.1644639199221447 9.300063253983025e-10
1.1668648764580667 9.31301335008779e-10
1.1692658329939887 9.325934302668685e-10
1.1716667895299107 9.33882498726444e-10
1.1740677460658326 9.351686116750457e-10
1.1764687026017544 9.364517814046098e-10
1.1788696591376764 9.377320263421122e-10
1.1812706156735984 9.390093939361011e-10
1.1836715722095204 9.402712585055211e-10
1.1860725287454423 9.415555110297913e-10
1.1884734852813643 9.428242941911671e-10
1.1908744418172863 9.440902918931935e-10
1.193275398353208 9.453534833655072e-10
1.19567635488913 9.466138989771524e-10
1.198077311425052 9.478715618251414e-10
