0.5038716357254187 nan
0.5063688869564299 1.1784858209899423e-13
0.5088661381874411 2.413515025503275e-13
0.5113633894184523 3.709268470557551e-13
0.5138606406494635 5.07026184990046e-13
0.5163578918804747 6.501373364730082e-13
0.5188551431114858 8.007865319161973e-13
0.521352394342497 9.595447732100612e-13
0.5238496455735082 1.1270269563516012e-12
0.5263468968045194 1.3038984046253898e-12
0.5288441480355306 1.490882592249879e-12
0.5313413992665418 1.6887494934255093e-12
0.533838650497553 1.8983431430264845e-12
0.5363359017285642 2.12057243640637e-12
0.5388331529595753 2.356420113841643e-12
0.5413304041905864 2.6069391668890786e-12
0.5438276554215977 2.873296112017335e-12
0.5463249066526088 3.156725076809922e-12
0.54882215788362 3.4585691796333074e-12
0.5513194091146312 3.780280481165303e-12
0.5538166603456424 4.123428676875961e-12
0.5563139115766536 4.489710428107873e-12
0.5588111628076647 4.880959367234842e-12
0.5613084140386759 5.299143618078773e-12
0.5638056652696871 5.746428168122901e-12
0.5663029165006983 6.225113293445951e-12
0.5688001677317095 6.737695220491536e-12
0.5712974189627207 7.286868457493927e-12
0.5737946701937319 7.87554051602162e-12
0.5762919214247431 8.506847497440234e-12
0.5787891726557542 9.184170550498224e-12
0.5812864238867654 9.911153193477081e-12
0.5837836751177766 1.0691719481738143e-11
0.5862809263487878 1.1530092984361352e-11
0.588778177579799 1.2430816513867965e-11
0.5912754288108102 1.339877252824037e-11
0.5937726800418214 1.4439204096550566e-11
0.5962699312728326 1.5557736285307667e-11
0.5987671825038438 1.6760397783874572e-11
0.6012644337348549 1.8053642508146334e-11
0.6037616849658661 1.944437110156245e-11
0.6062589361968773 2.0939951513979526e-11
0.6087561874278885 2.2548238885977502e-11
0.6112534386588997 2.4277593802337143e-11
0.6137506898899109 2.613689854545475e-11
0.6162479411209221 2.8135570682243707e-11
0.6187451923519331 3.028357326406588e-11
0.6212424435829444 3.259142082692217e-11
0.6237396948139555 3.5070180293745673e-11
0.6262369460449668 3.7731465795941685e-11
0.6287341972759779 4.0587426359274764e-11
0.6312314485069892 4.3650725340135754e-11
0.6337286997380003 4.69345104638036e-11
0.6362259509690115 5.045237331186969e-11
0.6387232022000227 5.4218297137399334e-11
0.6412204534310338 5.824659197113888e-11
0.643717704662045 6.255181611673153e-11
0.6462149558930562 6.714868333536208e-11
0.6487122071240674 7.205195529217739e-11
0.6512094583550786 7.727631917895743e-11
0.6537067095860898 8.283625084147209e-11
0.656203960817101 8.874586421935503e-11
0.6587012120481122 9.501874843606875e-11
0.6611984632791233 1.0166779443642906e-10
0.6636957145101345 1.0870501364205059e-10
0.6661929657411457 1.1614135163145034e-10
0.6686902169721569 1.23986500335033e-10
0.6711874682031681 1.3224871261300943e-10
0.6736847194341793 1.4093462332444511e-10
0.6761819706651905 1.5004908106652468e-10
0.6786792218962017 1.5959499463761185e-10
0.6811764731272129 1.6957319794694635e-10
0.683673724358224 1.7998233655577775e-10
0.6861709755892352 1.9081877830800409e-10
0.6886682268202464 2.0207654962413999e-10
0.6911654780512576 2.1374729803130348e-10
0.6936627292822688 2.258202804311126e-10
0.6961599805132799 2.3828237552959454e-10
0.6986572317442912 2.51118117797544e-10
0.7011544829753023 2.643097493535477e-10
0.7036517342063136 2.778372852755155e-10
0.7061489854373246 2.916785870498473e-10
0.7086462366683359 3.0580943815458403e-10
0.711143487899347 3.202036150485054e-10
0.7136407391303583 3.3483294606034453e-10
0.7161379903613694 3.4966734963586344e-10
0.7186352415923806 3.6467484190326033e-10
0.7211324928233918 3.798215011723826e-10
0.723629744054403 3.9507137316658973e-10
0.7261269952854141 4.103862944092252e-10
0.7286242465164253 4.257256002163666e-10
0.7311214977474365 4.410456641364544e-10
0.7336187489784477 4.5629917876376563e-10
0.7361160002094589 4.714340132649627e-10
0.7386132514404701 4.863913170135823e-10
0.7411105026714813 5.011021159961654e-10
0.7436077539024925 5.154803271669781e-10
0.7461050051335036 5.294041624513736e-10
0.7486022563645148 5.426086342265818e-10
0.751099507595526 5.549687916967983e-10
0.7535967588265372 5.667791282651305e-10
0.7560940100575484 5.781541576589695e-10
0.7585912612885596 5.891601790097746e-10
0.7610885125195708 5.998430984164761e-10
0.763585763750582 6.102374395368057e-10
0.7660830149815931 6.203704815041019e-10
0.7685802662126042 6.302645098817894e-10
0.7710775174436155 6.399381764571382e-10
0.7735747686746266 6.49407382252206e-10
0.7760720199056379 6.586858822425846e-10
0.778569271136649 6.677857167808063e-10
0.7810665223676603 6.767175295541412e-10
0.7835637735986714 6.854908082080153e-10
0.7860610248296827 6.941140704985086e-10
0.7885582760606937 7.025950110095081e-10
0.791055527291705 7.109406186474818e-10
0.7935527785227161 7.191572720433973e-10
0.7960500297537274 7.27250817959146e-10
0.7985472809847385 7.35226636418396e-10
0.8010445322157498 7.430896953268971e-10
0.8035417834467609 7.508445966701808e-10
0.806039034677772 7.584956158890991e-10
0.8085362859087832 7.660467356748468e-10
0.8110335371397944 7.735016751591585e-10
0.8135307883708056 7.808639152738298e-10
0.8160280396018168 7.881367208997001e-10
0.818525290832828 7.953231603073152e-10
0.8210225420638392 8.024261222978762e-10
0.8235197932948504 8.094483313804245e-10
0.8260170445258616 8.163923612631712e-10
0.8285142957568727 8.232606468902784e-10
0.8310115469878839 8.30055495217781e-10
0.8335087982188951 8.367790948916284e-10
0.8360060494499063 8.434335249662309e-10
0.8385033006809175 8.500207627808439e-10
0.8410005519119287 8.565426910942394e-10
0.8434978031429399 8.630011045640396e-10
0.845995054373951 8.693977156450102e-10
0.8484923056049622 8.757341599704857e-10
0.8509895568359733 8.820120012731488e-10
0.8534868080669846 8.882327358935759e-10
0.8559840592979957 8.943977969193159e-10
0.858481310529007 9.005085579918338e-10
0.8609785617600181 9.065663368142298e-10
0.8634758129910294 9.12572398388764e-10
0.8659730642220405 9.185279580098456e-10
0.8684703154530518 9.244341840352352e-10
0.8709675666840628 9.302922004558921e-10
0.8734648179150741 9.36103089282234e-10
0.8759620691460852 9.41867892763389e-10
0.8784593203770965 9.475876154534067e-10
0.8809565716081076 9.532632261378073e-10
0.8834538228391188 9.588956596318165e-10
0.88595107407013 9.644858184611095e-10
0.8884483253011412 9.700345744343228e-10
0.8909455765321523 9.755427701159152e-10
0.8934428277631635 9.810112202073723e-10
0.8959400789941747 9.864407128434505e-10
0.8984373302251859 9.918320108102568e-10
0.9009345814561971 9.971858526907402e-10
0.9034318326872083 1.0025029539429356e-09
0.9059290839182195 1.007784007915944e-09
0.9084263351492307 1.0130296868078765e-09
0.9109235863802418 1.018240642570224e-09
0.913420837611253 1.0234175077617827e-09
0.9159180888422642 1.028560896356123e-09
0.9184153400732754 1.0336714045053524e-09
0.9209125913042866 1.0387496112633578e-09
0.9234098425352978 1.043796079270951e-09
0.925907093766309 1.048811355405401e-09
0.92840434499732 1.053795971396975e-09
0.9309015962283314 1.0587504444139577e-09
0.9333988474593424 1.063675277618635e-09
0.9358960986903537 1.0685709606958174e-09
0.9383933499213648 1.0734379703555218e-09
0.9408906011523761 1.0782767708114756e-09
0.9433878523833872 1.0830878142368542e-09
0.9458851036143985 1.087871541198416e-09
0.9483823548454096 1.0926283810706476e-09
0.9508796060764209 1.0973587524305969e-09
0.9533768573074319 1.1020630634349558e-09
0.9558741085384432 1.1067417121799766e-09
0.9583713597694543 1.1113950870455205e-09
0.9608686110004656 1.1160235670237283e-09
0.9633658622314767 1.120627522033604e-09
0.9658631134624879 1.1252073132217972e-09
0.9683603646934991 1.1297632932508248e-09
0.9708576159245103 1.1342958065746009e-09
0.9733548671555214 1.138805189703119e-09
0.9758521183865326 1.1432917714555202e-09
0.9783493696175438 1.1477558732032145e-09
0.980846620848555 1.1521978091029147e-09
0.9833438720795662 1.1566178863203458e-09
0.9858411233105774 1.1610164052450332e-09
0.9883383745415886 1.1653936596965713e-09
0.9908356257725998 1.1697499371229684e-09
0.993332877003611 1.174085518791081e-09
0.9958301282346221 1.1784006799698922e-09
0.9983273794656333 1.1826956901067608e-09
1.0008246306966444 1.18697081299709e-09
1.0033218819276557 1.1912263069475054e-09
1.005819133158667 1.1954624249331655e-09
1.008316384389678 1.1996794147490277e-09
1.0108136356206892 1.20387751915604e-09
1.0133108868517005 1.2080569760215272e-09
1.0158081380827118 1.2122180184550459e-09
1.0183053893137228 1.2163608749389743e-09
1.020802640544734 1.2204857694548455e-09
1.0232998917757452 1.2245929216051433e-09
1.0257971430067563 1.2286825467306786e-09
1.0282943942377676 1.232754856024379e-09
1.0307916454687787 1.236810056640804e-09
1.0332888966997897 1.2408483518020547e-09
1.035786147930801 1.2448699409001886e-09
1.0382833991618123 1.248875019596339e-09
1.0407806503928234 1.2528637799161628e-09
1.0432779016238345 1.2568364103423828e-09
1.0457751528548458 1.2607930959053618e-09
1.048272404085857 1.2647340182680283e-09
1.0507696553168682 1.268659355810959e-09
1.0532669065478792 1.272569283713301e-09
1.0557641577788905 1.2764639740313372e-09
1.0582614090099018 1.2803435957748268e-09
1.060758660240913 1.2842083149807835e-09
1.063255911471924 1.288058294784748e-09
1.0657531627029353 1.291893695490502e-09
1.0682504139339466 1.2957146746369969e-09
1.0707476651649577 1.2995213870637932e-09
1.0732449163959688 1.3033139849739595e-09
1.07574216762698 1.307092617995634e-09
1.0782394188579913 1.31085743324159e-09
1.0807366700890024 1.3146085753666038e-09
1.0832339213200135 1.318346186624353e-09
1.0857311725510248 1.322070406920799e-09
1.088228423782036 1.3257813738678701e-09
1.0907256750130472 1.3294792228342522e-09
1.0932229262440583 1.3331640869961025e-09
1.0957201774750696 1.3368360973843566e-09
1.0982174287060809 1.3404953829329709e-09
1.100714679937092 1.3441420705237255e-09
1.103211931168103 1.3477762850317422e-09
1.105709182399114 1.3513981493678774e-09
1.1082064336301254 1.3550077845214858e-09
1.1107036848611367 1.358605309600933e-09
1.1132009360921478 1.3621908418738125e-09
1.1156981873231588 1.3657644968053547e-09
1.1181954385541701 1.3693263880964894e-09
1.1206926897851814 1.3728766277204046e-09
1.1231899410161925 1.3764153259583283e-09
1.1256871922472036 1.3799425914343283e-09
1.128184443478215 1.383458531149294e-09
1.1306816947092262 1.3869632505139703e-09
1.1331789459402373 1.390456853381056e-09
1.1356761971712483 1.3939394420765975e-09
1.1381734484022596 1.3974111174304239e-09
1.140670699633271 1.4008719788062387e-09
1.143167950864282 1.4043221241302608e-09
1.145665202095293 1.407761649919739e-09
1.1481624533263044 1.411190651310422e-09
1.1506597045573157 1.4146092220836737e-09
1.1531569557883268 1.4180174546923707e-09
1.1556542070193379 1.4214154402867883e-09
1.1581514582503492 1.424803268739358e-09
1.1606487094813605 1.4281810286692076e-09
1.1631459607123715 1.4315488074658515e-09
1.1656432119433826 1.4349066913123184e-09
1.168140463174394 1.4382547652079273e-09
1.1706377144054052 1.4415931129902513e-09
1.1731349656364163 1.4449218173568213e-09
1.1756322168674274 1.4482409598862133e-09
1.1781294680984387 1.4515506210584902e-09
1.18062671932945 1.4548508802753889e-09
1.183123970560461 1.458141815879995e-09
1.1856212217914721 1.4614235051759377e-09
1.1881184730224832 1.4646960244458563e-09
1.1906157242534945 1.467959448970217e-09
1.1931129754845058 1.4712138530447972e-09
1.1956102267155169 1.4744593099982922e-09
1.198107477946528 1.477695892209573e-09
1.2006047291775392 1.4809236711240325e-09
1.2031019804085505 1.4841427172704627e-09
1.2055992316395616 1.4873531002765955e-09
1.2080964828705727 1.4905548888848367e-09
1.210593734101584 1.4937481509677519e-09
1.2130909853325953 1.4969329535427207e-09
1.2155882365636064 1.5001093627868577e-09
1.2180854877946174 1.5032774440511054e-09
1.2205827390256287 1.5064372618743448e-09
1.22307999025664 1.5095888799970942e-09
1.2255772414876511 1.5127323613749034e-09
1.2280744927186622 1.5158677681914031e-09
1.2305717439496735 1.518995161871374e-09
1.2330689951806848 1.5221146030930736e-09
1.2355662464116959 1.5252261518007173e-09
1.238063497642707 1.528329867216393e-09
1.2405607488737183 1.5314258078522126e-09
1.2430580001047296 1.5345140315213093e-09
1.2455552513357406 1.537594595349689e-09
1.2480525025667517 1.5406675557870565e-09
1.250549753797763 1.5437329686177702e-09
1.2530470050287743 1.5467908889714268e-09
1.2555442562597854 1.5498413713333297e-09
1.2580415074907965 1.55288446955477e-09
1.2605387587218078 1.555920236863055e-09
1.2630360099528188 1.5589487258709741e-09
1.2655332611838301 1.5619699885871154e-09
1.2680305124148412 1.5649840764245745e-09
1.2705277636458523 1.5679910402107075e-09
1.2730250148768636 1.5709909301959533e-09
1.275522266107875 1.5739837960627518e-09
1.278019517338886 1.5769696869342958e-09
1.280516768569897 1.5799486513831724e-09
1.2830140198009083 1.582920737439497e-09
1.2855112710319196 1.585885992599339e-09
1.2880085222629307 1.5888444638327582e-09
1.2905057734939418 1.5917961975917168e-09
1.293003024724953 1.5947412398177913e-09
1.2955002759559644 1.5976796359496862e-09
1.2979975271869755 1.600611430931003e-09
1.3004947784179866 1.6035366692172928e-09
1.3029920296489979 1.6064553947833466e-09
1.3054892808800092 1.6093676511303217e-09
1.3079865321110202 1.6122734812925202e-09
1.3104837833420313 1.6151729278442804e-09
1.3129810345730426 1.6180660329068476e-09
1.315478285804054 1.62095283815443e-09
1.317975537035065 1.6238333848211444e-09
1.320472788266076 1.6267077137070537e-09
1.3229700394970874 1.629575865184482e-09
1.3254672907280987 1.6324378792039314e-09
1.3279645419591097 1.6352937953003947e-09
1.3304617931901208 1.6381436525989165e-09
1.332959044421132 1.6409874898204236e-09
1.3354562956521434 1.643825345287703e-09
1.3379535468831545 1.6466572569304318e-09
1.3404507981141656 1.6494832622910897e-09
1.3429480493451769 1.6523033985300999e-09
1.345445300576188 1.6551177024312797e-09
1.3479425518071992 1.6579262104068372e-09
1.3504398030382103 1.6607289585026087e-09
1.3529370542692214 1.6635259824031357e-09
1.3554343055002327 1.6663173174362967e-09
1.357931556731244 1.6691029985783868e-09
1.360428807962255 1.6718830604589231e-09
1.3629260591932661 1.6746575373650665e-09
1.3654233104242774 1.6774264632465143e-09
1.3679205616552887 1.6801898717196502e-09
1.3704178128862998 1.6829477960724962e-09
1.372915064117311 1.6857002692686036e-09
1.3754123153483222 1.688447323951499e-09
1.3779095665793335 1.6911889924490358e-09
1.3804068178103446 1.6939253067773994e-09
1.3829040690413557 1.6966562986453373e-09
1.385401320272367 1.6993819994579913e-09
1.3878985715033783 1.7021024403209124e-09
1.3903958227343893 1.704817652044072e-09
1.3928930739654004 1.707527665145467e-09
1.3953903251964117 1.71023250985508e-09
1.397887576427423 1.7129322161184498e-09
1.400384827658434 1.7156268136003332e-09
1.4028820788894452 1.7183163316883709e-09
1.4053793301204565 1.7210007994965644e-09
1.4078765813514678 1.723680245868597e-09
1.4103738325824788 1.7263546993814749e-09
1.41287108381349 1.7290241883487224e-09
1.4153683350445012 1.7316887408237702e-09
1.4178655862755125 1.734348384603138e-09
1.4203628375065236 1.737003147229818e-09
1.4228600887375347 1.739653055996096e-09
1.4253573399685457 1.7422981379468937e-09
1.427854591199557 1.744938419882875e-09
1.4303518424305683 1.7475739283631398e-09
1.4328490936615794 1.7502046897085713e-09
1.4353463448925905 1.752830730004502e-09
1.4378435961236018 1.7554520751036418e-09
1.440340847354613 1.7580687506287914e-09
1.4428380985856242 1.7606807819759357e-09
1.4453353498166353 1.7632881943166321e-09
1.4478326010476466 1.7658910126009337e-09
1.4503298522786578 1.7684892615598695e-09
1.452827103509669 1.7710829657082762e-09
1.45532435474068 1.7736721493471684e-09
1.4578216059716913 1.7762568365664068e-09
1.4603188572027026 1.778837051247132e-09
1.4628161084337137 1.7814128170643297e-09
1.4653133596647248 1.7839841574890283e-09
1.467810610895736 1.7865510957909218e-09
1.4703078621267474 1.7891136550407363e-09
1.4728051133577584 1.7916718581122426e-09
1.4753023645887695 1.79422572768495e-09
1.4777996158197808 1.7967752862460622e-09
1.480296867050792 1.7993205560928349e-09
1.4827941182818032 1.8018615593347068e-09
1.4852913695128143 1.8043983178955413e-09
1.4877886207438256 1.8069308535155486e-09
1.4902858719748369 1.8094591877536392e-09
1.492783123205848 1.8119833419893112e-09
1.495280374436859 1.8145033374247778e-09
1.4977776256678703 1.8170191950869177e-09
1.5002748768988816 1.8195309358292667e-09
1.5027721281298927 1.822038580333874e-09
1.5052693793609038 1.8245421491135273e-09
1.507766630591915 1.8270416625132695e-09
1.5102638818229261 1.8295371407124618e-09
1.5127611330539374 1.832028603726612e-09
1.5152583842849485 1.8345160714092197e-09
1.5177556355159598 1.8369995634534839e-09
1.520252886746971 1.83947909939402e-09
1.5227501379779822 1.841954698608864e-09
1.5252473892089933 1.844426380320819e-09
1.5277446404400046 1.8468941635994987e-09
1.5302418916710157 1.8493580673627704e-09
1.532739142902027 1.8518181103784078e-09
1.535236394133038 1.8542743112659617e-09
1.5377336453640493 1.856726688497954e-09
1.5402308965950604 1.8591752604017672e-09
1.5427281478260717 1.861620045161254e-09
1.5452253990570828 1.864061060817886e-09
1.5477226502880939 1.8664983252727314e-09
1.5502199015191052 1.8689318562876656e-09
1.5527171527501162 1.871361671486882e-09
1.5552144039811275 1.8737877883585195e-09
1.5577116552121386 1.8762102242557634e-09
1.56020890644315 1.878628996398739e-09
1.562706157674161 1.8810441218754357e-09
1.5652034089051723 1.8834556176434066e-09
1.5677006601361834 1.8858635005309158e-09
1.5701979113671947 1.8882677872385274e-09
1.5726951625982057 1.8906684943401746e-09
1.575192413829217 1.8930656382846875e-09
1.5776896650602281 1.8954592353969267e-09
1.5801869162912394 1.8978493018791134e-09
1.5826841675222505 1.9002358538121714e-09
1.5851814187532618 1.902618907156863e-09
1.5876786699842729 1.904998477754906e-09
1.5901759212152842 1.907374581330592e-09
1.5926731724462952 1.9097472334914593e-09
1.5951704236773065 1.9121164497299283e-09
1.5976676749083176 1.914482245424212e-09
1.600164926139329 1.9168446358394227e-09
1.60266217737034 1.919203636128919e-09
1.6051594286013513 1.9215592613353273e-09
1.6076566798323624 1.923911526391535e-09
1.6101539310633737 1.9262604461220115e-09
1.6126511822943848 1.928606035243716e-09
1.615148433525396 1.9309483083671243e-09
1.6176456847564071 1.93328727999756e-09
1.6201429359874184 1.935622964535857e-09
1.6226401872184295 1.937955376279667e-09
1.6251374384494406 1.9402845294243757e-09
1.6276346896804519 1.942610438064059e-09
1.630131940911463 1.944933116192683e-09
1.6326291921424743 1.9472525777046704e-09
1.6351264433734853 1.9495688363962972e-09
1.6376236946044966 1.9518819059663548e-09
1.6401209458355077 1.9541918000173323e-09
1.642618197066519 1.956498532056039e-09
1.64511544829753 1.9588021154948806e-09
1.6476126995285414 1.961102563652407e-09
1.6501099507595525 1.9633998897545687e-09
1.6526072019905638 1.965694106935256e-09
1.6551044532215748 1.967985228237389e-09
1.6576017044525861 1.9702732666138546e-09
1.6600989556835972 1.97255823492796e-09
1.6625962069146085 1.974840145954897e-09
1.6650934581456196 1.9771190123819417e-09
1.667590709376631 1.9793948468097344e-09
1.670087960607642 1.981667661752859e-09
1.6725852118386533 1.983937469640764e-09
1.6750824630696644 1.986204282818438e-09
1.6775797143006757 1.9884681135473557e-09
1.6800769655316867 1.9907289740061614e-09
1.682574216762698 1.9929868762912906e-09
1.685071467993709 1.995241832418094e-09
1.6875687192247204 1.9974938543212667e-09
1.6900659704557315 1.999742953855703e-09
1.6925632216867428 2.001989142797175e-09
1.6950604729177539 2.004232432843196e-09
1.6975577241487652 2.0064728356135996e-09
1.7000549753797762 2.0087103626512617e-09
1.7025522266107873 2.0109450254228382e-09
1.7050494778417986 2.013176835319522e-09
1.7075467290728097 2.0154058036575748e-09
1.710043980303821 2.0176319416790213e-09
1.712541231534832 2.019855260552542e-09
1.7150384827658434 2.022075771373779e-09
1.7175357339968544 2.0242934851663278e-09
1.7200329852278657 2.026508412882133e-09
1.7225302364588768 2.028720565402222e-09
1.7250274876898881 2.030929953537455e-09
1.7275247389208992 2.0331365880288404e-09
1.7300219901519105 2.0353404795485316e-09
1.7325192413829216 2.0375416387000148e-09
1.7350164926139329 2.0397400760192543e-09
1.737513743844944 2.0419358019746695e-09
1.7400109950759552 2.0441288269682677e-09
1.7425082463069663 2.0463191613358305e-09
1.7450054975379776 2.0485068153477314e-09
1.7475027487689887 2.050691799209478e-09
1.75 2.052874123062056e-09
