0.5038716357254187 nan
0.5063688869564299 2.601759966940006e-16
0.5088661381874411 5.330368163591836e-16
0.5113633894184523 8.195221673645923e-16
0.5138606406494635 1.1206474340092525e-15
0.5163578918804747 1.4375100055085407e-15
0.5188551431114858 1.7712961403994844e-15
0.521352394342497 2.1232884114963813e-15
0.5238496455735082 2.494873780261359e-15
0.5263468968045194 2.8875523534830238e-15
0.5288441480355306 3.3139031295515447e-15
0.5313413992665418 3.754855793866624e-15
0.533838650497553 4.22217831650485e-15
0.5363359017285642 4.7179267227343066e-15
0.5388331529595753 5.255140795215718e-15
0.5413304041905864 5.8153646660611156e-15
0.5438276554215977 6.411255592431462e-15
0.5463249066526088 7.045637223074622e-15
0.54882215788362 7.721567036530764e-15
0.5513194091146312 8.452697444308223e-15
0.5538166603456424 9.222467901306052e-15
0.5563139115766536 1.0044565926762339e-14
0.5588111628076647 1.092319772730356e-14
0.5613084140386759 1.1862919280744692e-14
0.5638056652696871 1.2868665603995121e-14
0.5663029165006983 1.3955365203979907e-14
0.5688001677317095 1.511002000543436e-14
0.5712974189627207 1.634810849501179e-14
0.5737946701937319 1.7676425818669207e-14
0.5762919214247431 1.9129099860301538e-14
0.5787891726557542 2.0661475172913956e-14
0.5812864238867654 2.2308049365027404e-14
0.5837836751177766 2.407817745398474e-14
0.5862809263487878 2.5981991878877257e-14
0.588778177579799 2.8030466457268373e-14
0.5912754288108102 3.0235485420363666e-14
0.5937726800418214 3.260991789997009e-14
0.5962699312728326 3.516769826165149e-14
0.5987671825038438 3.792391270234274e-14
0.6012644337348549 4.089489255326671e-14
0.6037616849658661 4.409831475176091e-14
0.6062589361968773 4.755299319153411e-14
0.6087561874278885 5.12802234767603e-14
0.6112534386588997 5.530211882190681e-14
0.6137506898899109 5.964290375985041e-14
0.6162479411209221 6.432877611184979e-14
0.6187451923519331 6.938806145206482e-14
0.6212424435829444 7.485137857260121e-14
0.6237396948139555 8.075181655122688e-14
0.6262369460449668 8.712512402443779e-14
0.6287341972759779 9.400991126033698e-14
0.6312314485069892 1.0144971861401808e-13
0.6337286997380003 1.0948604806191528e-13
0.6362259509690115 1.181691073011923e-13
0.6387232022000227 1.2755125228374605e-13
0.6412204534310338 1.3768892214819048e-13
0.643717704662045 1.486429286193083e-13
0.6462149558930562 1.6047876097393316e-13
0.6487122071240674 1.7326690648815012e-13
0.6512094583550786 1.870831860497736e-13
0.6537067095860898 2.020091043330892e-13
0.656203960817101 2.1813221357728735e-13
0.6587012120481122 2.3554648957308287e-13
0.6611984632791233 2.5434671437266177e-13
0.6636957145101345 2.746521637274656e-13
0.6661929657411457 2.9657305331053757e-13
0.6686902169721569 3.2023296113839006e-13
0.6711874682031681 3.4576385577359086e-13
0.6736847194341793 3.733064760048599e-13
0.6761819706651905 4.0301068924488697e-13
0.6786792218962017 4.347025830507061e-13
0.6811764731272129 4.692150597844025e-13
0.683673724358224 5.067350090068553e-13
0.6861709755892352 5.467771897388519e-13
0.6886682268202464 5.89876689255128e-13
0.6911654780512576 6.362427490997766e-13
0.6936627292822688 6.860943429735557e-13
0.6961599805132799 7.396481446513191e-13
0.6986572317442912 7.971626904469996e-13
0.7011544829753023 8.588714790225277e-13
0.7036517342063136 9.250242178941482e-13
0.7061489854373246 9.958742958182152e-13
0.7086462366683359 1.0716758067990261e-12
0.711143487899347 1.1526801529874007e-12
0.7136407391303583 1.23913112711672e-12
0.7161379903613694 1.331258770706956e-12
0.7186352415923806 1.429280301729117e-12
0.7211324928233918 1.5333558392795697e-12
0.723629744054403 1.6436250357008292e-12
0.7261269952854141 1.7601573052947022e-12
0.7286242465164253 1.8829369387700877e-12
0.7311214977474365 2.011832359804422e-12
0.7336187489784477 2.1465536950844127e-12
0.7361160002094589 2.2865920709939173e-12
0.7386132514404701 2.4311280701975288e-12
0.7411105026714813 2.5788821253340748e-12
0.7436077539024925 2.7278259471167656e-12
0.7461050051335036 2.8741482540069796e-12
0.7486022563645148 3.0107718025366793e-12
0.751099507595526 3.130976380463034e-12
0.7535967588265372 3.242287112252747e-12
0.7560940100575484 3.3471971201604624e-12
0.7585912612885596 3.4469984405704985e-12
0.7610885125195708 3.5425574046769385e-12
0.763585763750582 3.634425213826472e-12
0.7660830149815931 3.723074703696997e-12
0.7685802662126042 3.808859756959925e-12
0.7710775174436155 3.892066221291729e-12
0.7735747686746266 3.9729302091457235e-12
0.7760720199056379 4.0516048795773136e-12
0.778569271136649 4.128347099988943e-12
0.7810665223676603 4.203260703612498e-12
0.7835637735986714 4.276473464593324e-12
0.7860610248296827 4.3480976458742164e-12
0.7885582760606937 4.418232798851712e-12
0.791055527291705 4.4869675085199324e-12
0.7935527785227161 4.554382131241876e-12
0.7960500297537274 4.620548602890686e-12
0.7985472809847385 4.685532248146122e-12
0.8010445322157498 4.749392656677907e-12
0.8035417834467609 4.812184340270903e-12
0.806039034677772 4.8739573448793595e-12
0.8085362859087832 4.93475776807702e-12
0.8110335371397944 4.994628199545421e-12
0.8135307883708056 5.053608098454012e-12
0.8160280396018168 5.111734118681415e-12
0.818525290832828 5.169040390614179e-12
0.8210225420638392 5.225558766554784e-12
0.8235197932948504 5.281319035437076e-12
0.8260170445258616 5.336349111512383e-12
0.8285142957568727 5.390675200836115e-12
0.8310115469878839 5.444321948728277e-12
0.8335087982188951 5.4973125708508725e-12
0.8360060494499063 5.5496689701150986e-12
0.8385033006809175 5.601411841280972e-12
0.8410005519119287 5.652560764826824e-12
0.8434978031429399 5.7031342914262384e-12
0.845995054373951 5.753150018179041e-12
0.8484923056049622 5.8026246575736455e-12
0.8509895568359733 5.85157410002695e-12
0.8534868080669846 5.900013470728881e-12
0.8559840592979957 5.947957181425434e-12
0.858481310529007 5.995418977685472e-12
0.8609785617600181 6.0424119821372155e-12
0.8634758129910294 6.088948734087799e-12
0.8659730642220405 6.135041225898316e-12
0.8684703154530518 6.180700936436383e-12
0.8709675666840628 6.225938861893937e-12
0.8734648179150741 6.270765544222801e-12
0.8759620691460852 6.315191097412274e-12
0.8784593203770965 6.3592252318092e-12
0.8809565716081076 6.402877276658119e-12
0.8834538228391188 6.446156201021088e-12
0.88595107407013 6.489070633217634e-12
0.8884483253011412 6.531628878914846e-12
0.8909455765321523 6.573838937980658e-12
0.8934428277631635 6.6157085202032635e-12
0.8959400789941747 6.657245059971306e-12
0.8984373302251859 6.698455729996784e-12
0.9009345814561971 6.7393474541590816e-12
0.9034318326872083 6.779926919536321e-12
0.9059290839182195 6.820200587689435e-12
0.9084263351492307 6.8601747052535656e-12
0.9109235863802418 6.899855313889095e-12
0.913420837611253 6.939248259642336e-12
0.9159180888422642 6.978359201752862e-12
0.9184153400732754 7.017193620953923e-12
0.9209125913042866 7.055756827297724e-12
0.9234098425352978 7.094053967537813e-12
0.925907093766309 7.132090032104398e-12
0.92840434499732 7.169869861693503e-12
0.9309015962283314 7.2073981535011864e-12
0.9333988474593424 7.2446794678965226e-12
0.9358960986903537 7.281718230924867e-12
0.9383933499213648 7.318518744221098e-12
0.9408906011523761 7.355085186963095e-12
0.9433878523833872 7.39142162140604e-12
0.9458851036143985 7.427531996601313e-12
0.9483823548454096 7.463420155926826e-12
0.9508796060764209 7.499089836348917e-12
0.9533768573074319 7.534544675527325e-12
0.9558741085384432 7.569788214720191e-12
0.9583713597694543 7.604824103951168e-12
0.9608686110004656 7.63965530007558e-12
0.9633658622314767 7.674285276046507e-12
0.9658631134624879 7.708717221201589e-12
0.9683603646934991 7.74295424455983e-12
0.9708576159245103 7.776999377610529e-12
0.9733548671555214 7.810855576979534e-12
0.9758521183865326 7.844525726977643e-12
0.9783493696175438 7.878012642036363e-12
0.980846620848555 7.911319069040805e-12
0.9833438720795662 7.944447689561363e-12
0.9858411233105774 7.97740112199124e-12
0.9883383745415886 8.010181923595144e-12
0.9908356257725998 8.042792592471346e-12
0.993332877003611 8.075235569435247e-12
0.9958301282346221 8.10751323982398e-12
0.9983273794656333 8.139627935230083e-12
1.0008246306966444 8.17158193516508e-12
1.0033218819276557 8.203377468657204e-12
1.005819133158667 8.235016715786284e-12
1.008316384389678 8.266501809159939e-12
1.0108136356206892 8.297834835330703e-12
1.0133108868517005 8.329017836162222e-12
1.0158081380827118 8.360052810140768e-12
1.0183053893137228 8.390941713639144e-12
1.020802640544734 8.42168646213308e-12
1.0232998917757452 8.452288931373134e-12
1.0257971430067563 8.482750958512518e-12
1.0282943942377676 8.513074343196724e-12
1.0307916454687787 8.54326084860908e-12
1.0332888966997897 8.573312202486135e-12
1.035786147930801 8.603230098089504e-12
1.0382833991618123 8.633016195148816e-12
1.0407806503928234 8.662672120768665e-12
1.0432779016238345 8.692199470309075e-12
1.0457751528548458 8.721599808228122e-12
1.048272404085857 8.750874668902823e-12
1.0507696553168682 8.780025557419199e-12
1.0532669065478792 8.809053950335785e-12
1.0557641577788905 8.837961296423411e-12
1.0582614090099018 8.86674901737665e-12
1.060758660240913 8.895418508509806e-12
1.063255911471924 8.923971139419563e-12
1.0657531627029353 8.95240825463647e-12
1.0682504139339466 8.98073117425017e-12
1.0707476651649577 9.008941194510963e-12
1.0732449163959688 9.037039588425902e-12
1.07574216762698 9.065027606319446e-12
1.0782394188579913 9.092906476386235e-12
1.0807366700890024 9.120677405229615e-12
1.0832339213200135 9.148341578373996e-12
1.0857311725510248 9.175900160769014e-12
1.088228423782036 9.203354297275807e-12
1.0907256750130472 9.230705113137257e-12
1.0932229262440583 9.257953714441003e-12
1.0957201774750696 9.285101188556714e-12
1.0982174287060809 9.31214860457345e-12
1.100714679937092 9.339097013715356e-12
1.103211931168103 9.365947449746399e-12
1.105709182399114 9.392700929367818e-12
1.1082064336301254 9.41935845260517e-12
1.1107036848611367 9.445921000272764e-12
1.1132009360921478 9.472389545922477e-12
1.1156981873231588 9.498765038843864e-12
1.1181954385541701 9.525048415954168e-12
1.1206926897851814 9.551240599262466e-12
1.1231899410161925 9.577342496167422e-12
1.1256871922472036 9.603354999791777e-12
1.128184443478215 9.629278989281838e-12
1.1306816947092262 9.655115330099034e-12
1.1331789459402373 9.68086487432499e-12
1.1356761971712483 9.70652846092411e-12
1.1381734484022596 9.732106916024422e-12
1.140670699633271 9.757601053192559e-12
1.143167950864282 9.783011673679524e-12
1.145665202095293 9.808339566696246e-12
1.1481624533263044 9.833585509620225e-12
1.1506597045573157 9.85875026828516e-12
1.1531569557883268 9.883834597179331e-12
1.1556542070193379 9.908839239674997e-12
1.1581514582503492 9.933764928282948e-12
1.1606487094813605 9.958612384804114e-12
1.1631459607123715 9.983382320635717e-12
1.1656432119433826 1.0008075436898403e-11
1.168140463174394 1.0032692424621504e-11
1.1706377144054052 1.0057233965059044e-11
1.1731349656364163 1.0081700446085243e-11
1.1756322168674274 1.0106093096261544e-11
1.1781294680984387 1.0130412286920797e-11
1.18062671932945 1.0154658658922096e-11
1.183123970560461 1.0178832848357889e-11
1.1856212217914721 1.0202935481150119e-11
1.1881184730224832 1.0226967174612015e-11
1.1906157242534945 1.025092853759974e-11
1.1931129754845058 1.0274820170673235e-11
1.1956102267155169 1.029864266625466e-11
1.198107477946528 1.0322396608768493e-11
1.2006047291775392 1.0346082574794481e-11
1.2031019804085505 1.0369701133207304e-11
1.2055992316395616 1.0393252845323301e-11
1.2080964828705727 1.041673826501633e-11
1.210593734101584 1.044015793879066e-11
1.2130909853325953 1.0463512406420386e-11
1.2155882365636064 1.0486802199832596e-11
1.2180854877946174 1.0510027844763762e-11
1.2205827390256287 1.0533189859866232e-11
1.22307999025664 1.0556288757118726e-11
1.2255772414876511 1.0579325042011266e-11
1.2280744927186622 1.0602299213547598e-11
1.2305717439496735 1.062521176442354e-11
1.2330689951806848 1.0648063181103683e-11
1.2355662464116959 1.0670853943939471e-11
1.238063497642707 1.0693584527274108e-11
1.2405607488737183 1.071625539954207e-11
1.2430580001047296 1.0738867023365781e-11
1.2455552513357406 1.076141985565986e-11
1.2480525025667517 1.0783914347723012e-11
1.250549753797763 1.0806350945330155e-11
1.2530470050287743 1.0828730088827558e-11
1.2555442562597854 1.0851052213219614e-11
1.2580415074907965 1.0873317748258716e-11
1.2605387587218078 1.0895527118529591e-11
1.2630360099528188 1.0917680743420962e-11
1.2655332611838301 1.0939779037662884e-11
1.2680305124148412 1.0961822410723846e-11
1.2705277636458523 1.0983811267346406e-11
1.2730250148768636 1.1005746007511678e-11
1.275522266107875 1.1027627026510979e-11
1.278019517338886 1.1049454715025722e-11
1.280516768569897 1.107122945919644e-11
1.2830140198009083 1.1092951640698748e-11
1.2855112710319196 1.1114621636806047e-11
1.2880085222629307 1.1136239820466835e-11
1.2905057734939418 1.1157806560365086e-11
1.293003024724953 1.1179322220990401e-11
1.2955002759559644 1.1200787162701141e-11
1.2979975271869755 1.1222201741787897e-11
1.3004947784179866 1.1243566310536163e-11
1.3029920296489979 1.1264881217287489e-11
1.3054892808800092 1.1286146806499052e-11
1.3079865321110202 1.1307363418801601e-11
1.3104837833420313 1.1328531391059334e-11
1.3129810345730426 1.1349651056423326e-11
1.315478285804054 1.1370722744390401e-11
1.317975537035065 1.1391746780854524e-11
1.320472788266076 1.1412723488161615e-11
1.3229700394970874 1.1433653185162076e-11
1.3254672907280987 1.1454536187261727e-11
1.3279645419591097 1.1475372806472148e-11
1.3304617931901208 1.1496163351460577e-11
1.332959044421132 1.1516908127598682e-11
1.3354562956521434 1.1537607437010345e-11
1.3379535468831545 1.1558261578617097e-11
1.3404507981141656 1.1578870848186251e-11
1.3429480493451769 1.1599435538374811e-11
1.345445300576188 1.16199559387738e-11
1.3479425518071992 1.1640432335952304e-11
1.3504398030382103 1.1660865013500048e-11
1.3529370542692214 1.168125425206952e-11
1.3554343055002327 1.1701600329417551e-11
1.357931556731244 1.1721903520444069e-11
1.360428807962255 1.1742164097235142e-11
1.3629260591932661 1.1762382329099229e-11
1.3654233104242774 1.1782558482606457e-11
1.3679205616552887 1.1802692821628071e-11
1.3704178128862998 1.1822785607369932e-11
1.372915064117311 1.1842837098413544e-11
1.3754123153483222 1.1862847550747704e-11
1.3779095665793335 1.1882817217806589e-11
1.3804068178103446 1.1902746350502796e-11
1.3829040690413557 1.1922635197262454e-11
1.385401320272367 1.1942484004057866e-11
1.3878985715033783 1.1962293014440853e-11
1.3903958227343893 1.1982062469574848e-11
1.3928930739654004 1.2001792608267119e-11
1.3953903251964117 1.2021483666999325e-11
1.397887576427423 1.2041135879959074e-11
1.400384827658434 1.2060749479069566e-11
1.4028820788894452 1.2080324694018966e-11
1.4053793301204565 1.2099861752291095e-11
1.4078765813514678 1.2119360879192666e-11
1.4103738325824788 1.2138822297882133e-11
1.41287108381349 1.2158246229397827e-11
1.4153683350445012 1.2177632892684835e-11
1.4178655862755125 1.219698250462255e-11
1.4203628375065236 1.2216295280050177e-11
1.4228600887375347 1.2235571431793014e-11
1.4253573399685457 1.2254811170690054e-11
1.427854591199557 1.2274014705615418e-11
1.4303518424305683 1.2293182243507657e-11
1.4328490936615794 1.2312313989389604e-11
1.4353463448925905 1.2331410146396277e-11
1.4378435961236018 1.2350470915796226e-11
1.440340847354613 1.23694964970163e-11
1.4428380985856242 1.2388487087662882e-11
1.4453353498166353 1.2407442883546073e-11
1.4478326010476466 1.2426364078701055e-11
1.4503298522786578 1.2445250865409701e-11
1.452827103509669 1.2464103434223879e-11
1.45532435474068 1.2482921973983908e-11
1.4578216059716913 1.25017066718411e-11
1.4603188572027026 1.2520457713278886e-11
1.4628161084337137 1.253917528213156e-11
1.4653133596647248 1.2557859560604714e-11
1.467810610895736 1.2576510729295775e-11
1.4703078621267474 1.2595128967211733e-11
1.4728051133577584 1.2613714451789143e-11
1.4753023645887695 1.2632267358913803e-11
1.4777996158197808 1.2650787862936685e-11
1.480296867050792 1.2669276136694322e-11
1.4827941182818032 1.2687732351526226e-11
1.4852913695128143 1.2706156677291965e-11
1.4877886207438256 1.2724549282388958e-11
1.4902858719748369 1.2742910333769367e-11
1.492783123205848 1.2761239996957765e-11
1.495280374436859 1.2779538436066773e-11
1.4977776256678703 1.2797805813814081e-11
1.5002748768988816 1.2816042291537297e-11
1.5027721281298927 1.2834248029212866e-11
1.5052693793609038 1.2852423185467778e-11
1.507766630591915 1.2870567917598671e-11
1.5102638818229261 1.2888682381584766e-11
1.5127611330539374 1.2906766732103566e-11
1.5152583842849485 1.292482112254547e-11
1.5177556355159598 1.2942845705028965e-11
1.520252886746971 1.2960840630414215e-11
1.5227501379779822 1.2978806048318236e-11
1.5252473892089933 1.299674210712737e-11
1.5277446404400046 1.3014648954012439e-11
1.5302418916710157 1.3032526734941669e-11
1.532739142902027 1.3050375594694467e-11
1.535236394133038 1.3068195676873846e-11
1.5377336453640493 1.3085987123920623e-11
1.5402308965950604 1.3103750077125354e-11
1.5427281478260717 1.3121484676640466e-11
1.5452253990570828 1.3139191061495118e-11
1.5477226502880939 1.3156869369604825e-11
1.5502199015191052 1.3174519737784613e-11
1.5527171527501162 1.319214230176178e-11
1.5552144039811275 1.3209737196186506e-11
1.5577116552121386 1.3227304554643552e-11
1.56020890644315 1.3244844509665621e-11
1.562706157674161 1.3262357192741513e-11
1.5652034089051723 1.3279842734330475e-11
1.5677006601361834 1.3297301263871056e-11
1.5701979113671947 1.3314732909792874e-11
1.5726951625982057 1.3332137799527718e-11
1.575192413829217 1.3349516059518276e-11
1.5776896650602281 1.336686781523198e-11
1.5801869162912394 1.3384193191167282e-11
1.5826841675222505 1.340149231086702e-11
1.5851814187532618 1.3418765296927386e-11
1.5876786699842729 1.3436012271007086e-11
1.5901759212152842 1.3453233353837517e-11
1.5926731724462952 1.3470428665233983e-11
1.5951704236773065 1.3487598324102565e-11
1.5976676749083176 1.3504742448451453e-11
1.600164926139329 1.352186115539883e-11
1.60266217737034 1.3538954561183884e-11
1.6051594286013513 1.3556022781174655e-11
1.6076566798323624 1.357306592987602e-11
1.6101539310633737 1.3590084120940583e-11
1.6126511822943848 1.3607077467175444e-11
1.615148433525396 1.3624046080552906e-11
1.6176456847564071 1.3640990072216002e-11
1.6201429359874184 1.3657909552489749e-11
1.6226401872184295 1.3674804630888376e-11
1.6251374384494406 1.3691675416121982e-11
1.6276346896804519 1.3708522016107291e-11
1.630131940911463 1.3725344537973128e-11
1.6326291921424743 1.3742143088070069e-11
1.6351264433734853 1.3758917771977166e-11
1.6376236946044966 1.377566869450977e-11
1.6401209458355077 1.3792395959727652e-11
1.642618197066519 1.3809099670941204e-11
1.64511544829753 1.3825779930720426e-11
1.6476126995285414 1.3842436840900842e-11
1.6501099507595525 1.3859070502591506e-11
1.6526072019905638 1.387568101618187e-11
1.6551044532215748 1.3892268481348453e-11
1.6576017044525861 1.390883299706227e-11
1.6600989556835972 1.3925374661595406e-11
1.6625962069146085 1.394189357252774e-11
1.6650934581456196 1.3958389826754301e-11
1.667590709376631 1.397486352048993e-11
1.670087960607642 1.3991314749278782e-11
1.6725852118386533 1.4007743607997657e-11
1.6750824630696644 1.4024150190864802e-11
1.6775797143006757 1.4040534591444496e-11
1.6800769655316867 1.40568969026547e-11
1.682574216762698 1.4073237216771748e-11
1.685071467993709 1.4089555625437299e-11
1.6875687192247204 1.410585221966437e-11
1.6900659704557315 1.4122127089842405e-11
1.6925632216867428 1.4138380325744217e-11
1.6950604729177539 1.415461201653167e-11
1.6975577241487652 1.4170822250759849e-11
1.7000549753797762 1.4187011116384275e-11
1.7025522266107873 1.4203178700766614e-11
1.7050494778417986 1.4219325090678985e-11
1.7075467290728097 1.4235450372310079e-11
1.710043980303821 1.4251554631270208e-11
1.712541231534832 1.426700175971162e-11
1.7150384827658434 1.42830643483607e-11
1.7175357339968544 1.4299106164605296e-11
1.7200329852278657 1.431512729183236e-11
1.7225302364588768 1.4331127812876679e-11
1.7250274876898881 1.4347107810024638e-11
1.7275247389208992 1.4363067365020837e-11
1.7300219901519105 1.4379006559072337e-11
1.7325192413829216 1.4394925472852086e-11
1.7350164926139329 1.4410824186505456e-11
1.737513743844944 1.4426702779654695e-11
1.7400109950759552 1.4442561331403667e-11
1.7425082463069663 1.44583999203416e-11
1.7450054975379776 1.4474218624548493e-11
1.7475027487689887 1.4490017521599129e-11
1.75 1.450579668856832e-11
