0.5038716357254187 nan
0.5063688869564299 5.1650271651466376e-17
0.5088661381874411 1.058187461345325e-16
0.5113633894184523 1.6269197605350653e-16
0.5138606406494635 2.2247153748103407e-16
0.5163578918804747 2.853752864389121e-16
0.5188551431114858 3.5163872167960434e-16
0.521352394342497 4.215164627297052e-16
0.5238496455735082 4.952838528980551e-16
0.5263468968045194 5.732386977513591e-16
0.5288441480355306 6.557031504232937e-16
0.5313413992665418 7.430257560532584e-16
0.533838650497553 8.355836686551635e-16
0.5363359017285642 9.337850547965301e-16
0.5388331529595753 1.0380716996320329e-15
0.5413304041905864 1.1489218320876938e-15
0.5438276554215977 1.266853187338317e-15
0.5463249066526088 1.39242632616661e-15
0.54882215788362 1.5262482323470924e-15
0.5513194091146312 1.6689762108628898e-15
0.5538166603456424 1.821322111550785e-15
0.5563139115766536 1.9840569046823382e-15
0.5588111628076647 2.1580156370359817e-15
0.5613084140386759 2.34410279920101e-15
0.5638056652696871 2.5432981371899635e-15
0.5663029165006983 2.7566629439229425e-15
0.5688001677317095 2.985346868796467e-15
0.5712974189627207 3.2305952863638215e-15
0.5737946701937319 3.493757268140119e-15
0.5762919214247431 3.7762942047059384e-15
0.5787891726557542 4.0797891286252964e-15
0.5812864238867654 4.405956792213369e-15
0.5837836751177766 4.7566545578914865e-15
0.5862809263487878 5.133894162745804e-15
0.588778177579799 5.539854422958371e-15
0.5912754288108102 5.9768949479934075e-15
0.5937726800418214 6.4475709387886605e-15
0.5962699312728326 6.954649148697695e-15
0.5987671825038438 7.501125090533872e-15
0.6012644337348549 8.090241577745444e-15
0.6037616849658661 8.725508692462964e-15
0.6062589361968773 9.410725277851815e-15
0.6087561874278885 1.015000205681078e-14
0.6112534386588997 1.0956933375682247e-14
0.6137506898899109 1.1818243473446082e-14
0.6162479411209221 1.2748074847587022e-14
0.6187451923519331 1.3752053267826792e-14
0.6212424435829444 1.4836260236055958e-14
0.6237396948139555 1.6007268228479058e-14
0.6262369460449668 1.7279525298349804e-14
0.6287341972759779 1.8638486151802313e-14
0.6312314485069892 2.0114802663508963e-14
0.6337286997380003 2.1709910484866616e-14
0.6362259509690115 2.343345494571941e-14
0.6387232022000227 2.529583910958783e-14
0.6412204534310338 2.7308278443089713e-14
0.643717704662045 2.948285860962725e-14
0.6462149558930562 3.1832596416485257e-14
0.6487122071240674 3.4380157341395225e-14
0.6512094583550786 3.712329438610903e-14
0.6537067095860898 4.00780822295354e-14
0.656203960817101 4.327953028778797e-14
0.6587012120481122 4.673753438032059e-14
0.6611984632791233 5.04721472433232e-14
0.6636957145101345 5.4504860080103174e-14
0.6661929657411457 5.885868314135246e-14
0.6686902169721569 6.355822656008799e-14
0.6711874682031681 6.862978038686895e-14
0.6736847194341793 7.407158827532118e-14
0.6761819706651905 7.997311516899452e-14
0.6786792218962017 8.63364026339844e-14
0.6811764731272129 9.319519361901895e-14
0.683673724358224 1.0058523920998125e-13
0.6861709755892352 1.0859202830809282e-13
0.6886682268202464 1.171522672694389e-13
0.6911654780512576 1.2637086481255007e-13
0.6936627292822688 1.362840464233475e-13
0.6961599805132799 1.469375821678156e-13
0.6986572317442912 1.5837899696232378e-13
0.7011544829753023 1.706573576038863e-13
0.7036517342063136 1.8382297426779586e-13
0.7061489854373246 1.97926994549106e-13
0.7086462366683359 2.1302086231935818e-13
0.711143487899347 2.2915560601609463e-13
0.7136407391303583 2.4638966264762244e-13
0.7161379903613694 2.6475276659353276e-13
0.7186352415923806 2.842966016512854e-13
0.7211324928233918 3.0506447538307244e-13
0.723629744054403 3.270718024084445e-13
0.7261269952854141 3.503408517653049e-13
0.7286242465164253 3.7487076652098956e-13
0.7311214977474365 4.006376995386022e-13
0.7336187489784477 4.2758623075524047e-13
0.7361160002094589 4.556170466295154e-13
0.7386132514404701 4.845683084341156e-13
0.7411105026714813 5.141851446981462e-13
0.7436077539024925 5.44055674720687e-13
0.7461050051335036 5.73446264451057e-13
0.7486022563645148 6.008268586400535e-13
0.751099507595526 6.249429514879507e-13
0.7535967588265372 6.472661773134868e-13
0.7560940100575484 6.682843614207134e-13
0.7585912612885596 6.882724484593276e-13
0.7610885125195708 7.074233807340523e-13
0.763585763750582 7.258267267232393e-13
0.7660830149815931 7.435836308593838e-13
0.7685802662126042 7.607727499054076e-13
0.7710775174436155 7.774367744528803e-13
0.7735747686746266 7.93630593412861e-13
0.7760720199056379 8.093941287815444e-13
0.778569271136649 8.247614294317267e-13
0.7810665223676603 8.397465504661814e-13
0.7835637735986714 8.544058277755822e-13
0.7860610248296827 8.68746453576833e-13
0.7885582760606937 8.827685312553306e-13
0.791055527291705 8.965344686417844e-13
0.7935527785227161 9.100339700389645e-13
0.7960500297537274 9.232822562907956e-13
0.7985472809847385 9.36300876991282e-13
0.8010445322157498 9.490695424653025e-13
0.8035417834467609 9.616435385993872e-13
0.806039034677772 9.74011467070905e-13
0.8085362859087832 9.861835384452766e-13
0.8110335371397944 9.98168698108764e-13
0.8135307883708056 1.0099750594401594e-12
0.8160280396018168 1.0216092429880038e-12
0.818525290832828 1.0330792467666431e-12
0.8210225420638392 1.0443913603989147e-12
0.8235197932948504 1.0555515598808457e-12
0.8260170445258616 1.0665654447613858e-12
0.8285142957568727 1.0774382716018557e-12
0.8310115469878839 1.088174983608968e-12
0.8335087982188951 1.0987802369731803e-12
0.8360060494499063 1.1092584243577184e-12
0.8385033006809175 1.1196136959131113e-12
0.8410005519119287 1.1298499781343423e-12
0.8434978031429399 1.1399709908301387e-12
0.845995054373951 1.1499802624344119e-12
0.8484923056049622 1.1598811438570677e-12
0.8509895568359733 1.1696768210438347e-12
0.8534868080669846 1.1793703263917021e-12
0.8559840592979957 1.1889645491469587e-12
0.858481310529007 1.1984622448963645e-12
0.8609785617600181 1.2078660442478114e-12
0.8634758129910294 1.217178460784868e-12
0.8659730642220405 1.2264018983692385e-12
0.8684703154530518 1.2355386578563295e-12
0.8709675666840628 1.2445909432814268e-12
0.8734648179150741 1.2535608675674145e-12
0.8759620691460852 1.2624504577991417e-12
0.8784593203770965 1.2712616601045913e-12
0.8809565716081076 1.2799963441786239e-12
0.8834538228391188 1.288656307481218e-12
0.88595107407013 1.2972432791387993e-12
0.8884483253011412 1.3057589235742796e-12
0.8909455765321523 1.3142048438888409e-12
0.8934428277631635 1.322582585016186e-12
0.8959400789941747 1.330893636667933e-12
0.8984373302251859 1.339139436087058e-12
0.9009345814561971 1.347321370624645e-12
0.9034318326872083 1.3554407801537916e-12
0.9059290839182195 1.3634989593332305e-12
0.9084263351492307 1.3714971597321163e-12
0.9109235863802418 1.3794365918263413e-12
0.913420837611253 1.3873184268758914e-12
0.9159180888422642 1.395143798691895e-12
0.9184153400732754 1.402913805301279e-12
0.9209125913042866 1.410629510516273e-12
0.9234098425352978 1.4182919454154158e-12
0.925907093766309 1.4259021097421534e-12
0.92840434499732 1.4334609732266227e-12
0.9309015962283314 1.4409694768358007e-12
0.9333988474593424 1.4484285339567134e-12
0.9358960986903537 1.4558390315171398e-12
0.9383933499213648 1.4632018310477987e-12
0.9408906011523761 1.4705177696897761e-12
0.9433878523833872 1.4777876611506279e-12
0.9458851036143985 1.4850122966123685e-12
0.9483823548454096 1.4921924455942732e-12
0.9508796060764209 1.4993288567732893e-12
0.9533768573074319 1.506422258764536e-12
0.9558741085384432 1.5134733608643325e-12
0.9583713597694543 1.5204828537578919e-12
0.9608686110004656 1.527451410193783e-12
0.9633658622314767 1.534379685627021e-12
0.9658631134624879 1.5412683188326163e-12
0.9683603646934991 1.5481179324911876e-12
0.9708576159245103 1.5549291337482434e-12
0.9733548671555214 1.561702514748533e-12
0.9758521183865326 1.5684386531468592e-12
0.9783493696175438 1.5751381125965986e-12
0.980846620848555 1.5818014432171238e-12
0.9833438720795662 1.5884291820412415e-12
0.9858411233105774 1.595021853443677e-12
0.9883383745415886 1.6015799695516169e-12
0.9908356257725998 1.6081040306381888e-12
0.993332877003611 1.6145945254997662e-12
0.9958301282346221 1.6210519318179055e-12
0.9983273794656333 1.627476716506686e-12
1.0008246306966444 1.6338693360461493e-12
1.0033218819276557 1.6402302368025552e-12
1.005819133158667 1.6465598553360368e-12
1.008316384389678 1.652858618696325e-12
1.0108136356206892 1.659126944707044e-12
1.0133108868517005 1.6653652422391595e-12
1.0158081380827118 1.671573911474069e-12
1.0183053893137228 1.6777533441568173e-12
1.020802640544734 1.6839039238398697e-12
1.0232998917757452 1.6900260261179166e-12
1.0257971430067563 1.6961200188540582e-12
1.0282943942377676 1.7021862623978015e-12
1.0307916454687787 1.7082251097951924e-12
1.0332888966997897 1.714236906991469e-12
1.035786147930801 1.7202219930265205e-12
1.0382833991618123 1.7261807002234957e-12
1.0407806503928234 1.7321133543708281e-12
1.0432779016238345 1.7380202748979836e-12
1.0457751528548458 1.743901775045167e-12
1.048272404085857 1.7497581620272666e-12
1.0507696553168682 1.7555897371922525e-12
1.0532669065478792 1.7613967961742763e-12
1.0557641577788905 1.7671796290416737e-12
1.0582614090099018 1.772938520440093e-12
1.060758660240913 1.7786737497309166e-12
1.063255911471924 1.7843855911252028e-12
1.0657531627029353 1.7900743138132893e-12
1.0682504139339466 1.7957401820902565e-12
1.0707476651649577 1.8013834554773837e-12
1.0732449163959688 1.807004388839788e-12
1.07574216762698 1.8126032325003667e-12
1.0782394188579913 1.8181802323501835e-12
1.0807366700890024 1.823751512955745e-12
1.0832339213200135 1.829285590427569e-12
1.0857311725510248 1.8347985360071036e-12
1.088228423782036 1.8402905788990624e-12
1.0907256750130472 1.8457619443795306e-12
1.0932229262440583 1.8512128538876343e-12
1.0957201774750696 1.8566435251146292e-12
1.0982174287060809 1.8620541720902445e-12
1.100714679937092 1.867445005266504e-12
1.103211931168103 1.8728162315992452e-12
1.105709182399114 1.8781680546271073e-12
1.1082064336301254 1.8835006745483087e-12
1.1107036848611367 1.8888142882953583e-12
1.1132009360921478 1.894109089607423e-12
1.1156981873231588 1.8993852691008586e-12
1.1181954385541701 1.904643014337623e-12
1.1206926897851814 1.9098825098918335e-12
1.1231899410161925 1.915103937414626e-12
1.1256871922472036 1.9203074756969405e-12
1.128184443478215 1.92549330073084e-12
1.1306816947092262 1.930661585768987e-12
1.1331789459402373 1.935812501382731e-12
1.1356761971712483 1.9409462155185238e-12
1.1381734484022596 1.946062893552539e-12
1.140670699633271 1.9511626983447226e-12
1.143167950864282 1.956245790289735e-12
1.145665202095293 1.961312327369119e-12
1.1481624533263044 1.9663624651992712e-12
1.1506597045573157 1.971396357080118e-12
1.1531569557883268 1.9764141540414135e-12
1.1556542070193379 1.981416004318864e-12
1.1581514582503492 1.986402056252655e-12
1.1606487094813605 1.991372452622996e-12
1.1631459607123715 1.9963273363941305e-12
1.1656432119433826 2.001266847910415e-12
1.168140463174394 2.0061911255034616e-12
1.1706377144054052 2.0111003055312073e-12
1.1731349656364163 2.0159945224167416e-12
1.1756322168674274 2.0208739086846612e-12
1.1781294680984387 2.0257385949982236e-12
1.18062671932945 2.030588710194665e-12
1.183123970560461 2.035424381319645e-12
1.1856212217914721 2.040245733661316e-12
1.1881184730224832 2.0450528907831224e-12
1.1906157242534945 2.0498459745560862e-12
1.1931129754845058 2.054625105190275e-12
1.1956102267155169 2.0593904012653723e-12
1.198107477946528 2.064141979760812e-12
1.2006047291775392 2.0688799560851408e-12
1.2031019804085505 2.0736044441044008e-12
1.2055992316395616 2.0783155561702195e-12
1.2080964828705727 2.083013403147159e-12
1.210593734101584 2.0876980944393985e-12
1.2130909853325953 2.0923697380167005e-12
1.2155882365636064 2.097028440440124e-12
1.2180854877946174 2.1016743068867406e-12
1.2205827390256287 2.106307441174147e-12
1.22307999025664 2.1109279457842173e-12
1.2255772414876511 2.115535921886462e-12
1.2280744927186622 2.120131469360787e-12
1.2305717439496735 2.1247146868197425e-12
1.2330689951806848 2.129285671630409e-12
1.2355662464116959 2.1338445199356387e-12
1.238063497642707 2.1383913266749928e-12
1.2405607488737183 2.1429261856051367e-12
1.2430580001047296 2.147449189319792e-12
1.2455552513357406 2.1519604292693254e-12
1.2480525025667517 2.1564599957798625e-12
1.250549753797763 2.160947978072077e-12
1.2530470050287743 2.165424464279458e-12
1.2555442562597854 2.1698895414663192e-12
1.2580415074907965 2.1743432956453696e-12
1.2605387587218078 2.178687174794924e-12
1.2630360099528188 2.1831190566051434e-12
1.2655332611838301 2.1875398570584143e-12
1.2680305124148412 2.1919496584148175e-12
1.2705277636458523 2.1963485419556572e-12
1.2730250148768636 2.2007365879977158e-12
1.275522266107875 2.2051138759108724e-12
1.278019517338886 2.209480484132227e-12
1.280516768569897 2.213836490181771e-12
1.2830140198009083 2.218181970675902e-12
1.2855112710319196 2.2225170013437803e-12
1.2880085222629307 2.2268416570395728e-12
1.2905057734939418 2.231156011757237e-12
1.293003024724953 2.2354601386440323e-12
1.2955002759559644 2.23975411001304e-12
1.2979975271869755 2.2440379973574187e-12
1.3004947784179866 2.248311871361666e-12
1.3029920296489979 2.2525758019152916e-12
1.3054892808800092 2.256829858124398e-12
1.3079865321110202 2.261074108323848e-12
1.3104837833420313 2.26530862008899e-12
1.3129810345730426 2.2695334602474243e-12
1.315478285804054 2.2737486948899344e-12
1.317975537035065 2.2779543893813477e-12
1.320472788266076 2.2821506083724203e-12
1.3229700394970874 2.286337415809575e-12
1.3254672907280987 2.290514874945293e-12
1.3279645419591097 2.294683048349375e-12
1.3304617931901208 2.298841997917499e-12
1.332959044421132 2.3029917848830024e-12
1.3354562956521434 2.307132469824383e-12
1.3379535468831545 2.3112641126768575e-12
1.3404507981141656 2.31538677274025e-12
1.3429480493451769 2.3195005086887486e-12
1.345445300576188 2.3236053785801934e-12
1.3479425518071992 2.3277014398639666e-12
1.3504398030382103 2.3317887493907647e-12
1.3529370542692214 2.3358673634203127e-12
1.3554343055002327 2.3399373376301322e-12
1.357931556731244 2.3439987271232743e-12
1.360428807962255 2.3480515864373185e-12
1.3629260591932661 2.3520959695513748e-12
1.3654233104242774 2.356131929893993e-12
1.3679205616552887 2.3601595203515875e-12
1.3704178128862998 2.364178793274514e-12
1.372915064117311 2.368189800486055e-12
1.3754123153483222 2.3721925932886233e-12
1.3779095665793335 2.3761872224708696e-12
1.3804068178103446 2.380173738315412e-12
1.3829040690413557 2.3841521906049163e-12
1.385401320272367 2.388122628629509e-12
1.3878985715033783 2.3920851011928338e-12
1.3903958227343893 2.396039656618955e-12
1.3928930739654004 2.3999863427586142e-12
1.3953903251964117 2.4039252069958177e-12
1.397887576427423 2.4078562962537415e-12
1.400384827658434 2.4117796570005166e-12
1.4028820788894452 2.4156953352562007e-12
1.4053793301204565 2.4196033765978062e-12
1.4078765813514678 2.4235038261653797e-12
1.4103738325824788 2.427396728667569e-12
1.41287108381349 2.4312821283877967e-12
1.4153683350445012 2.435160069188878e-12
1.4178655862755125 2.4390305945193225e-12
1.4203628375065236 2.4428937474179537e-12
1.4228600887375347 2.446749570519498e-12
1.4253573399685457 2.450598106060075e-12
1.427854591199557 2.454439395881591e-12
1.4303518424305683 2.4582734814369416e-12
1.4328490936615794 2.462100403795586e-12
1.4353463448925905 2.465920203647438e-12
1.4378435961236018 2.469732921308197e-12
1.440340847354613 2.4735385967239298e-12
1.4428380985856242 2.4773372694755855e-12
1.4453353498166353 2.4811289787837024e-12
1.4478326010476466 2.484913763512759e-12
1.4503298522786578 2.488691662175503e-12
1.452827103509669 2.4924627129375616e-12
1.45532435474068 2.496226953621289e-12
1.4578216059716913 2.49998442171046e-12
1.4603188572027026 2.503735154353984e-12
1.4628161084337137 2.507479188370242e-12
1.4653133596647248 2.5112165602508227e-12
1.467810610895736 2.5149473061647557e-12
1.4703078621267474 2.518671461962313e-12
1.4728051133577584 2.5223890631787574e-12
1.4753023645887695 2.526100145038148e-12
1.4777996158197808 2.529804742457047e-12
1.480296867050792 2.533502890048192e-12
1.4827941182818032 2.5371946221241776e-12
1.4852913695128143 2.5408799727008155e-12
1.4877886207438256 2.5445589755006406e-12
1.4902858719748369 2.5482316639568017e-12
1.492783123205848 2.551898071215734e-12
1.495280374436859 2.555558230141148e-12
1.4977776256678703 2.5592121733167775e-12
1.5002748768988816 2.5628599330501304e-12
1.5027721281298927 2.566501541375258e-12
1.5052693793609038 2.57013703005623e-12
1.507766630591915 2.5737664305900787e-12
1.5102638818229261 2.5773897742097106e-12
1.5127611330539374 2.581007091887352e-12
1.5152583842849485 2.584618414337076e-12
1.5177556355159598 2.5882237720179935e-12
1.520252886746971 2.591823195137091e-12
1.5227501379779822 2.5954167136520614e-12
1.5252473892089933 2.5990043572739196e-12
1.5277446404400046 2.6025861554701364e-12
1.5302418916710157 2.6061621374672734e-12
1.532739142902027 2.6097323322531794e-12
1.535236394133038 2.613296768580504e-12
1.5377336453640493 2.6168554749685332e-12
1.5402308965950604 2.620408479706206e-12
1.5427281478260717 2.6239558108544474e-12
1.5452253990570828 2.62749749624888e-12
1.5477226502880939 2.6310335635020215e-12
1.5502199015191052 2.6345640400059933e-12
1.5527171527501162 2.6380889529347495e-12
1.5552144039811275 2.6416083292464382e-12
1.5577116552121386 2.6451221956859813e-12
1.56020890644315 2.648630578787061e-12
1.562706157674161 2.6521335048744586e-12
1.5652034089051723 2.6556310000665636e-12
1.5677006601361834 2.6591230902772184e-12
1.5701979113671947 2.6626098012182007e-12
1.5726951625982057 2.6660911584013425e-12
1.575192413829217 2.6695671871401763e-12
1.5776896650602281 2.673037912552838e-12
1.5801869162912394 2.6765033595636357e-12
1.5826841675222505 2.6799635529050808e-12
1.5851814187532618 2.683418517120006e-12
1.5876786699842729 2.6868682765634708e-12
1.5901759212152842 2.690312855405083e-12
1.5926731724462952 2.6937522776303007e-12
1.5951704236773065 2.6971865670430627e-12
1.5976676749083176 2.700615747266894e-12
1.600164926139329 2.704039841747415e-12
1.60266217737034 2.7074588737538936e-12
1.6051594286013513 2.710872866381189e-12
1.6076566798323624 2.714281842551214e-12
1.6101539310633737 2.717685825015189e-12
1.6126511822943848 2.7210848363549384e-12
1.615148433525396 2.724478898984999e-12
1.6176456847564071 2.727868035153879e-12
1.6201429359874184 2.731252266946287e-12
1.6226401872184295 2.7346316162841624e-12
1.6251374384494406 2.7380061049288778e-12
1.6276346896804519 2.7413757544824677e-12
1.630131940911463 2.744740586389302e-12
1.6326291921424743 2.748100621938013e-12
1.6351264433734853 2.7514558822624484e-12
1.6376236946044966 2.754806388343511e-12
1.6401209458355077 2.7581521610108672e-12
1.642618197066519 2.761493220944166e-12
1.64511544829753 2.764829588674497e-12
1.6476126995285414 2.7681612845860076e-12
1.6501099507595525 2.7714883289174573e-12
1.6526072019905638 2.7748107417630566e-12
1.6551044532215748 2.7781285430747546e-12
1.6576017044525861 2.7814417526628302e-12
1.6600989556835972 2.784750390197712e-12
1.6625962069146085 2.7880544752112455e-12
1.6650934581456196 2.7913540270977928e-12
1.667590709376631 2.794649065115988e-12
1.670087960607642 2.7979396083898262e-12
1.6725852118386533 2.801225675909662e-12
1.6750824630696644 2.80450728653399e-12
1.6775797143006757 2.807784458990446e-12
1.6800769655316867 2.811057211876978e-12
1.682574216762698 2.8143255636632692e-12
1.685071467993709 2.817589532691873e-12
1.6875687192247204 2.820849137179324e-12
1.6900659704557315 2.824104395217372e-12
1.6925632216867428 2.8273553247743052e-12
1.6950604729177539 2.8306019436958514e-12
1.6975577241487652 2.833844269706514e-12
1.7000549753797762 2.837082320410627e-12
1.7025522266107873 2.8403161132934435e-12
1.7050494778417986 2.843545665722381e-12
1.7075467290728097 2.846770994947871e-12
1.710043980303821 2.849992118104728e-12
1.712541231534832 2.853209052212906e-12
1.7150384827658434 2.8564218141787577e-12
1.7175357339968544 2.859630420796212e-12
1.7200329852278657 2.8628348887473292e-12
1.7225302364588768 2.8660352346037465e-12
1.7250274876898881 2.8692314748275873e-12
1.7275247389208992 2.8724236257723965e-12
1.7300219901519105 2.875611703683959e-12
1.7325192413829216 2.8787957247017474e-12
1.7350164926139329 2.8819757048593486e-12
1.737513743844944 2.885151660085818e-12
1.7400109950759552 2.8883236062062687e-12
1.7425082463069663 2.8914915589431197e-12
1.7450054975379776 2.8946555339168018e-12
1.7475027487689887 2.8978155466468123e-12
1.75 2.9009716125525684e-12
