0.5038716357254187 nan
0.5063688869564299 5.251969260076611e-16
0.5088661381874411 1.0759996430621734e-15
0.5113633894184523 1.6543050511599128e-15
0.5138606406494635 2.262162808221104e-15
0.5163578918804747 2.912889340117875e-15
0.5188551431114858 3.588886511345658e-15
0.521352394342497 4.31260397826164e-15
0.5238496455735082 5.066454240347289e-15
0.5263468968045194 5.862877815775586e-15
0.5288441480355306 6.716209302872856e-15
0.5313413992665418 7.608971856733197e-15
0.533838650497553 8.554960918740496e-15
0.5363359017285642 9.56847012046849e-15
0.5388331529595753 1.0634477203011271e-14
0.5413304041905864 1.1767214757541035e-14
0.5438276554215977 1.2971947094856916e-14
0.5463249066526088 1.4254373933265533e-14
0.54882215788362 1.5654453230910768e-14
0.5513194091146312 1.7113147898451003e-14
0.5538166603456424 1.8669627488039807e-14
0.5563139115766536 2.0331730901771237e-14
0.5588111628076647 2.2107948456567587e-14
0.5613084140386759 2.40074764346325e-14
0.5638056652696871 2.6040276147545454e-14
0.5663029165006983 2.8217137872631357e-14
0.5688001677317095 3.0549750052222346e-14
0.5712974189627207 3.3050774167204983e-14
0.5737946701937319 3.5733925736177306e-14
0.5762919214247431 3.8614061912222904e-14
0.5787891726557542 4.1707276193528745e-14
0.5812864238867654 4.5031000791529516e-14
0.5837836751177766 4.8604117241710805e-14
0.5862809263487878 5.244707587898872e-14
0.588778177579799 5.658174627492566e-14
0.5912754288108102 6.103263472758168e-14
0.5937726800418214 6.582546682916222e-14
0.5962699312728326 7.098836379013417e-14
0.5987671825038438 7.655177062755724e-14
0.6012644337348549 8.254864426230871e-14
0.6037616849658661 8.901465604192177e-14
0.6062589361968773 9.59884096651807e-14
0.6087561874278885 1.0351167552598562e-13
0.6112534386588997 1.1162964253845848e-13
0.6137506898899109 1.203911885410259e-13
0.6162479411209221 1.2985110817023888e-13
0.6187451923519331 1.400628978460032e-13
0.6212424435829444 1.5109006602648663e-13
0.6237396948139555 1.629993650091717e-13
0.6262369460449668 1.7586290749071034e-13
0.6287341972759779 1.8975857288991292e-13
0.6312314485069892 2.0477044037390603e-13
0.6337286997380003 2.2098924963640797e-13
0.6362259509690115 2.385128903760186e-13
0.6387232022000227 2.5744692128411033e-13
0.6412204534310338 2.779051191657714e-13
0.643717704662045 3.000100585748606e-13
0.6462149558930562 3.2388750940524003e-13
0.6487122071240674 3.496912049302501e-13
0.6512094583550786 3.7756831802259105e-13
0.6537067095860898 4.0768300311720353e-13
0.656203960817101 4.4021155313458087e-13
0.6587012120481122 4.75343145759329e-13
0.6611984632791233 5.132806081957247e-13
0.6636957145101345 5.542411947983335e-13
0.6661929657411457 5.984573703078284e-13
0.6686902169721569 6.461775894043327e-13
0.6711874682031681 6.976670608481704e-13
0.6736847194341793 7.532084815234921e-13
0.6761819706651905 8.130922054247658e-13
0.6786792218962017 8.769966756697048e-13
0.6811764731272129 9.472347559190457e-13
0.683673724358224 1.0221816689755395e-12
0.6861709755892352 1.1028770908096968e-12
0.6886682268202464 1.1897194358140979e-12
0.6911654780512576 1.2831266901148479e-12
0.6936627292822688 1.3835357400681817e-12
0.6961599805132799 1.491401241282593e-12
0.6986572317442912 1.6071939124979112e-12
0.7011544829753023 1.7313981896467256e-12
0.7036517342063136 1.864508601949291e-12
0.7061489854373246 2.007025788751042e-12
0.7086462366683359 2.1594502659019364e-12
0.711143487899347 2.322275396845806e-12
0.7136407391303583 2.4959769632604305e-12
0.7161379903613694 2.68100109836165e-12
0.7186352415923806 2.8777481358630896e-12
0.7211324928233918 3.0865520158232397e-12
0.723629744054403 3.3076537266148307e-12
0.7261269952854141 3.5411667830856732e-12
0.7286242465164253 3.787031802244702e-12
0.7311214977474365 4.044955662541481e-12
0.7336187489784477 4.314327917742902e-12
0.7361160002094589 4.5941016954044436e-12
0.7386132514404701 4.8826146624930225e-12
0.7411105026714813 5.17729716033173e-12
0.7436077539024925 5.474128195393943e-12
0.7461050051335036 5.76633815533144e-12
0.7486022563645148 6.0375799826500884e-12
0.751099507595526 6.27719790752827e-12
0.7535967588265372 6.499198640248553e-12
0.7560940100575484 6.708475021769263e-12
0.7585912612885596 6.907603447963671e-12
0.7610885125195708 7.098249707916013e-12
0.763585763750582 7.281599371663135e-12
0.7660830149815931 7.458546871235824e-12
0.7685802662126042 7.629794293971535e-12
0.7710775174436155 7.795909002051596e-12
0.7735747686746266 7.957359822844223e-12
0.7760720199056379 8.114541087520012e-12
0.778569271136649 8.267789297291035e-12
0.7810665223676603 8.4173950880084e-12
0.7835637735986714 8.563612056801486e-12
0.7860610248296827 8.706663433897507e-12
0.7885582760606937 8.846747225067001e-12
0.791055527291705 8.984040244115712e-12
0.7935527785227161 9.118701322502797e-12
0.7960500297537274 9.250873897672646e-12
0.7985472809847385 9.380688124713278e-12
0.8010445322157498 9.50826261710491e-12
0.8035417834467609 9.633705895044166e-12
0.806039034677772 9.757117600713127e-12
0.8085362859087832 9.878589525774685e-12
0.8110335371397944 9.9982064861908e-12
0.8135307883708056 1.0116047072210212e-11
0.8160280396018168 1.0232184292961054e-11
0.818525290832828 1.0346686138565747e-11
0.8210225420638392 1.0459616066378165e-11
0.8235197932948504 1.057103342807091e-11
0.8260170445258616 1.068099384468652e-11
0.8285142957568727 1.0789549537600037e-11
0.8310115469878839 1.0896749621697106e-11
0.8335087982188951 1.1002640366004872e-11
0.8360060494499063 1.1107265426172591e-11
0.8385033006809175 1.1210666052500928e-11
0.8410005519119287 1.131288127664444e-11
0.8434978031429399 1.1413948079653881e-11
0.845995054373951 1.1513901543625652e-11
0.8484923056049622 1.161277498890561e-11
0.8509895568359733 1.171060009852422e-11
0.8534868080669846 1.1807407031309854e-11
0.8559840592979957 1.1903224524937314e-11
0.858481310529007 1.1998079989998692e-11
0.8609785617600181 1.209199959605696e-11
0.8634758129910294 1.218500835050717e-11
0.8659730642220405 1.2277130170984882e-11
0.8684703154530518 1.236838795196232e-11
0.8709675666840628 1.2458803626100932e-11
0.8734648179150741 1.2548398220867879e-11
0.8759620691460852 1.2637191910857221e-11
0.8784593203770965 1.2725204066216808e-11
0.8809565716081076 1.2812453297534811e-11
0.8834538228391188 1.2898957497498318e-11
0.88595107407013 1.2984733879612004e-11
0.8884483253011412 1.3069799014317364e-11
0.8909455765321523 1.3154168862200695e-11
0.8934428277631635 1.3237858805841882e-11
0.8959400789941747 1.332088367870087e-11
0.8984373302251859 1.3403257792543365e-11
0.9009345814561971 1.3484994963028084e-11
0.9034318326872083 1.3566108533676864e-11
0.9059290839182195 1.3646611398356053e-11
0.9084263351492307 1.3726516022380077e-11
0.9109235863802418 1.3805834462339056e-11
0.913420837611253 1.3884578384749363e-11
0.9159180888422642 1.396275908360742e-11
0.9184153400732754 1.4040387496926765e-11
0.9209125913042866 1.4117474222333878e-11
0.9234098425352978 1.4194029531782888e-11
0.925907093766309 1.427006338545482e-11
0.92840434499732 1.4345585444891103e-11
0.9309015962283314 1.442060508541939e-11
0.9333988474593424 1.44951314079127e-11
0.9358960986903537 1.4569173249818276e-11
0.9383933499213648 1.464273919615934e-11
0.9408906011523761 1.4715837588885038e-11
0.9433878523833872 1.4788476536817564e-11
0.9458851036143985 1.48606639245689e-11
0.9483823548454096 1.4932407421119566e-11
0.9508796060764209 1.5003714487975575e-11
0.9533768573074319 1.5074592386929167e-11
0.9558741085384432 1.5145048187448218e-11
0.9583713597694543 1.5215088773712913e-11
0.9608686110004656 1.5284720851324705e-11
0.9633658622314767 1.535395095370038e-11
0.9658631134624879 1.542278544817645e-11
0.9683603646934991 1.5491230541831447e-11
0.9708576159245103 1.5559292287052175e-11
0.9733548671555214 1.562697658684631e-11
0.9758521183865326 1.5694289199925328e-11
0.9783493696175438 1.5761235745564325e-11
0.980846620848555 1.582782170825163e-11
0.9833438720795662 1.5894052442141808e-11
0.9858411233105774 1.5959933175317175e-11
0.9883383745415886 1.6025469013873393e-11
0.9908356257725998 1.609066494583562e-11
0.993332877003611 1.6155525844911446e-11
0.9958301282346221 1.6220056474094445e-11
0.9983273794656333 1.6284261489118218e-11
1.0008246306966444 1.6348145441777422e-11
1.0033218819276557 1.6411712783113387e-11
1.005819133158667 1.647496786647623e-11
1.008316384389678 1.6537914950468878e-11
1.0108136356206892 1.6600558201777216e-11
1.0133108868517005 1.666290169788958e-11
1.0158081380827118 1.6724949429718e-11
1.0183053893137228 1.678670530411811e-11
1.020802640544734 1.684817314631496e-11
1.0232998917757452 1.690935670224186e-11
1.0257971430067563 1.6970259640791767e-11
1.0282943942377676 1.703088555598665e-11
1.0307916454687787 1.709123796906943e-11
1.0332888966997897 1.7151320330525097e-11
1.035786147930801 1.721113602202179e-11
1.0382833991618123 1.7270688358292505e-11
1.0407806503928234 1.7329980588945295e-11
1.0432779016238345 1.738901590021479e-11
1.0457751528548458 1.7447797416651362e-11
1.048272404085857 1.75063282027538e-11
1.0507696553168682 1.7564611264547557e-11
1.0532669065478792 1.7622649551107688e-11
1.0557641577788905 1.768044595603322e-11
1.0582614090099018 1.7738003318875372e-11
1.060758660240913 1.779532442651095e-11
1.063255911471924 1.785241201448139e-11
1.0657531627029353 1.7909268768280487e-11
1.0682504139339466 1.7965897324605373e-11
1.0707476651649577 1.802230027256668e-11
1.0732449163959688 1.8078480154858113e-11
1.07574216762698 1.8134439468893657e-11
1.0782394188579913 1.8190180667906803e-11
1.0807366700890024 1.8245706162015948e-11
1.0832339213200135 1.8301018319255353e-11
1.0857311725510248 1.8356119466580673e-11
1.088228423782036 1.8411011890837964e-11
1.0907256750130472 1.8465697839704695e-11
1.0932229262440583 1.8520179522605733e-11
1.0957201774750696 1.8574459111598955e-11
1.0982174287060809 1.8628538742234328e-11
1.100714679937092 1.86824205143946e-11
1.103211931168103 1.8736106493100554e-11
1.105709182399114 1.8789598709301706e-11
1.1082064336301254 1.884289916064035e-11
1.1107036848611367 1.8896009812197438e-11
1.1132009360921478 1.894893259721184e-11
1.1156981873231588 1.9001669417782402e-11
1.1181954385541701 1.9054222145553265e-11
1.1206926897851814 1.9106592622373145e-11
1.1231899410161925 1.9158782660943488e-11
1.1256871922472036 1.9210794045445248e-11
1.128184443478215 1.926262853214589e-11
1.1306816947092262 1.9314287849998046e-11
1.1331789459402373 1.936577370121222e-11
1.1356761971712483 1.941708776182307e-11
1.1381734484022596 1.9468231682233768e-11
1.140670699633271 1.951920708774917e-11
1.143167950864282 1.9570015579096027e-11
1.145665202095293 1.9620658732924174e-11
1.1481624533263044 1.967113810230381e-11
1.1506597045573157 1.9721455217199855e-11
1.1531569557883268 1.9771611584941836e-11
1.1556542070193379 1.9821608690675084e-11
1.1581514582503492 1.9871447997809707e-11
1.1606487094813605 1.9921130948447378e-11
1.1631459607123715 1.9970658963804627e-11
1.1656432119433826 2.002003344462508e-11
1.168140463174394 2.0069255771574786e-11
1.1706377144054052 2.0118327305639906e-11
1.1731349656364163 2.016724938850252e-11
1.1756322168674274 2.0216023342911798e-11
1.1781294680984387 2.0264650473050555e-11
1.18062671932945 2.0313132064885347e-11
1.183123970560461 2.0361469386513954e-11
1.1856212217914721 2.040966368850049e-11
1.1881184730224832 2.045771620420602e-11
1.1906157242534945 2.0505628150107825e-11
1.1931129754845058 2.0553400726114966e-11
1.1956102267155169 2.0601035115872412e-11
1.198107477946528 2.0648532487062282e-11
1.2006047291775392 2.0695893991692995e-11
1.2031019804085505 2.0743120766388213e-11
1.2055992316395616 2.0790213932662445e-11
1.2080964828705727 2.0837174597194914e-11
1.210593734101584 2.088400385209397e-11
1.2130909853325953 2.0930702775160284e-11
1.2155882365636064 2.0977272430139205e-11
1.2180854877946174 2.1023713866970045e-11
1.2205827390256287 2.107002812202662e-11
1.22307999025664 2.1116216218359077e-11
1.2255772414876511 2.1162279165921863e-11
1.2280744927186622 2.120821796180407e-11
1.2305717439496735 2.125403359045089e-11
1.2330689951806848 2.129972702388121e-11
1.2355662464116959 2.1345299221896427e-11
1.238063497642707 2.13907511322978e-11
1.2405607488737183 2.1436083691079982e-11
1.2430580001047296 2.1481297822633467e-11
1.2455552513357406 2.152639443994589e-11
1.2480525025667517 2.157137444478046e-11
1.250549753797763 2.1616238727876596e-11
1.2530470050287743 2.16609881691261e-11
1.2555442562597854 2.1705623637743065e-11
1.2580415074907965 2.175014599245875e-11
1.2605387587218078 2.1794556081677704e-11
1.2630360099528188 2.1838854743657032e-11
1.2655332611838301 2.1883042806656802e-11
1.2680305124148412 2.192712108912231e-11
1.2705277636458523 2.1971090399812077e-11
1.2730250148768636 2.201495153798039e-11
1.275522266107875 2.2058705293530964e-11
1.278019517338886 2.2102352447133783e-11
1.280516768569897 2.214589377039836e-11
1.2830140198009083 2.218933002600922e-11
1.2855112710319196 2.223266196785252e-11
1.2880085222629307 2.22758903412194e-11
1.2905057734939418 2.2319015882799032e-11
1.293003024724953 2.236203932098278e-11
1.2955002759559644 2.2404961375887704e-11
1.2979975271869755 2.244778275944121e-11
1.3004947784179866 2.2490504175624107e-11
1.3029920296489979 2.2533126320669754e-11
1.3054892808800092 2.2575649882240142e-11
1.3079865321110202 2.261807553541592e-11
1.3104837833420313 2.2660403971946266e-11
1.3129810345730426 2.2702635840351957e-11
1.315478285804054 2.2744771803094714e-11
1.317975537035065 2.2786812512050805e-11
1.320472788266076 2.282875861162951e-11
1.3229700394970874 2.2870610738843624e-11
1.3254672907280987 2.291236952415572e-11
1.3279645419591097 2.2954035591000187e-11
1.3304617931901208 2.299560955624857e-11
1.332959044421132 2.3037092030143043e-11
1.3354562956521434 2.307848361643623e-11
1.3379535468831545 2.3119784912496116e-11
1.3404507981141656 2.316099650939009e-11
1.3429480493451769 2.3202118991966952e-11
1.345445300576188 2.3243152938957466e-11
1.3479425518071992 2.3284098923046793e-11
1.3504398030382103 2.3324957510961573e-11
1.3529370542692214 2.3365729263575867e-11
1.3554343055002327 2.3406414735971734e-11
1.357931556731244 2.3447014477513185e-11
1.360428807962255 2.3487529031961108e-11
1.3629260591932661 2.3527958937508957e-11
1.3654233104242774 2.356830472689748e-11
1.3679205616552887 2.360856692745266e-11
1.3704178128862998 2.3648746061198386e-11
1.372915064117311 2.368884264490197e-11
1.3754123153483222 2.372885719015199e-11
1.3779095665793335 2.3768790203433073e-11
1.3804068178103446 2.3808642186195775e-11
1.3829040690413557 2.3848413634916634e-11
1.385401320272367 2.38881050411765e-11
1.3878985715033783 2.3927716891711904e-11
1.3903958227343893 2.3967249668496556e-11
1.3928930739654004 2.4006703848787452e-11
1.3953903251964117 2.4046079905201637e-11
1.397887576427423 2.4085378305770605e-11
1.400384827658434 2.4124599513999346e-11
1.4028820788894452 2.4163743988931955e-11
1.4053793301204565 2.4202812185200704e-11
1.4078765813514678 2.4241804553095945e-11
1.4103738325824788 2.4280721538609982e-11
1.41287108381349 2.4319563583502826e-11
1.4153683350445012 2.435833112535061e-11
1.4178655862755125 2.4397024597598536e-11
1.4203628375065236 2.4435644429621833e-11
1.4228600887375347 2.4474191046767926e-11
1.4253573399685457 2.451266487041408e-11
1.427854591199557 2.4551066318016466e-11
1.4303518424305683 2.4589395803158136e-11
1.4328490936615794 2.4627653735597736e-11
1.4353463448925905 2.4665840521322574e-11
1.4378435961236018 2.470395656258763e-11
1.440340847354613 2.4742002257969818e-11
1.4428380985856242 2.477997800240763e-11
1.4453353498166353 2.481788418725181e-11
1.4478326010476466 2.4855721200303812e-11
1.4503298522786578 2.4893489425865998e-11
1.452827103509669 2.4931189244778333e-11
1.45532435474068 2.4968821034465734e-11
1.4578216059716913 2.5006385168976026e-11
1.4603188572027026 2.504388201902489e-11
1.4628161084337137 2.5081311952031745e-11
1.4653133596647248 2.5118675332162625e-11
1.467810610895736 2.5155972520369683e-11
1.4703078621267474 2.5193203874427738e-11
1.4728051133577584 2.523036974897257e-11
1.4753023645887695 2.5267470495540722e-11
1.4777996158197808 2.5304506462605245e-11
1.480296867050792 2.5341477995607913e-11
1.4827941182818032 2.537838543700331e-11
1.4852913695128143 2.541522912628771e-11
1.4877886207438256 2.5452009400033504e-11
1.4902858719748369 2.5488726591928015e-11
1.492783123205848 2.5525381032804142e-11
1.495280374436859 2.5561973050674918e-11
1.4977776256678703 2.559850297076239e-11
1.5002748768988816 2.5634971115536785e-11
1.5027721281298927 2.5671377804742602e-11
1.5052693793609038 2.5707723355432157e-11
1.507766630591915 2.5744008081995354e-11
1.5102638818229261 2.57802322961919e-11
1.5127611330539374 2.5816396307181128e-11
1.5152583842849485 2.585250042154857e-11
1.5177556355159598 2.588854494333791e-11
1.520252886746971 2.592453017408128e-11
1.5227501379779822 2.5960456412822e-11
1.5252473892089933 2.599632395614875e-11
1.5277446404400046 2.6032133098217296e-11
1.5302418916710157 2.6067884130782887e-11
1.532739142902027 2.6103577343224978e-11
1.535236394133038 2.613921302257086e-11
1.5377336453640493 2.6174791453525677e-11
1.5402308965950604 2.6210312918496122e-11
1.5427281478260717 2.6245777697617244e-11
1.5452253990570828 2.6281186068773785e-11
1.5477226502880939 2.631653830763026e-11
1.5502199015191052 2.6351834687649015e-11
1.5527171527501162 2.6387075480119012e-11
1.5552144039811275 2.64222609541787e-11
1.5577116552121386 2.6457391376836233e-11
1.56020890644315 2.649246701299546e-11
1.562706157674161 2.652748812547891e-11
1.5652034089051723 2.6562454975045488e-11
1.5677006601361834 2.6597367820419338e-11
1.5701979113671947 2.663222691830636e-11
1.5726951625982057 2.6667032523417993e-11
1.575192413829217 2.670178488849057e-11
1.5776896650602281 2.6736484264309805e-11
1.5801869162912394 2.6771130899726887e-11
1.5826841675222505 2.680572504168138e-11
1.5851814187532618 2.6840266935222246e-11
1.5876786699842729 2.6874756823524027e-11
1.5901759212152842 2.6909194947909734e-11
1.5926731724462952 2.6943581547869513e-11
1.5951704236773065 2.697791686107802e-11
1.5976676749083176 2.7012201123415118e-11
1.600164926139329 2.7046434568982885e-11
1.60266217737034 2.708061743012466e-11
1.6051594286013513 2.7114749937444175e-11
1.6076566798323624 2.7148832319821347e-11
1.6101539310633737 2.7182864804429836e-11
1.6126511822943848 2.721684761675728e-11
1.615148433525396 2.7250780980619366e-11
1.6176456847564071 2.7284665118177934e-11
1.6201429359874184 2.7318500249957123e-11
1.6226401872184295 2.735228659486239e-11
1.6251374384494406 2.7386024370192363e-11
1.6276346896804519 2.7419713791658155e-11
1.630131940911463 2.7453355073399475e-11
1.6326291921424743 2.7486948427997928e-11
1.6351264433734853 2.7520494066493792e-11
1.6376236946044966 2.7553992198402273e-11
1.6401209458355077 2.7587443031726987e-11
1.642618197066519 2.7620846772975158e-11
1.64511544829753 2.7654203627174786e-11
1.6476126995285414 2.7687513797883622e-11
1.6501099507595525 2.7720777487209802e-11
1.6526072019905638 2.7753994895822547e-11
1.6551044532215748 2.7787166222966154e-11
1.6576017044525861 2.7820291666474962e-11
1.6600989556835972 2.785337142278738e-11
1.6625962069146085 2.7886405686956828e-11
1.6650934581456196 2.791939465266847e-11
1.667590709376631 2.795233851224996e-11
1.670087960607642 2.7985237456686602e-11
1.6725852118386533 2.8018091675629816e-11
1.6750824630696644 2.805090135741529e-11
1.6775797143006757 2.8083666689073763e-11
1.6800769655316867 2.8116387856339302e-11
1.682574216762698 2.814906504367031e-11
1.685071467993709 2.818169843425129e-11
1.6875687192247204 2.8214288210011385e-11
1.6900659704557315 2.824683455163709e-11
1.6925632216867428 2.8279337638577804e-11
1.6950604729177539 2.8311797649063857e-11
1.6975577241487652 2.8344214760113873e-11
1.7000549753797762 2.837658914754733e-11
1.7025522266107873 2.840892098599645e-11
1.7050494778417986 2.8441210448915052e-11
1.7075467290728097 2.8473457708591446e-11
1.710043980303821 2.8505662936159965e-11
1.712541231534832 2.8537826301606748e-11
1.7150384827658434 2.8569947973787345e-11
1.7175357339968544 2.8602028120430945e-11
1.7200329852278657 2.863406690815447e-11
1.7225302364588768 2.8666064502469935e-11
1.7250274876898881 2.869802106779768e-11
1.7275247389208992 2.872993676747196e-11
1.7300219901519105 2.876181176375691e-11
1.7325192413829216 2.8793646217848324e-11
1.7350164926139329 2.8825440289891378e-11
1.737513743844944 2.8857194138983342e-11
1.7400109950759552 2.8888907923186906e-11
1.7425082463069663 2.892058179953912e-11
1.7450054975379776 2.8952215924057986e-11
1.7475027487689887 2.8983810451755226e-11
1.75 2.901536553664273e-11
