0.5038716357254187 nan
0.5063688869564299 1.63485397462978e-15
0.5088661381874411 3.363269578710527e-15
0.5113633894184523 5.195418255634138e-15
0.5138606406494635 7.102808325371388e-15
0.5163578918804747 9.121277735517808e-15
0.5188551431114858 1.1271644935260944e-14
0.521352394342497 1.3506878824337919e-14
0.5238496455735082 1.586519000457425e-14
0.5263468968045194 1.835600432314152e-14
0.5288441480355306 2.098951810785738e-14
0.5313413992665418 2.3776762847659937e-14
0.533838650497553 2.6729675321625402e-14
0.5363359017285642 2.986117363602832e-14
0.5388331529595753 3.318523965625833e-14
0.5413304041905864 3.671700836534489e-14
0.5438276554215977 4.047286471940644e-14
0.5463249066526088 4.447054862147613e-14
0.54882215788362 4.8729268674553316e-14
0.5513194091146312 5.326982543747819e-14
0.5538166603456424 5.81147449544506e-14
0.5563139115766536 6.328842339457937e-14
0.5588111628076647 6.881728369819202e-14
0.5613084140386759 7.472994519527717e-14
0.5638056652696871 8.105740723788709e-14
0.5663029165006983 8.7833247955901e-14
0.5688001677317095 9.509383934374432e-14
0.5712974189627207 1.028782216989931e-13
0.5737946701937319 1.1122973850428526e-13
0.5762919214247431 1.201943021956042e-13
0.5787891726557542 1.298219837377645e-13
0.5812864238867654 1.4016701644364404e-13
0.5837836751177766 1.5128813936098494e-13
0.5862809263487878 1.6324896807716478e-13
0.588778177579799 1.761183949725561e-13
0.5912754288108102 1.8997102107595454e-13
0.5937726800418214 2.04889838614653e-13
0.5962699312728326 2.2095813008435205e-13
0.5987671825038438 2.3827254738544355e-13
0.6012644337348549 2.569355627699093e-13
0.6037616849658661 2.7705807524486705e-13
0.6062589361968773 2.987600845340201e-13
0.6087561874278885 3.221714153090984e-13
0.6112534386588997 3.4743249483531967e-13
0.6137506898899109 3.7469518726055727e-13
0.6162479411209221 4.041236878512144e-13
0.6187451923519331 4.358954805185569e-13
0.6212424435829444 4.70195879516088e-13
0.6237396948139555 5.07244307067292e-13
0.6262369460449668 5.47258719690868e-13
0.6287341972759779 5.904807033787137e-13
0.6312314485069892 6.371709836669858e-13
0.6337286997380003 6.876108299795839e-13
0.6362259509690115 7.42103543739947e-13
0.6387232022000227 8.009760317596696e-13
0.6412204534310338 8.645804656566057e-13
0.643717704662045 9.332960270943601e-13
0.6462149558930562 1.0075307374293878e-12
0.6487122071240674 1.0877128118489057e-12
0.6512094583550786 1.1743337146803031e-12
0.6537067095860898 1.2678902347283247e-12
0.656203960817101 1.3689255808877355e-12
0.6587012120481122 1.4780220391699861e-12
0.6611984632791233 1.5958031666553288e-12
0.6636957145101345 1.7229359930999124e-12
0.6661929657411457 1.860133202328901e-12
0.6686902169721569 2.0081552585566033e-12
0.6711874682031681 2.1678124343966635e-12
0.6736847194341793 2.33996668730706e-12
0.6761819706651905 2.5255333192606893e-12
0.6786792218962017 2.7254823401451737e-12
0.6811764731272129 2.9408394383683517e-12
0.683673724358224 3.1726864417646797e-12
0.6861709755892352 3.4221611275625884e-12
0.6886682268202464 3.690456176922711e-12
0.6911654780512576 3.978817269759993e-12
0.6936627292822688 4.288539576826202e-12
0.6961599805132799 4.620963000544188e-12
0.6986572317442912 4.9774653229053145e-12
0.7011544829753023 5.359453012071097e-12
0.7036517342063136 5.7683491242652755e-12
0.7061489854373246 6.2055776500353896e-12
0.7086462366683359 6.672543503599573e-12
0.711143487899347 7.170607159891261e-12
0.7136407391303583 7.701052688723367e-12
0.7161379903613694 8.265047592175634e-12
0.7186352415923806 8.863592376819913e-12
0.7211324928233918 9.497457119066565e-12
0.723629744054403 1.0167101281980055e-11
0.7261269952854141 1.0872571523642085e-11
0.7286242465164253 1.161336978073276e-11
0.7311214977474365 1.2388279768475128e-11
0.7336187489784477 1.3195132556152274e-11
0.7361160002094589 1.4030477284654186e-11
0.7386132514404701 1.488909158700249e-11
0.7411105026714813 1.5763188320643007e-11
0.7436077539024925 1.6640937221166154e-11
0.7461050051335036 1.7502894307740848e-11
0.7486022563645148 1.8303271145941074e-11
0.751099507595526 1.9012796543440746e-11
0.7535967588265372 1.9671291239223416e-11
0.7560940100575484 2.029274124109517e-11
0.7585912612885596 2.088455338937654e-11
0.7610885125195708 2.1451534770805534e-11
0.763585763750582 2.1997116767120364e-11
0.7660830149815931 2.2523894231978324e-11
0.7685802662126042 2.303390812279797e-11
0.7710775174436155 2.352881058730758e-11
0.7735747686746266 2.4009968886829777e-11
0.7760720199056379 2.4478534546616807e-11
0.778569271136649 2.493549138162044e-11
0.7810665223676603 2.5381690011395945e-11
0.7835637735986714 2.5817873369293606e-11
0.7860610248296827 2.6244696001620936e-11
0.7885582760606937 2.6662738961023262e-11
0.791055527291705 2.70725214976225e-11
0.7935527785227161 2.7474510373611865e-11
0.7960500297537274 2.786912738175853e-11
0.7985472809847385 2.8256755484632033e-11
0.8010445322157498 2.8637743879501874e-11
0.8035417834467609 2.9012412215769037e-11
0.806039034677772 2.9381054136259653e-11
0.8085362859087832 2.97439402733266e-11
0.8110335371397944 3.01013208016313e-11
0.8135307883708056 3.0453427626660745e-11
0.8160280396018168 3.080047627231086e-11
0.818525290832828 3.114266751754863e-11
0.8210225420638392 3.148018882268405e-11
0.8235197932948504 3.181321557807264e-11
0.8260170445258616 3.21419122021128e-11
0.8285142957568727 3.2466433110632914e-11
0.8310115469878839 3.27869235759861e-11
0.8335087982188951 3.310352049110704e-11
0.8360060494499063 3.34163530513336e-11
0.8385033006809175 3.372554336475179e-11
0.8410005519119287 3.4031207000186125e-11
0.8434978031429399 3.433345348061371e-11
0.845995054373951 3.463238672857325e-11
0.8484923056049622 3.492810546932858e-11
0.8509895568359733 3.522070359659599e-11
0.8534868080669846 3.55102705051265e-11
0.8559840592979957 3.579689139377939e-11
0.858481310529007 3.60806475422791e-11
0.8609785617600181 3.636161656445689e-11
0.8634758129910294 3.6639872640390034e-11
0.8659730642220405 3.69154867296158e-11
0.8684703154530518 3.718852676726729e-11
0.8709675666840628 3.745905784482508e-11
0.8734648179150741 3.772714237695407e-11
0.8759620691460852 3.7992840255713194e-11
0.8784593203770965 3.825620899333752e-11
0.8809565716081076 3.851730385459179e-11
0.8834538228391188 3.877617797964672e-11
0.88595107407013 3.90328824983118e-11
0.8884483253011412 3.928746663634571e-11
0.8909455765321523 3.95399778145237e-11
0.8934428277631635 3.9790461741074736e-11
0.8959400789941747 4.003896249802109e-11
0.8984373302251859 4.028552262191059e-11
0.9009345814561971 4.053018317938999e-11
0.9034318326872083 4.0772983838020545e-11
0.9059290839182195 4.101396293270605e-11
0.9084263351492307 4.1253157528053175e-11
0.9109235863802418 4.149060347698527e-11
0.913420837611253 4.172633547587624e-11
0.9159180888422642 4.196038711644223e-11
0.9184153400732754 4.219279093466032e-11
0.9209125913042866 4.242357845688537e-11
0.9234098425352978 4.265278024338206e-11
0.925907093766309 4.28804259294371e-11
0.92840434499732 4.310654426423871e-11
0.9309015962283314 4.3331163147631124e-11
0.9333988474593424 4.355430966492468e-11
0.9358960986903537 4.3776010119881044e-11
0.9383933499213648 4.3996290065955906e-11
0.9408906011523761 4.421517433596149e-11
0.9433878523833872 4.4432687070211765e-11
0.9458851036143985 4.46488517432566e-11
0.9483823548454096 4.4863691189289697e-11
0.9508796060764209 4.5077227626323857e-11
0.9533768573074319 4.528948267916791e-11
0.9558741085384432 4.5500477401338994e-11
0.9583713597694543 4.571023229589892e-11
0.9608686110004656 4.5918767335352715e-11
0.9633658622314767 4.612610198059064e-11
0.9658631134624879 4.633225519898591e-11
0.9683603646934991 4.653724548166703e-11
0.9708576159245103 4.6741090860001305e-11
0.9733548671555214 4.6943808921368925e-11
0.9758521183865326 4.714541682422093e-11
0.9783493696175438 4.7345931312505714e-11
0.980846620848555 4.7545368729451034e-11
0.9833438720795662 4.774374503077751e-11
0.9858411233105774 4.794107579734208e-11
0.9883383745415886 4.8137376247258404e-11
0.9908356257725998 4.833266124751838e-11
0.993332877003611 4.8526945325126506e-11
0.9958301282346221 4.872024267779751e-11
0.9983273794656333 4.8912567184206625e-11
1.0008246306966444 4.910393241384618e-11
1.0033218819276557 4.9294351636484394e-11
1.005819133158667 4.9483837831256834e-11
1.008316384389678 4.96724036954015e-11
1.0108136356206892 4.9860061652668696e-11
1.0133108868517005 5.004682386139215e-11
1.0158081380827118 5.023270222227582e-11
1.0183053893137228 5.041770838587732e-11
1.020802640544734 5.0601853759810366e-11
1.0232998917757452 5.0785149515696387e-11
1.0257971430067563 5.096760659584438e-11
1.0282943942377676 5.114923571970956e-11
1.0307916454687787 5.133004739009389e-11
1.0332888966997897 5.15100518991564e-11
1.035786147930801 5.1689259334185475e-11
1.0382833991618123 5.1867679583181895e-11
1.0407806503928234 5.204532234024701e-11
1.0432779016238345 5.222219711078159e-11
1.0457751528548458 5.239831321651018e-11
1.048272404085857 5.2573679800330643e-11
1.0507696553168682 5.274830583100519e-11
1.0532669065478792 5.2922200107692796e-11
1.0557641577788905 5.3095371264331574e-11
1.0582614090099018 5.326782777387144e-11
1.060758660240913 5.343957795238446e-11
1.063255911471924 5.361062996301419e-11
1.0657531627029353 5.3780991819831647e-11
1.0682504139339466 5.395067139154125e-11
1.0707476651649577 5.4119676405078543e-11
1.0732449163959688 5.4288014449100225e-11
1.07574216762698 5.445569297735334e-11
1.0782394188579913 5.4622719311953726e-11
1.0807366700890024 5.478910064654748e-11
1.0832339213200135 5.4954844049390385e-11
1.0857311725510248 5.5119956466323594e-11
1.088228423782036 5.528444472366114e-11
1.0907256750130472 5.5448315530999614e-11
1.0932229262440583 5.561157548393148e-11
1.0957201774750696 5.5774231066683215e-11
1.0982174287060809 5.593628865467779e-11
1.100714679937092 5.609775451702473e-11
1.103211931168103 5.625863481892581e-11
1.105709182399114 5.641893562402493e-11
1.1082064336301254 5.6578662896686696e-11
1.1107036848611367 5.6737822504204154e-11
1.1132009360921478 5.6896420218947464e-11
1.1156981873231588 5.705446172046103e-11
1.1181954385541701 5.721195259748906e-11
1.1206926897851814 5.7368898349943813e-11
1.1231899410161925 5.7525304390844646e-11
1.1256871922472036 5.768117604816059e-11
1.128184443478215 5.7836518566647765e-11
1.1306816947092262 5.799133710960465e-11
1.1331789459402373 5.814563676059584e-11
1.1356761971712483 5.829942252512517e-11
1.1381734484022596 5.845269933226326e-11
1.140670699633271 5.860547203624174e-11
1.143167950864282 5.875774541798002e-11
1.145665202095293 5.890952418660902e-11
1.1481624533263044 5.906081298092214e-11
1.1506597045573157 5.921161637080812e-11
1.1531569557883268 5.93619388586416e-11
1.1556542070193379 5.951178488063441e-11
1.1581514582503492 5.966115880815943e-11
1.1606487094813605 5.981006494903527e-11
1.1631459607123715 5.995850754877909e-11
1.1656432119433826 6.01064907918351e-11
1.168140463174394 6.025401880276515e-11
1.1706377144054052 6.040109564741013e-11
1.1731349656364163 6.054772533402507e-11
1.1756322168674274 6.069391181438754e-11
1.1781294680984387 6.083965898487852e-11
1.18062671932945 6.098497068753422e-11
1.183123970560461 6.11298507110761e-11
1.1856212217914721 6.127430279191311e-11
1.1881184730224832 6.141833061511919e-11
1.1906157242534945 6.156193781540226e-11
1.1931129754845058 6.170512797802162e-11
1.1956102267155169 6.184790463971495e-11
1.198107477946528 6.199027128957845e-11
1.2006047291775392 6.21322313699423e-11
1.2031019804085505 6.227378827722298e-11
1.2055992316395616 6.241494536274696e-11
1.2080964828705727 6.255570593357127e-11
1.210593734101584 6.269607325327013e-11
1.2130909853325953 6.283605054271058e-11
1.2155882365636064 6.297564098081777e-11
1.2180854877946174 6.311484770530455e-11
1.2205827390256287 6.325367381340306e-11
1.22307999025664 6.339212236257598e-11
1.2255772414876511 6.353019637119599e-11
1.2280744927186622 6.366789881923938e-11
1.2305717439496735 6.380523264893896e-11
1.2330689951806848 6.394220076542941e-11
1.2355662464116959 6.407880603739434e-11
1.238063497642707 6.421505129767023e-11
1.2405607488737183 6.435093934386877e-11
1.2430580001047296 6.448647293895781e-11
1.2455552513357406 6.462165481185324e-11
1.2480525025667517 6.475648765798159e-11
1.250549753797763 6.489097413983738e-11
1.2530470050287743 6.502511688753701e-11
1.2555442562597854 6.515891849933831e-11
1.2580415074907965 6.529238154217734e-11
1.2605387587218078 6.542550855217001e-11
1.2630360099528188 6.555830203512023e-11
1.2655332611838301 6.569076446700912e-11
1.2680305124148412 6.582289829447599e-11
1.2705277636458523 6.59547059352909e-11
1.2730250148768636 6.608618977880901e-11
1.275522266107875 6.621735218644009e-11
1.278019517338886 6.63481954920712e-11
1.280516768569897 6.647872200251832e-11
1.2830140198009083 6.660893399794246e-11
1.2855112710319196 6.673883373227018e-11
1.2880085222629307 6.686842343360244e-11
1.2905057734939418 6.69977053046183e-11
1.293003024724953 6.71266815229622e-11
1.2955002759559644 6.7255354241636e-11
1.2979975271869755 6.738372558937597e-11
1.3004947784179866 6.751179767101768e-11
1.3029920296489979 6.763957256786577e-11
1.3054892808800092 6.776705233805231e-11
1.3079865321110202 6.789423901688103e-11
1.3104837833420313 6.802113461717421e-11
1.3129810345730426 6.814774112960602e-11
1.315478285804054 6.827406052303592e-11
1.317975537035065 6.840009474483535e-11
1.320472788266076 6.85258457212001e-11
1.3229700394970874 6.865131535746114e-11
1.3254672907280987 6.877650553840572e-11
1.3279645419591097 6.890141812855865e-11
1.3304617931901208 6.90260549724843e-11
1.332959044421132 6.915041789509189e-11
1.3354562956521434 6.927450870188452e-11
1.3379535468831545 6.93983291792812e-11
1.3404507981141656 6.952188109486046e-11
1.3429480493451769 6.964516619763926e-11
1.345445300576188 6.976818621833536e-11
1.3479425518071992 6.989094286963714e-11
1.3504398030382103 7.001343784644359e-11
1.3529370542692214 7.01356728261234e-11
1.3554343055002327 7.02576494687595e-11
1.357931556731244 7.037936941739275e-11
1.360428807962255 7.050083429825519e-11
1.3629260591932661 7.062204572100726e-11
1.3654233104242774 7.074300527895963e-11
1.3679205616552887 7.086371454930715e-11
1.3704178128862998 7.098417509335479e-11
1.372915064117311 7.11043884567117e-11
1.3754123153483222 7.122435616953459e-11
1.3779095665793335 7.134407974672055e-11
1.3804068178103446 7.146356068810532e-11
1.3829040690413557 7.158280047869219e-11
1.385401320272367 7.170180058883373e-11
1.3878985715033783 7.182056247442649e-11
1.3903958227343893 7.193908757711149e-11
1.3928930739654004 7.205737732446192e-11
1.3953903251964117 7.217543313016102e-11
1.397887576427423 7.22932563942032e-11
1.400384827658434 7.241084850306101e-11
1.4028820788894452 7.252821082986118e-11
1.4053793301204565 7.264534473456924e-11
1.4078765813514678 7.276225156414995e-11
1.4103738325824788 7.287893265274165e-11
1.41287108381349 7.2995389321826e-11
1.4153683350445012 7.311162288037894e-11
1.4178655862755125 7.322763462504751e-11
1.4203628375065236 7.334342584029609e-11
1.4228600887375347 7.345899779856009e-11
1.4253573399685457 7.357435176041492e-11
1.427854591199557 7.368948897470037e-11
1.4303518424305683 7.380441067870516e-11
1.4328490936615794 7.391911809826653e-11
1.4353463448925905 7.403361244795688e-11
1.4378435961236018 7.414789493119533e-11
1.440340847354613 7.42619667404109e-11
1.4428380985856242 7.437582905715289e-11
1.4453353498166353 7.448948305224401e-11
1.4478326010476466 7.460292988591161e-11
1.4503298522786578 7.47161707079106e-11
1.452827103509669 7.482920665764764e-11
1.45532435474068 7.494203886433037e-11
1.4578216059716913 7.505466844706785e-11
1.4603188572027026 7.51670965150089e-11
1.4628161084337137 7.527932416744932e-11
1.4653133596647248 7.539135249395947e-11
1.467810610895736 7.550318257449979e-11
1.4703078621267474 7.561481547954368e-11
1.4728051133577584 7.572625227017027e-11
1.4753023645887695 7.583749399819554e-11
1.4777996158197808 7.594854170628007e-11
1.480296867050792 7.605939642802945e-11
1.4827941182818032 7.617005918810879e-11
1.4852913695128143 7.628053100233764e-11
1.4877886207438256 7.639081287781144e-11
1.4902858719748369 7.650090581298456e-11
1.492783123205848 7.661081079778404e-11
1.495280374436859 7.672052881370097e-11
1.4977776256678703 7.683006083390147e-11
1.5002748768988816 7.693940782329918e-11
1.5027721281298927 7.704857073867462e-11
1.5052693793609038 7.715755052875965e-11
1.507766630591915 7.726634813431802e-11
1.5102638818229261 7.73749644882588e-11
1.5127611330539374 7.748340051570861e-11
1.5152583842849485 7.759165713410284e-11
1.5177556355159598 7.769973525328293e-11
1.520252886746971 7.780763577556877e-11
1.5227501379779822 7.791535959585046e-11
1.5252473892089933 7.802290760167237e-11
1.5277446404400046 7.813028067330738e-11
1.5302418916710157 7.823747968385317e-11
1.532739142902027 7.834450549929287e-11
1.535236394133038 7.845135897859069e-11
1.5377336453640493 7.855804097376409e-11
1.5402308965950604 7.866455232995191e-11
1.5427281478260717 7.877089388550598e-11
1.5452253990570828 7.887706647204698e-11
1.5477226502880939 7.898307091455681e-11
1.5502199015191052 7.908890803143214e-11
1.5527171527501162 7.919457863457978e-11
1.5552144039811275 7.930008352945691e-11
1.5577116552121386 7.940542351517287e-11
1.56020890644315 7.951059938452644e-11
1.562706157674161 7.961561192409962e-11
1.5652034089051723 7.972046191431185e-11
1.5677006601361834 7.982515012948353e-11
1.5701979113671947 7.992967733790679e-11
1.5726951625982057 8.00340443019087e-11
1.575192413829217 8.01382517779192e-11
1.5776896650602281 8.024230051650725e-11
1.5801869162912394 8.034619126249415e-11
1.5826841675222505 8.044992475495778e-11
1.5851814187532618 8.055350172732562e-11
1.5876786699842729 8.065692290743136e-11
1.5901759212152842 8.076018901756493e-11
1.5926731724462952 8.086330077453258e-11
1.5951704236773065 8.096625888970799e-11
1.5976676749083176 8.106906406910581e-11
1.600164926139329 8.117171701342551e-11
1.60266217737034 8.127421841809184e-11
1.6051594286013513 8.137656897334457e-11
1.6076566798323624 8.147876936425398e-11
1.6101539310633737 8.1580820270799e-11
1.6126511822943848 8.168272236790401e-11
1.615148433525396 8.178447632550422e-11
1.6176456847564071 8.188608280858577e-11
1.6201429359874184 8.198754247723031e-11
1.6226401872184295 8.208885598667838e-11
1.6251374384494406 8.219002398737685e-11
1.6276346896804519 8.229104712501343e-11
1.630131940911463 8.239192604057687e-11
1.6326291921424743 8.249266137039677e-11
1.6351264433734853 8.259325374619862e-11
1.6376236946044966 8.26937037951342e-11
1.6401209458355077 8.279401213984688e-11
1.642618197066519 8.289417939849525e-11
1.64511544829753 8.299420618481385e-11
1.6476126995285414 8.309409310814926e-11
1.6501099507595525 8.319384077350263e-11
1.6526072019905638 8.329344978156948e-11
1.6551044532215748 8.339292072878974e-11
1.6576017044525861 8.349225420738772e-11
1.6600989556835972 8.359145080540218e-11
1.6625962069146085 8.369051110673507e-11
1.6650934581456196 8.37894356911997e-11
1.667590709376631 8.388822513453993e-11
1.670087960607642 8.39868800084896e-11
1.6725852118386533 8.408540088079273e-11
1.6750824630696644 8.418378831525435e-11
1.6775797143006757 8.428204287177868e-11
1.6800769655316867 8.438016510639287e-11
1.682574216762698 8.447815557129888e-11
1.685071467993709 8.457601481490045e-11
1.6875687192247204 8.467374338184114e-11
1.6900659704557315 8.477134181303956e-11
1.6925632216867428 8.486881064572523e-11
1.6950604729177539 8.49661504134755e-11
1.6975577241487652 8.50633616462412e-11
1.7000549753797762 8.516044487038924e-11
1.7025522266107873 8.52574006087294e-11
1.7050494778417986 8.535422938055455e-11
1.7075467290728097 8.545093170166627e-11
1.710043980303821 8.554750808441056e-11
1.712541231534832 8.564395903770407e-11
1.7150384827658434 8.574028506708088e-11
1.7175357339968544 8.583648667469889e-11
1.7200329852278657 8.593256435939654e-11
1.7225302364588768 8.602851861669976e-11
1.7250274876898881 8.612434993887705e-11
1.7275247389208992 8.622005881494067e-11
1.7300219901519105 8.631564573069668e-11
1.7325192413829216 8.641111116876802e-11
1.7350164926139329 8.650645560862624e-11
1.737513743844944 8.660167952660971e-11
1.7400109950759552 8.669678339596149e-11
1.7425082463069663 8.679176768685092e-11
1.7450054975379776 8.688663286640963e-11
1.7475027487689887 8.698137939874399e-11
1.75 8.707600774498165e-11
