0.0 3.3042282249762626e-13
0.0035070140280561123 3.41025940115431e-13
0.0070140280561122245 3.530284746927506e-13
0.010521042084168337 3.647037776210744e-13
0.014028056112224449 3.7601885284262166e-13
0.01753507014028056 3.8694756963860306e-13
0.021042084168336674 3.9747074291016974e-13
0.024549098196392786 4.0757647229899645e-13
0.028056112224448898 4.172592796379571e-13
0.031563126252505014 4.26520003270995e-13
0.03507014028056112 4.353650780375252e-13
0.03857715430861723 4.4380579966246664e-13
0.04208416833667335 4.518575301418435e-13
0.04559118236472946 4.595388876519733e-13
0.04909819639278557 4.668708178897226e-13
0.05260521042084168 4.738763987494991e-13
0.056112224448897796 4.805793933493471e-13
0.05961923847695391 4.870041769844723e-13
0.06312625250501003 4.931751283960311e-13
0.06663326653306613 4.991162344450098e-13
0.07014028056112225 5.048507812134888e-13
0.07364729458917836 5.104011237629794e-13
0.07715430861723446 5.157885250182867e-13
0.08066132264529058 5.210330535193003e-13
0.0841683366733467 5.261535298382987e-13
0.08767535070140281 5.311673332310358e-13
0.09118236472945893 5.360911060086021e-13
0.09468937875751503 5.409397956323254e-13
0.09819639278557114 5.457273521450461e-13
0.10170340681362726 5.504666388190285e-13
0.10521042084168336 5.551695051600092e-13
0.10871743486973948 5.598468633884238e-13
0.11222444889779559 5.645087658288833e-13
0.11573146292585171 5.691644812980877e-13
0.11923847695390782 5.738225691219849e-13
0.12274549098196393 5.784909498474885e-13
0.12625250501002006 5.831769720564467e-13
0.12975951903807614 5.878874749538525e-13
0.13326653306613226 5.926288466017794e-13
0.13677354709418837 5.974068510103072e-13
0.1402805611222445 6.022275510640511e-13
0.1437875751503006 6.070960902153322e-13
0.14729458917835672 6.120175490787399e-13
0.15080160320641284 6.169967865664132e-13
0.15430861723446893 6.220384750632722e-13
0.15781563126252504 6.271471326808126e-13
0.16132264529058116 6.323271528750695e-13
0.16482965931863727 6.375828317051021e-13
0.1683366733466934 6.429183929968877e-13
0.1718436873747495 6.483380116648879e-13
0.17535070140280562 6.538458354300178e-13
0.17885771543086174 6.594460051584105e-13
0.18236472945891785 6.651426740308766e-13
0.18587174348697394 6.709400257393988e-13
0.18937875751503006 6.768422918953291e-13
0.19288577154308617 6.828535112096462e-13
0.1963927855711423 6.889785376979761e-13
0.1998997995991984 6.952216210801252e-13
0.20340681362725452 7.015873480774572e-13
0.20691382765531063 7.080804343183374e-13
0.21042084168336672 7.147057404683577e-13
0.21392785571142284 7.214682886970178e-13
0.21743486973947895 7.283732796435143e-13
0.22094188376753507 7.354261100536378e-13
0.22444889779559118 7.426323912730799e-13
0.2279559118236473 7.499979688007375e-13
0.23146292585170342 7.575289431301502e-13
0.23496993987975953 7.652316921397709e-13
0.23847695390781565 7.731128953354399e-13
0.24198396793587174 7.811795603041528e-13
0.24549098196392785 7.894390518112371e-13
0.24899799599198397 7.978991240700045e-13
0.2525050100200401 8.065679568443784e-13
0.2560120240480962 8.154539239737856e-13
0.2595190380761523 8.245666881523621e-13
0.26302605210420843 8.339157375031174e-13
0.2665330661322645 8.435114266664165e-13
0.27004008016032066 8.533648153663462e-13
0.27354709418837675 8.634877601670521e-13
0.2770541082164329 8.738930288683932e-13
0.280561122244489 8.845944470512755e-13
0.28406813627254507 8.956070918177286e-13
0.2875751503006012 9.06947557515593e-13
0.2910821643286573 9.186343361331848e-13
0.29458917835671344 9.30688389159878e-13
0.29809619238476953 9.431340544260223e-13
0.3016032064128257 9.560005609040708e-13
0.30511022044088176 9.693246447208122e-13
0.30861723446893785 9.831548772551006e-13
0.312124248496994 9.975564967287e-13
0.3156312625250501 1.0126050028066075e-12
0.3191382765531062 1.0283507262721533e-12
0.3226452905811623 1.044812733994927e-12
0.32615230460921846 1.0620364997975174e-12
0.32965931863727455 1.0800837320117929e-12
0.3331663326653307 1.099003072580111e-12
0.3366733466933868 1.1188573150991017e-12
0.34018036072144286 1.1397234150909967e-12
0.343687374749499 1.1616669336113352e-12
0.3471943887775551 1.1847801145751302e-12
0.35070140280561124 1.2091588068801656e-12
0.35420841683366733 1.2349092942749705e-12
0.35771543086172347 1.262149412565671e-12
0.36122244488977956 1.2910098225236172e-12
0.3647294589178357 1.3216354178357586e-12
0.3682364729458918 1.3541869330505763e-12
0.3717434869739479 1.3888427525228814e-12
0.375250501002004 1.4258009129354968e-12
0.3787575150300601 1.4652813455679816e-12
0.38226452905811625 1.507528367364563e-12
0.38577154308617234 1.552813444277781e-12
0.3892785571142285 1.6014382544174511e-12
0.3927855711422846 1.6537380824553676e-12
0.39629258517034066 1.7100853219753553e-12
0.3997995991983968 1.770894638465778e-12
0.4033066132264529 1.8366261687022954e-12
0.40681362725450904 1.907791522352902e-12
0.4103206412825651 1.984959293919624e-12
0.41382765531062127 2.0687612755164334e-12
0.41733466933867736 2.1598994299291816e-12
0.42084168336673344 2.2591532772277476e-12
0.4243486973947896 2.3673891932108913e-12
0.4278557114228457 2.485567222298313e-12
0.4313627254509018 2.615340422678604e-12
0.4348697394789579 2.7561344418081986e-12
0.43837675350701405 2.911013241069922e-12
0.44188376753507014 3.0808468769985442e-12
0.4453907815631263 3.2672333489422516e-12
0.44889779559118237 3.472560147182592e-12
0.45240480961923846 3.69695217939045e-12
0.4559118236472946 3.945015104379287e-12
0.4594188376753507 4.21664815621526e-12
0.46292585170340683 4.516947964930129e-12
0.4664328657314629 4.84689287920445e-12
0.46993987975951906 5.210230674332501e-12
0.47344689378757515 5.609357537574329e-12
0.4769539078156313 6.050997722508778e-12
0.4804609218436874 6.536146432845512e-12
0.48396793587174347 7.0701457554239676e-12
0.4874749498997996 7.656625957538596e-12
0.4909819639278557 8.303673640560649e-12
0.49448897795591185 9.013501944869172e-12
0.49799599198396793 9.79275655487603e-12
0.501503006012024 1.0647326841631554e-11
0.5050100200400802 1.1583336365830336e-11
0.5085170340681363 1.2607084302672912e-11
0.5120240480961924 1.3724281466946711e-11
0.5155310621242485 1.494268824845961e-11
0.5190380761523046 1.6268521068170557e-11
0.5225450901803608 1.7705445680635702e-11
0.5260521042084169 1.9261661163625656e-11
0.529559118236473 2.0940933481690276e-11
0.533066132264529 2.2747101046789164e-11
0.5365731462925851 2.468274606788322e-11
0.5400801603206413 2.674886101407216e-11
0.5435871743486974 2.8944483694621448e-11
0.5470941883767535 3.126625593020888e-11
0.5506012024048096 3.3708053605744504e-11
0.5541082164328658 3.626044416619393e-11
0.5576152304609219 3.891022176226437e-11
0.561122244488978 4.163987731771159e-11
0.564629258517034 4.4427074326187274e-11
0.5681362725450901 4.7244186687573666e-11
0.5716432865731463 5.0058091636923814e-11
0.5751503006012024 5.283075627826587e-11
0.5786573146292585 5.552188267270521e-11
0.5821643286573146 5.8095362691025905e-11
0.5856713426853708 6.052830982612664e-11
0.5891783567134269 6.281507760233292e-11
0.592685370741483 6.496238050815386e-11
0.5961923847695391 6.698201355292344e-11
0.5996993987975952 6.888653818851686e-11
0.6032064128256514 7.068758526726681e-11
0.6067134268537074 7.239541516431449e-11
0.6102204408817635 7.401893610300843e-11
0.6137274549098196 7.556585990860408e-11
0.6172344689378757 7.704288661424135e-11
0.6207414829659319 7.845641018882566e-11
0.624248496993988 7.981041274584553e-11
0.6277555110220441 8.110997738675548e-11
0.6312625250501002 8.23591059299468e-11
0.6347695390781564 8.356136608430914e-11
0.6382765531062125 8.471995365802099e-11
0.6417835671342685 8.583774468941425e-11
0.6452905811623246 8.691733823353721e-11
0.6487975951903807 8.796109210927275e-11
0.6523046092184369 8.897115283146287e-11
0.655811623246493 8.99494810479953e-11
0.6593186372745491 9.089787276653323e-11
0.6628256513026052 9.181797784479764e-11
0.6663326653306614 9.271131553634704e-11
0.6698396793587175 9.357928844487482e-11
0.6733466933867736 9.442319382914174e-11
0.6768537074148296 9.524423419987514e-11
0.6803607214428857 9.604355509260489e-11
0.6838677354709419 9.682213260354313e-11
0.687374749498998 9.758096701339665e-11
0.6908817635270541 9.832096251436221e-11
0.6943887775551102 9.904296500261844e-11
0.6978957915831664 9.974776631927469e-11
0.7014028056112225 1.0043610886875247e-10
0.7049098196392786 1.0110868984286148e-10
0.7084168336673347 1.0176616431447239e-10
0.7119238476953907 1.024091494028911e-10
0.7154308617234469 1.030382258866003e-10
0.718937875751503 1.036544513690624e-10
0.7224448897795591 1.042568161067516e-10
0.7259519038076152 1.0484733424458536e-10
0.7294589178356714 1.0542596494608926e-10
0.7329659318637275 1.0599313257524285e-10
0.7364729458917836 1.0654926345519256e-10
0.7399799599198397 1.0709526958219967e-10
0.7434869739478958 1.076299917532471e-10
0.746993987975952 1.0815530103062155e-10
0.750501002004008 1.0867103350850454e-10
0.7540080160320641 1.0917751068636873e-10
0.7575150300601202 1.0967503872735816e-10
0.7610220440881763 1.101639092730356e-10
0.7645290581162325 1.1064440046406807e-10
0.7680360721442886 1.1111677771116643e-10
0.7715430861723447 1.1158129440671995e-10
0.7750501002004008 1.1203819295322823e-10
0.778557114228457 1.1248770442105858e-10
0.7820641282565131 1.1293005039478921e-10
0.7855711422845691 1.133659268459558e-10
0.7890781563126252 1.1379408536875236e-10
0.7925851703406813 1.1421617308904318e-10
0.7960921843687375 1.1463173790359522e-10
0.7995991983967936 1.1504141653935562e-10
0.8031062124248497 1.1544546174260142e-10
0.8066132264529058 1.158431205758722e-10
0.810120240480962 1.1623508058706393e-10
0.8136272545090181 1.1662095321572866e-10
0.8171342685370742 1.1700251585249513e-10
0.8206412825651302 1.1737827679376358e-10
0.8241482965931863 1.177483730509615e-10
0.8276553106212425 1.18114576492707e-10
0.8311623246492986 1.1847480993975507e-10
0.8346693386773547 1.1883140518846847e-10
0.8381763527054108 1.191828042994913e-10
0.8416833667334669 1.1952972684046447e-10
0.8451903807615231 1.1987179940751614e-10
0.8486973947895792 1.2021042227953805e-10
0.8522044088176353 1.2054441956126813e-10
0.8557114228456913 1.2087431690761333e-10
0.8592184368737475 1.2120020711217404e-10
0.8627254509018036 1.2152162064166503e-10
0.8662324649298597 1.2183976676251098e-10
0.8697394789579158 1.2215417089323885e-10
0.8732464929859719 1.2246491584266418e-10
0.8767535070140281 1.2277208160546727e-10
0.8802605210420842 1.2307631190775105e-10
0.8837675350701403 1.2337598287005862e-10
0.8872745490981964 1.236734347699163e-10
0.8907815631262526 1.2396646468643755e-10
0.8942885771543087 1.2425742164856623e-10
0.8977955911823647 1.2454465417313663e-10
0.9013026052104208 1.2482880925029666e-10
0.9048096192384769 1.251099322596691e-10
0.9083166332665331 1.2538810234523835e-10
0.9118236472945892 1.2566329986155597e-10
0.9153306613226453 1.2593577726793162e-10
0.9188376753507014 1.2620539731730917e-10
0.9223446893787576 1.264722643787425e-10
0.9258517034068137 1.2673648027924586e-10
0.9293587174348698 1.269980445992757e-10
0.9328657314629258 1.2725701786382193e-10
0.9363727454909819 1.2751345557421052e-10
0.9398797595190381 1.2776740318291768e-10
0.9433867735470942 1.280188949208221e-10
0.9468937875751503 1.282679964400228e-10
0.9504008016032064 1.2851473213412376e-10
0.9539078156312626 1.2875915506401076e-10
0.9574148296593187 1.2900129508526102e-10
0.9609218436873748 1.2924120773803418e-10
0.9644288577154309 1.2947885111897359e-10
0.9679358717434869 1.2971447804653914e-10
0.9714428857715431 1.2994790839334964e-10
0.9749498997995992 1.3017926742550117e-10
0.9784569138276553 1.3040856847789522e-10
0.9819639278557114 1.306358629692035e-10
0.9854709418837675 1.3086117151958715e-10
0.9889779559118237 1.310845356996276e-10
0.9924849699398798 1.3130561749394047e-10
0.9959919839679359 1.31525535337418e-10
0.999498997995992 1.3174323275878648e-10
1.003006012024048 1.3195909992696802e-10
1.0065130260521042 1.3217316341813594e-10
1.0100200400801604 1.3238544967842857e-10
1.0135270541082164 1.3259598375221476e-10
1.0170340681362726 1.328047926127603e-10
1.0205410821643286 1.3301189469158654e-10
1.0240480961923848 1.3321732339197312e-10
1.027555110220441 1.3342109052118966e-10
1.031062124248497 1.3362323545118136e-10
1.0345691382765532 1.3382376597641535e-10
1.0380761523046091 1.3402271461896847e-10
1.0415831663326653 1.3422009988454232e-10
1.0450901803607215 1.3441594654099312e-10
1.0485971943887775 1.3461027782126486e-10
1.0521042084168337 1.3480310825379232e-10
1.0556112224448897 1.349944871283088e-10
1.059118236472946 1.351845974946664e-10
1.062625250501002 1.3537291239823336e-10
1.066132264529058 1.355604413353586e-10
1.0696392785571143 1.3574623704673218e-10
1.0731462925851702 1.3593009867645523e-10
1.0766533066132264 1.361131228440681e-10
1.0801603206412826 1.3629545277719685e-10
1.0836673346693386 1.3647593595753444e-10
1.0871743486973948 1.3665508250210118e-10
1.090681362725451 1.3683297004307303e-10
1.094188376753507 1.370088859765207e-10
1.0976953907815632 1.3718428355912923e-10
1.1012024048096192 1.3735847132618258e-10
1.1047094188376754 1.3753145859133138e-10
1.1082164328657316 1.3770326123247944e-10
1.1117234468937875 1.378738929018163e-10
1.1152304609218437 1.38043553516199e-10
1.1187374749498997 1.3821169518244452e-10
1.122244488977956 1.383788906981737e-10
1.1257515030060121 1.385449650923347e-10
1.129258517034068 1.3870992989619432e-10
1.1327655310621243 1.3887281437019555e-10
1.1362725450901803 1.390360137741734e-10
1.1397795591182365 1.3919753498937864e-10
1.1432865731462927 1.3935799237049187e-10
1.1467935871743486 1.3951740020832753e-10
1.1503006012024048 1.3967590651711127e-10
1.1538076152304608 1.3983331834894951e-10
1.157314629258517 1.3998969163431263e-10
1.1608216432865732 1.4014507671071635e-10
1.1643286573146292 1.4029947136869408e-10
1.1678356713426854 1.4045288727287314e-10
1.1713426853707416 1.4060532452445097e-10
1.1748496993987976 1.407568250182795e-10
1.1783567134268538 1.409073654085477e-10
1.1818637274549098 1.4105696905631394e-10
1.185370741482966 1.412056448401682e-10
1.1888777555110221 1.413534029094054e-10
1.1923847695390781 1.415002407783595e-10
1.1958917835671343 1.4164620651930812e-10
1.1993987975951903 1.4179127184358924e-10
1.2029058116232465 1.4193542453120143e-10
1.2064128256513027 1.420787791092742e-10
1.2099198396793587 1.422211008136673e-10
1.2134268537074149 1.4236282024358245e-10
1.2169338677354709 1.4250362393663843e-10
1.220440881763527 1.426435642872344e-10
1.2239478957915833 1.4278208218511847e-10
1.2274549098196392 1.429209840444871e-10
1.2309619238476954 1.4305847901333901e-10
1.2344689378757514 1.4319517481793904e-10
1.2379759519038076 1.4333107826546283e-10
1.2414829659318638 1.4346617544837296e-10
1.2449899799599198 1.4360053737886042e-10
1.248496993987976 1.437340871870001e-10
1.2520040080160322 1.4386687365354324e-10
1.2555110220440882 1.4399894462810802e-10
1.2590180360721444 1.4413024906554078e-10
1.2625250501002003 1.4426075291698314e-10
1.2660320641282565 1.4439064337875754e-10
1.2695390781563127 1.4451975361254827e-10
1.2730460921843687 1.4464813021043408e-10
1.276553106212425 1.447757979858715e-10
1.2800601202404809 1.449027642120068e-10
1.283567134268537 1.450290450859942e-10
1.2870741482965933 1.4515462208201747e-10
1.2905811623246493 1.452794897972735e-10
1.2940881763527055 1.4540371817173262e-10
1.2975951903807614 1.4552725042626738e-10
1.3011022044088176 1.4565004088201654e-10
1.3046092184368738 1.457723190234219e-10
1.3081162324649298 1.4583626576193299e-10
1.311623246492986 1.4601470262166987e-10
1.3151302605210422 1.4613501263543535e-10
1.3186372745490982 1.4625462431671315e-10
1.3221442885771544 1.4637360214770768e-10
1.3256513026052104 1.4649195140969733e-10
1.3291583166332666 1.4660970918078713e-10
1.3326653306613228 1.4672678668760235e-10
1.3361723446893787 1.4684328371580785e-10
1.339679358717435 1.4695922934821134e-10
1.343186372745491 1.470744598244507e-10
1.346693386773547 1.471891448084687e-10
1.3502004008016033 1.473032376178705e-10
1.3537074148296593 1.4741675548206493e-10
1.3572144288577155 1.4752969974444443e-10
1.3607214428857715 1.4764206376282578e-10
1.3642284569138277 1.477538228155752e-10
1.3677354709418839 1.478650262488628e-10
1.3712424849699398 1.4797567182043364e-10
1.374749498997996 1.4808580068795426e-10
1.378256513026052 1.4819529080919346e-10
1.3817635270541082 1.4830427198697563e-10
1.3852705410821644 1.48412708171527e-10
1.3887775551102204 1.4852060222215842e-10
1.3922845691382766 1.486148160895064e-10
1.3957915831663328 1.4873478298093955e-10
1.3992985971943888 1.4884107624659006e-10
1.402805611222445 1.4894684659318806e-10
1.406312625250501 1.490528692446882e-10
1.4098196392785571 1.4915672321246954e-10
1.4133266533066133 1.4926104462461033e-10
1.4168336673346693 1.4936474994939842e-10
1.4203406813627255 1.4946795043744836e-10
1.4238476953907815 1.495706501246993e-10
1.4273547094188377 1.4967286221071904e-10
1.4308617234468939 1.4977457223234122e-10
1.4343687374749499 1.4987579141621408e-10
1.437875751503006 1.4997652378272322e-10
1.441382765531062 1.5007677341558423e-10
1.4448897795591182 1.5017654104053025e-10
1.4483967935871744 1.5027573347851466e-10
1.4519038076152304 1.5037465316336242e-10
1.4554108216432866 1.5047233855791915e-10
1.4589178356713428 1.505708465619835e-10
1.4624248496993988 1.5066831042157296e-10
1.465931863727455 1.5076527115267154e-10
1.469438877755511 1.5086176657175841e-10
1.4729458917835672 1.5095782867489152e-10
1.4764529058116234 1.510534316373452e-10
1.4799599198396793 1.5114858850389785e-10
1.4834669338677355 1.512432829766697e-10
1.4869739478957915 1.5133756479531762e-10
1.4904809619238477 1.5143139938444923e-10
1.493987975951904 1.515247977809001e-10
1.49749498997996 1.5161774899245004e-10
1.501002004008016 1.5171030074081309e-10
1.504509018036072 1.5180241541172756e-10
1.5080160320641283 1.518940684451361e-10
1.5115230460921845 1.5198536992329713e-10
1.5150300601202404 1.5207621778146538e-10
1.5185370741482966 1.5216665946222043e-10
1.5220440881763526 1.52256678059483e-10
1.5255511022044088 1.5234818049272425e-10
1.529058116232465 1.5243550160676443e-10
1.532565130260521 1.5252430745672844e-10
1.5360721442885772 1.5261270886245133e-10
1.5395791583166334 1.5270071264837655e-10
1.5430861723446894 1.5278932305270686e-10
1.5465931863727456 1.5287906026155246e-10
1.5501002004008015 1.5296235674949194e-10
1.5536072144288577 1.5305023212958163e-10
1.557114228456914 1.531353385426338e-10
1.56062124248497 1.5322101440182394e-10
1.5641282565130261 1.5330578640413214e-10
1.567635270541082 1.5339068648498452e-10
1.5711422845691383 1.534752154579556e-10
1.5746492985971945 1.5355936406818502e-10
1.5781563126252505 1.536431490687192e-10
1.5816633266533067 1.5372655479552778e-10
1.5851703406813626 1.5380981064284917e-10
1.5886773547094188 1.5389227775056649e-10
1.592184368737475 1.5397459576288568e-10
1.595691382765531 1.540565486101047e-10
1.5991983967935872 1.5413814635309132e-10
1.6027054108216432 1.542194724322836e-10
1.6062124248496994 1.5430026922237962e-10
1.6097194388777556 1.5438079992138655e-10
1.6132264529058116 1.5446098303926128e-10
1.6167334669338678 1.5454081729716093e-10
1.620240480961924 1.5462030428986497e-10
1.62374749498998 1.5469944720714651e-10
1.6272545090180361 1.5477825183730263e-10
1.6307615230460921 1.5485670923472201e-10
1.6342685370741483 1.5493483551418685e-10
1.6377755511022045 1.5501261703487664e-10
1.6412825651302605 1.5509005705749637e-10
1.6447895791583167 1.5516718802894403e-10
1.6482965931863727 1.5525029398805979e-10
1.6518036072144289 1.5532044472184052e-10
1.655310621242485 1.553965851843016e-10
1.658817635270541 1.5547239939848788e-10
1.6623246492985972 1.555478921265481e-10
1.6658316633266532 1.5562285822616075e-10
1.6693386773547094 1.556979046962765e-10
1.6728456913827656 1.557724328769338e-10
1.6763527054108216 1.5584664332616964e-10
1.6798597194388778 1.559205415677144e-10
1.6833667334669338 1.5599412561881402e-10
1.68687374749499 1.560673981475076e-10
1.6903807615230462 1.561403607960062e-10
1.6938877755511021 1.5621301570747311e-10
1.6973947895791583 1.5628536410527517e-10
1.7009018036072145 1.5635741159717782e-10
1.7044088176352705 1.5642915105156213e-10
1.7079158316633267 1.565001359963164e-10
1.7114228456913827 1.56571739895912e-10
1.714929859719439 1.566425937148031e-10
1.718436873747495 1.567131651278504e-10
1.721943887775551 1.5678341398709815e-10
1.7254509018036073 1.5685338671917374e-10
1.7289579158316633 1.569230582992486e-10
1.7324649298597194 1.5699070056940387e-10
1.7359719438877756 1.5706156849393754e-10
1.7394789579158316 1.5713038723369895e-10
1.7429859719438878 1.5719891923381605e-10
1.7464929859719438 1.5726716242036747e-10
1.75 1.5733507290596804e-10
