0.5038716357254187 nan
0.5063688869564299 3.6559985771967655e-16
0.5088661381874411 7.490244363840942e-16
0.5113633894184523 1.1515942118063921e-15
0.5138606406494635 1.5747359989021663e-15
0.5163578918804747 2.0199918450254755e-15
0.5188551431114858 2.4890286756442363e-15
0.521352394342497 2.9944506873430307e-15
0.5238496455735082 3.518136529209669e-15
0.5263468968045194 4.071460211069669e-15
0.5288441480355306 4.66758886893013e-15
0.5313413992665418 5.2882956503518615e-15
0.533838650497553 5.946055732840463e-15
0.5363359017285642 6.6437582409301475e-15
0.5388331529595753 7.395276118326404e-15
0.5413304041905864 8.183261882101706e-15
0.5438276554215977 9.021365762126784e-15
0.5463249066526088 9.913555515304298e-15
0.54882215788362 1.0864127466147292e-14
0.5513194091146312 1.1888009938702752e-14
0.5538166603456424 1.2970223098436121e-14
0.5563139115766536 1.4125965720763587e-14
0.5588111628076647 1.5361148255827925e-14
0.5613084140386759 1.668217262803044e-14
0.5638056652696871 1.8127203855791874e-14
0.5663029165006983 1.9642572170631942e-14
0.5688001677317095 2.126636385557774e-14
0.5712974189627207 2.3007393285465143e-14
0.5737946701937319 2.4875208661975827e-14
0.5762919214247431 2.6880153008900868e-14
0.5787891726557542 2.903343012285159e-14
0.5812864238867654 3.134717585852071e-14
0.5837836751177766 3.38345351565895e-14
0.5862809263487878 3.6509745248127194e-14
0.588778177579799 3.9388225498948963e-14
0.5912754288108102 4.248667438488826e-14
0.5937726800418214 4.5823174121574097e-14
0.5962699312728326 4.9417025064802555e-14
0.5987671825038438 5.328994601937127e-14
0.6012644337348549 5.746463577593297e-14
0.6037616849658661 6.196593049360201e-14
0.6062589361968773 6.682070848946143e-14
0.6087561874278885 7.205805354062487e-14
0.6112534386588997 7.770943038786994e-14
0.6137506898899109 8.380887321115411e-14
0.6162479411209221 9.039318787339373e-14
0.6187451923519331 9.750216874789274e-14
0.6212424435829444 1.0517883096082748e-13
0.6237396948139555 1.1347153383778505e-13
0.6262369460449668 1.2242696363352098e-13
0.6287341972759779 1.3210104083202465e-13
0.6312314485069892 1.4255232645225838e-13
0.6337286997380003 1.5384402410347665e-13
0.6362259509690115 1.6604432186566608e-13
0.6387232022000227 1.7922675492523865e-13
0.6412204534310338 1.9347058943872404e-13
0.643717704662045 2.088612279352696e-13
0.6462149558930562 2.2549063636068654e-13
0.6487122071240674 2.434577926018026e-13
0.6512094583550786 2.6286915599836e-13
0.6537067095860898 2.838331302948897e-13
0.656203960817101 3.0648396846556416e-13
0.6587012120481122 3.3094817991576113e-13
0.6611984632791233 3.573672094222345e-13
0.6636957145101345 3.8589259156698445e-13
0.6661929657411457 4.166865044024872e-13
0.6686902169721569 4.499223220115969e-13
0.6711874682031681 4.857851580291683e-13
0.6736847194341793 5.24472390166585e-13
0.6761819706651905 5.66194153327007e-13
0.6786792218962017 6.107054983822866e-13
0.6811764731272129 6.596482104238193e-13
0.683673724358224 7.118682247020901e-13
0.6861709755892352 7.680877476165899e-13
0.6886682268202464 8.286064165767644e-13
0.6911654780512576 8.937071366495131e-13
0.6936627292822688 9.636961762218587e-13
0.6961599805132799 1.0388925319089082e-12
0.6986572317442912 1.119626794244816e-12
0.7011544829753023 1.2062395194000237e-12
0.7036517342063136 1.2990790425664187e-12
0.7061489854373246 1.3984982301207185e-12
0.7086462366683359 1.5048508385542557e-12
0.711143487899347 1.618486100203566e-12
0.7136407391303583 1.739742060652952e-12
0.7161379903613694 1.868936926507529e-12
0.7186352415923806 2.0063579372135237e-12
0.7211324928233918 2.152246933713108e-12
0.723629744054403 2.306796111418497e-12
0.7261269952854141 2.4700685528665695e-12
0.7286242465164253 2.6420473494682155e-12
0.7311214977474365 2.822523500169896e-12
0.7336187489784477 3.011114604009004e-12
0.7361160002094589 3.207084417142552e-12
0.7386132514404701 3.409279128312029e-12
0.7411105026714813 3.6159043926845973e-12
0.7436077539024925 3.8241387223158506e-12
0.7461050051335036 4.028633710995771e-12
0.7486022563645148 4.2195850362204915e-12
0.751099507595526 4.3876323523297135e-12
0.7535967588265372 4.543301896556132e-12
0.7560940100575484 4.690023275737498e-12
0.7585912612885596 4.829612004385499e-12
0.7610885125195708 4.9632410430549794e-12
0.763585763750582 5.091744840877285e-12
0.7660830149815931 5.215752696822351e-12
0.7685802662126042 5.335758431573337e-12
0.7710775174436155 5.452161000074092e-12
0.7735747686746266 5.5652899939294604e-12
0.7760720199056379 5.6754225776579364e-12
0.778569271136649 5.782795225975959e-12
0.7810665223676603 5.8876121473758105e-12
0.7835637735986714 5.9900515008403016e-12
0.7860610248296827 6.090270090427681e-12
0.7885582760606937 6.188406984602606e-12
0.791055527291705 6.284586353662825e-12
0.7935527785227161 6.378919727796731e-12
0.7960500297537274 6.471507817897741e-12
0.7985472809847385 6.562442000740246e-12
0.8010445322157498 6.6518055428253984e-12
0.8035417834467609 6.739674619439905e-12
0.806039034677772 6.826119168674555e-12
0.8085362859087832 6.911203613614167e-12
0.8110335371397944 6.9949874783040235e-12
0.8135307883708056 7.077525913156218e-12
0.8160280396018168 7.158870149993448e-12
0.818525290832828 7.239067895301834e-12
0.8210225420638392 7.318163672916853e-12
0.8235197932948504 7.396199123870116e-12
0.8260170445258616 7.47321326989698e-12
0.8285142957568727 7.549242745953893e-12
0.8310115469878839 7.624322006172946e-12
0.8335087982188951 7.698483506942937e-12
0.8360060494499063 7.77175787020429e-12
0.8385033006809175 7.844174029560876e-12
0.8410005519119287 7.915759361404825e-12
0.8434978031429399 7.986539802930097e-12
0.845995054373951 8.056539958626568e-12
0.8484923056049622 8.125783196624823e-12
0.8509895568359733 8.194291736071778e-12
0.8534868080669846 8.262086726551464e-12
0.8559840592979957 8.329188320434223e-12
0.858481310529007 8.39561573892311e-12
0.8609785617600181 8.461387332465172e-12
0.8634758129910294 8.526520636113547e-12
0.8659730642220405 8.591032420356295e-12
0.8684703154530518 8.654938737863341e-12
0.8709675666840628 8.718254966552592e-12
0.8734648179150741 8.780995849327454e-12
0.8759620691460852 8.843175530799773e-12
0.8784593203770965 8.904807591279002e-12
0.8809565716081076 8.965905078272811e-12
0.8834538228391188 9.02648053572537e-12
0.88595107407013 9.086546031186041e-12
0.8884483253011412 9.146113181095741e-12
0.8909455765321523 9.20519317434037e-12
0.8934428277631635 9.263796795067142e-12
0.8959400789941747 9.321934439838938e-12
0.8984373302251859 9.37961614184644e-12
0.9009345814561971 9.436851585518745e-12
0.9034318326872083 9.493650124174555e-12
0.9059290839182195 9.550020795795574e-12
0.9084263351492307 9.605972337830914e-12
0.9109235863802418 9.661513201110254e-12
0.913420837611253 9.716651562925955e-12
0.9159180888422642 9.771395339348424e-12
0.9184153400732754 9.825752196828086e-12
0.9209125913042866 9.879729563134549e-12
0.9234098425352978 9.933334637680226e-12
0.925907093766309 9.986574400282533e-12
0.92840434499732 1.0039455624311404e-11
0.9309015962283314 1.0091984879520677e-11
0.9333988474593424 1.0144168544207599e-11
0.9358960986903537 1.0196012812053385e-11
0.9383933499213648 1.0247523699525352e-11
0.9408906011523761 1.0298707052903605e-11
0.9433878523833872 1.0349568554946669e-11
0.9458851036143985 1.0400113731222598e-11
0.9483823548454096 1.0450348226311021e-11
0.9508796060764209 1.0500276730561371e-11
0.9533768573074319 1.054990460129732e-11
0.9558741085384432 1.0599236792621928e-11
0.9583713597694543 1.0648277852634302e-11
0.9608686110004656 1.0697033030862993e-11
0.9633658622314767 1.0745506631243403e-11
0.9658631134624879 1.0793703115668899e-11
0.9683603646934991 1.0841626833693479e-11
0.9708576159245103 1.0889282026432695e-11
0.9733548671555214 1.0936672830290595e-11
0.9758521183865326 1.0983803280523618e-11
0.9783493696175438 1.10306773146479e-11
0.980846620848555 1.1077298775700558e-11
0.9833438720795662 1.1123671415360622e-11
0.9858411233105774 1.116979889693827e-11
0.9883383745415886 1.1215684798239583e-11
0.9908356257725998 1.1261332614311794e-11
0.993332877003611 1.130674576007424e-11
0.9958301282346221 1.1351927572846227e-11
0.9983273794656333 1.1396881314768683e-11
1.0008246306966444 1.14416101751305e-11
1.0033218819276557 1.148611727260483e-11
1.005819133158667 1.1530405657394705e-11
1.008316384389678 1.1574478313296795e-11
1.0108136356206892 1.161833815968484e-11
1.0133108868517005 1.166198805341932e-11
1.0158081380827118 1.1705430790682288e-11
1.0183053893137228 1.1748669108743912e-11
1.020802640544734 1.1791705687664861e-11
1.0232998917757452 1.1834543151935882e-11
1.0257971430067563 1.1877184072052814e-11
1.0282943942377676 1.1919630966042806e-11
1.0307916454687787 1.1961886300926937e-11
1.0332888966997897 1.2003952494136622e-11
1.035786147930801 1.2045831914877923e-11
1.0382833991618123 1.208752688544698e-11
1.0407806503928234 1.2129039682501512e-11
1.0432779016238345 1.2170372538286851e-11
1.0457751528548458 1.2211527641821225e-11
1.048272404085857 1.2252507140039402e-11
1.0507696553168682 1.2293313138899718e-11
1.0532669065478792 1.2333947704450658e-11
1.0557641577788905 1.23744128638657e-11
1.0582614090099018 1.2414710606442621e-11
1.060758660240913 1.2454842884569009e-11
1.063255911471924 1.2494811614657092e-11
1.0657531627029353 1.2534618678049328e-11
1.0682504139339466 1.2574265921894329e-11
1.0707476651649577 1.2613755159994182e-11
1.0732449163959688 1.2653088173625931e-11
1.07574216762698 1.269226671233778e-11
1.0782394188579913 1.2731292494718834e-11
1.0807366700890024 1.277016720914669e-11
1.0832339213200135 1.2808892514510953e-11
1.0857311725510248 1.2847470040915676e-11
1.088228423782036 1.288590139036063e-11
1.0907256750130472 1.292418813739882e-11
1.0932229262440583 1.2962331829781678e-11
1.0957201774750696 1.3000333989075071e-11
1.0982174287060809 1.3038196111267408e-11
1.100714679937092 1.307591966735205e-11
1.103211931168103 1.3113506103897664e-11
1.105709182399114 1.3150956843598562e-11
1.1082064336301254 1.3188273285812782e-11
1.1107036848611367 1.3225456807081524e-11
1.1132009360921478 1.3262508761636843e-11
1.1156981873231588 1.3299430481891887e-11
1.1181954385541701 1.3336223278920243e-11
1.1206926897851814 1.3372888442921019e-11
1.1231899410161925 1.3409427243669444e-11
1.1256871922472036 1.3445840930957644e-11
1.128184443478215 1.3482130735022937e-11
1.1306816947092262 1.3518297866961001e-11
1.1331789459402373 1.3554343519134133e-11
1.1356761971712483 1.3590268865562872e-11
1.1381734484022596 1.3626075062309541e-11
1.140670699633271 1.3661763247853157e-11
1.143167950864282 1.3697334543450657e-11
1.145665202095293 1.3732790053492538e-11
1.1481624533263044 1.3768130865846473e-11
1.1506597045573157 1.380335805219408e-11
1.1531569557883268 1.3838472668356696e-11
1.1556542070193379 1.3873475754615536e-11
1.1581514582503492 1.3908368336020577e-11
1.1606487094813605 1.3943151422695758e-11
1.1631459607123715 1.397782601013196e-11
1.1656432119433826 1.4012393079475814e-11
1.168140463174394 1.4046853597809694e-11
1.1706377144054052 1.4081208518426226e-11
1.1731349656364163 1.4115458781094499e-11
1.1756322168674274 1.4149605312320662e-11
1.1781294680984387 1.418364902560186e-11
1.18062671932945 1.4217590821674732e-11
1.183123970560461 1.4251431588755027e-11
1.1856212217914721 1.4285172202777627e-11
1.1881184730224832 1.4318813527623442e-11
1.1906157242534945 1.4352356415346927e-11
1.1931129754845058 1.438580170639262e-11
1.1956102267155169 1.4419150229813537e-11
1.198107477946528 1.4452402803478921e-11
1.2006047291775392 1.4485560234276729e-11
1.2031019804085505 1.4518623318317933e-11
1.2055992316395616 1.4551592841127424e-11
1.2080964828705727 1.458446957783992e-11
1.210593734101584 1.46172542933807e-11
1.2130909853325953 1.4649947742650952e-11
1.2155882365636064 1.4682550670708342e-11
1.2180854877946174 1.4715063812932745e-11
1.2205827390256287 1.4747487895206283e-11
1.22307999025664 1.4779823634077807e-11
1.2255772414876511 1.481207173691933e-11
1.2280744927186622 1.4844232902095056e-11
1.2305717439496735 1.4876307819099273e-11
1.2330689951806848 1.4908297168742453e-11
1.2355662464116959 1.494020162323927e-11
1.238063497642707 1.497202184645117e-11
1.2405607488737183 1.5003758493946222e-11
1.2430580001047296 1.5035412213074276e-11
1.2455552513357406 1.506698364353733e-11
1.2480525025667517 1.5098473415028772e-11
1.250549753797763 1.5129882156052246e-11
1.2530470050287743 1.5161210478646484e-11
1.2555442562597854 1.5192458992646722e-11
1.2580415074907965 1.5223628299834158e-11
1.2605387587218078 1.52547189942644e-11
1.2630360099528188 1.5285731663082026e-11
1.2655332611838301 1.5316666886338133e-11
1.2680305124148412 1.534752523726248e-11
1.2705277636458523 1.5378307282297558e-11
1.2730250148768636 1.5409013581217133e-11
1.275522266107875 1.543964468723339e-11
1.278019517338886 1.547020114711129e-11
1.280516768569897 1.5500683501261517e-11
1.2830140198009083 1.5531092283838097e-11
1.2855112710319196 1.5561428022842473e-11
1.2880085222629307 1.5591691240222428e-11
1.2905057734939418 1.5621882451959707e-11
1.293003024724953 1.565200216816613e-11
1.2955002759559644 1.5682050893169823e-11
1.2979975271869755 1.571202912560742e-11
1.3004947784179866 1.5741937358514358e-11
1.3029920296489979 1.577177607940261e-11
1.3054892808800092 1.580154577035153e-11
1.3079865321110202 1.5831246908085097e-11
1.3104837833420313 1.5860879964053737e-11
1.3129810345730426 1.589044540451841e-11
1.315478285804054 1.591994369061815e-11
1.317975537035065 1.5949375278456506e-11
1.320472788266076 1.5978740619168482e-11
1.3229700394970874 1.6008040159000103e-11
1.3254672907280987 1.6037274339374544e-11
1.3279645419591097 1.606644359696629e-11
1.3304617931901208 1.6095548363771528e-11
1.332959044421132 1.6124589067171387e-11
1.3354562956521434 1.6153566130004042e-11
1.3379535468831545 1.618247997062482e-11
1.3404507981141656 1.621133100297777e-11
1.3429480493451769 1.624011963665107e-11
1.345445300576188 1.6268846276945373e-11
1.3479425518071992 1.629751132492979e-11
1.3504398030382103 1.63261151775061e-11
1.3529370542692214 1.635465822746434e-11
1.3554343055002327 1.638314086354233e-11
1.357931556731244 1.6411563470481878e-11
1.360428807962255 1.6439926429083906e-11
1.3629260591932661 1.6468230116265177e-11
1.3654233104242774 1.649647490510925e-11
1.3679205616552887 1.6524661164920628e-11
1.3704178128862998 1.6552789261278688e-11
1.372915064117311 1.6580859556084908e-11
1.3754123153483222 1.6608872407616643e-11
1.3779095665793335 1.6636828170573497e-11
1.3804068178103446 1.666472719612872e-11
1.3829040690413557 1.6692569831972424e-11
1.385401320272367 1.672035642236465e-11
1.3878985715033783 1.674808730817556e-11
1.3903958227343893 1.677576282693372e-11
1.3928930739654004 1.6803383312870624e-11
1.3953903251964117 1.6830949096962163e-11
1.397887576427423 1.685846050697503e-11
1.400384827658434 1.6885917867506386e-11
1.4028820788894452 1.691332150002613e-11
1.4053793301204565 1.6940671722918495e-11
1.4078765813514678 1.696796885152118e-11
1.4103738325824788 1.6995213198166278e-11
1.41287108381349 1.702240507221797e-11
1.4153683350445012 1.704954478011147e-11
1.4178655862755125 1.7076632625389745e-11
1.4203628375065236 1.7103668908742875e-11
1.4228600887375347 1.713065392804218e-11
1.4253573399685457 1.7157587978551215e-11
1.427854591199557 1.7184471352264326e-11
1.4303518424305683 1.7211304338986852e-11
1.4328490936615794 1.723808722566996e-11
1.4353463448925905 1.7264820296623566e-11
1.4378435961236018 1.7291503833544915e-11
1.440340847354613 1.73181381155543e-11
1.4428380985856242 1.734472341922281e-11
1.4453353498166353 1.7371260018609723e-11
1.4478326010476466 1.7397748185289237e-11
1.4503298522786578 1.742418818838159e-11
1.452827103509669 1.745058029458732e-11
1.45532435474068 1.7476924768209484e-11
1.4578216059716913 1.7503221871189438e-11
1.4603188572027026 1.752947186313334e-11
1.4628161084337137 1.7555675001339095e-11
1.4653133596647248 1.7581831540826064e-11
1.467810610895736 1.7607941734363e-11
1.4703078621267474 1.7634005832491923e-11
1.4728051133577584 1.7660024083558963e-11
1.4753023645887695 1.7685996733736867e-11
1.4777996158197808 1.771192402705258e-11
1.480296867050792 1.7737806205414587e-11
1.4827941182818032 1.7763643508633108e-11
1.4852913695128143 1.7789436174450334e-11
1.4877886207438256 1.781518443855942e-11
1.4902858719748369 1.7840888534633282e-11
1.492783123205848 1.7866548694345817e-11
1.495280374436859 1.7892165147394333e-11
1.4977776256678703 1.7917738121524685e-11
1.5002748768988816 1.7943267842552298e-11
1.5027721281298927 1.796875453438477e-11
1.5052693793609038 1.7994198419043392e-11
1.507766630591915 1.8019599716688347e-11
1.5102638818229261 1.8044958645632895e-11
1.5127611330539374 1.8070275422370747e-11
1.5152583842849485 1.8095550261595214e-11
1.5177556355159598 1.8120783376216875e-11
1.520252886746971 1.8145974977387202e-11
1.5227501379779822 1.8171125274517173e-11
1.5252473892089933 1.8196234475295447e-11
1.5277446404400046 1.822130278570991e-11
1.5302418916710157 1.8246330410064833e-11
1.532739142902027 1.8271317551000984e-11
1.535236394133038 1.8296264409511814e-11
1.5377336453640493 1.8321171184967103e-11
1.5402308965950604 1.83460380751228e-11
1.5427281478260717 1.8370865276145874e-11
1.5452253990570828 1.839565298262826e-11
1.5477226502880939 1.8420401387603705e-11
1.5502199015191052 1.8445110682567863e-11
1.5527171527501162 1.846978105749221e-11
1.5552144039811275 1.8494412700840926e-11
1.5577116552121386 1.8519005799589472e-11
1.56020890644315 1.854356053923592e-11
1.562706157674161 1.8568077103821576e-11
1.5652034089051723 1.8592555675945826e-11
1.5677006601361834 1.8616996436778667e-11
1.5701979113671947 1.8641399566079688e-11
1.5726951625982057 1.8665765242209673e-11
1.575192413829217 1.869009364214781e-11
1.5776896650602281 1.8714384941505306e-11
1.5801869162912394 1.8738639314540224e-11
1.5826841675222505 1.8762856934171034e-11
1.5851814187532618 1.878703797199281e-11
1.5876786699842729 1.881118259828668e-11
1.5901759212152842 1.8835290982038592e-11
1.5926731724462952 1.885936329094979e-11
1.5951704236773065 1.8883399691450912e-11
1.5976676749083176 1.89074003487142e-11
1.600164926139329 1.893136542666798e-11
1.60266217737034 1.89552950880104e-11
1.6051594286013513 1.8979189494218265e-11
1.6076566798323624 1.900304880556213e-11
1.6101539310633737 1.9026873181118888e-11
1.6126511822943848 1.9050662778784025e-11
1.615148433525396 1.907441775528047e-11
1.6176456847564071 1.9098138266176283e-11
1.6201429359874184 1.9121824465888927e-11
1.6226401872184295 1.914547650770476e-11
1.6251374384494406 1.916909454378503e-11
1.6276346896804519 1.9192678725177154e-11
1.630131940911463 1.9216229201828835e-11
1.6326291921424743 1.923974612259783e-11
1.6351264433734853 1.9263229635261346e-11
1.6376236946044966 1.9286679886529204e-11
1.6401209458355077 1.9310097022052015e-11
1.642618197066519 1.9333481186432095e-11
1.64511544829753 1.9356832523236937e-11
1.6476126995285414 1.9380151175004517e-11
1.6501099507595525 1.9403437283255515e-11
1.6526072019905638 1.9426690988505996e-11
1.6551044532215748 1.9449912430272134e-11
1.6576017044525861 1.947310174708246e-11
1.6600989556835972 1.9496259076488706e-11
1.6625962069146085 1.9519384555072985e-11
1.6650934581456196 1.9542478318459305e-11
1.667590709376631 1.95655405013193e-11
1.670087960607642 1.9588571237385426e-11
1.6725852118386533 1.9611570659458023e-11
1.6750824630696644 1.9634538899413775e-11
1.6775797143006757 1.9657476088214874e-11
1.6800769655316867 1.9680382355917928e-11
1.682574216762698 1.9703257831683348e-11
1.685071467993709 1.972610264378141e-11
1.6875687192247204 1.9748916919605003e-11
1.6900659704557315 1.9771700785672045e-11
1.6925632216867428 1.979445436763749e-11
1.6950604729177539 1.98171777903022e-11
1.6975577241487652 1.9839871177617264e-11
1.7000549753797762 1.9862534652695566e-11
1.7025522266107873 1.988516833781634e-11
1.7050494778417986 1.990777235443635e-11
1.7075467290728097 1.99303468231948e-11
1.710043980303821 1.995289186392218e-11
1.712541231534832 1.9975407595646542e-11
1.7150384827658434 1.9997894136601687e-11
1.7175357339968544 2.00203516042349e-11
1.7200329852278657 2.0042780115213507e-11
1.7225302364588768 2.0065179785431512e-11
1.7250274876898881 2.0087550730018384e-11
1.7275247389208992 2.0109893063344165e-11
1.7300219901519105 2.0132206899025068e-11
1.7325192413829216 2.0154492349934998e-11
1.7350164926139329 2.0176749528208212e-11
1.737513743844944 2.0198978545246993e-11
1.7400109950759552 2.0221179511728463e-11
1.7425082463069663 2.0243352537610658e-11
1.7450054975379776 2.0265497732140743e-11
1.7475027487689887 2.0287615203857452e-11
1.75 2.0309705060600825e-11
