0.3973213749463701 0.0
0.39988462233225147 5.467880792328432e-13
0.40244786971813284 1.11991402627796e-12
0.40501111710401416 1.7213299691317526e-12
0.40757436448989554 2.3531313399556016e-12
0.4101376118757769 3.0175793883987602e-12
0.4127008592616583 3.7171011306709344e-12
0.41526410664753965 4.4543250112223735e-12
0.417827354033421 5.232063614859314e-12
0.42039060141930235 6.053345889891061e-12
0.4229538488051837 6.921419108877845e-12
0.4255170961910651 7.83979401738029e-12
0.4280803435769464 8.81221688819013e-12
0.4306435909628278 9.842712588993193e-12
0.43320683834870916 1.093559396957792e-11
0.43577008573459053 1.209547788941653e-11
0.43833333312047185 1.3327301164064223e-11
0.4408965805063532 1.463633619751062e-11
0.4434598278922346 1.6028206019468788e-11
0.44602307527811597 1.7508898393102603e-11
0.44858632266399734 1.9084778600230043e-11
0.45114957004987866 2.0762600446924806e-11
0.45371281743576003 2.2549514966417395e-11
0.4562760648216414 2.4453076215014723e-11
0.4588393122075228 2.648124355959953e-11
0.46140255959340415 2.864237957940939e-11
0.46396580697928547 3.0945242982126625e-11
0.46652905436516684 3.339897555470036e-11
0.4690923017510482 3.6013082329857626e-11
0.4716555491369296 3.879740407195745e-11
0.47421879652281096 4.1762081217102605e-11
0.4767820439086923 4.4917508452015806e-11
0.47934529129457365 4.827427922036136e-11
0.481908538680455 5.184311959095461e-11
0.48447178606633634 5.563481112807759e-11
0.4870350334522177 5.966010267195084e-11
0.4895982808380991 6.392961125558884e-11
0.49216152822398046 6.845371276693876e-11
0.49472477560986183 7.324242338094005e-11
0.49728802299574315 7.83052732399013e-11
0.4998512703816245 8.36511743192129e-11
0.5024145177675059 8.928828484953457e-11
0.5049777651533872 9.522387306067529e-11
0.5075410125392686 1.0146418331787311e-10
0.51010425992515 1.0801430792045804e-10
0.5126675073110314 1.1487806788358975e-10
0.5152307546969127 1.2205790592591505e-10
0.517794002082794 1.2955479461527937e-10
0.5203572494686755 1.3736816218405815e-10
0.5229204968545568 1.454958379453147e-10
0.5254837442404381 1.5393401853831305e-10
0.5280469916263195 1.6267725544244006e-10
0.5306102390122008 1.717184633854096e-10
0.5331734863980823 1.8104894846145545e-10
0.5357367337839636 1.906584540318227e-10
0.538299981169845 2.0053522182061273e-10
0.5408632285557263 2.106660650951379e-10
0.5434264759416076 2.2103645041456416e-10
0.5459897233274891 2.3163058417299211e-10
0.5485529707133704 2.424315000028965e-10
0.5511162180992517 2.534211430454354e-10
0.5536794654851331 2.6458044706080877e-10
0.5562427128710145 2.758894003045848e-10
0.5588059602568958 2.8732709595117345e-10
0.5613692076427772 2.988717625059304e-10
0.5639324550286586 3.105007689670733e-10
0.56649570241454 3.221905982736663e-10
0.5690589498004213 3.339167804594498e-10
0.5716221971863027 3.4565377332755015e-10
0.574185444572184 3.5737477229784387e-10
0.5767486919580653 3.6905142021670007e-10
0.5793119393439468 3.806533678916177e-10
0.5818751867298281 3.921475967705802e-10
0.5844384341157094 4.034973307002758e-10
0.5870016815015908 4.1466015894913345e-10
0.5895649288874721 4.2558439998279754e-10
0.5921281762733536 4.3620043335928087e-10
0.5946914236592349 4.463843961844272e-10
0.5972546710451163 4.559330358462809e-10
0.5998179184309976 4.650423638950719e-10
0.602381165816879 4.738164448624587e-10
0.6049444132027604 4.823086235675638e-10
0.6075076605886417 4.905546466779069e-10
0.610070907974523 4.985810005925732e-10
0.6126341553604044 5.064084516389857e-10
0.6151974027462858 5.140538925064702e-10
0.6177606501321671 5.215314286926673e-10
0.6203238975180485 5.288530715589491e-10
0.6228871449039299 5.360292070018651e-10
0.6254503922898113 5.430689267399002e-10
0.6280136396756926 5.499802707910314e-10
0.630576887061574 5.567704100178886e-10
0.6331401344474553 5.634457867883005e-10
0.6357033818333366 5.700122255011159e-10
0.6382666292192181 5.76475020893593e-10
0.6408298766050994 5.828390096191635e-10
0.6433931239909807 5.891086289981217e-10
0.6459563713768621 5.952879657758321e-10
0.6485196187627436 6.013807969865888e-10
0.6510828661486248 6.073906245030245e-10
0.6536461135345062 6.133207044777493e-10
0.6562093609203876 6.191740726118495e-10
0.6587726083062689 6.249535659828352e-10
0.6613358556921503 6.306618420121667e-10
0.6638991030780317 6.363013950370983e-10
0.666462350463913 6.418745708616623e-10
0.6690255978497943 6.473835795924685e-10
0.6715888452356757 6.528305070098404e-10
0.6741520926215571 6.582173246816981e-10
0.6767153400074384 6.635458989923083e-10
0.6792785873933198 6.688179992304583e-10
0.6818418347792012 6.740353048585246e-10
0.6844050821650826 6.791994120650504e-10
0.6869683295509639 6.843118396888396e-10
0.6895315769368453 6.893740345887172e-10
0.6920948243227266 6.943873765238074e-10
0.6946580717086079 6.993531825991317e-10
0.6972213190944894 7.042727113248973e-10
0.6997845664803707 7.09147166330765e-10
0.702347813866252 7.139776997716312e-10
0.7049110612521334 7.187654154565875e-10
0.7074743086380149 7.235113717287092e-10
0.7100375560238961 7.282165841207946e-10
0.7126008034097775 7.32882027807849e-10
0.7151640507956589 7.375086398762616e-10
0.7177272981815402 7.420973214263272e-10
0.7202905455674216 7.466489395230535e-10
0.722853792953303 7.511643290093357e-10
0.7254170403391843 7.556442941929135e-10
0.7279802877250656 7.600896104183617e-10
0.730543535110947 7.645010255336853e-10
0.7331067824968284 7.688792612601732e-10
0.7356700298827097 7.73225014473552e-10
0.7382332772685911 7.77538958403383e-10
0.7407965246544725 7.818217437571751e-10
0.7433597720403538 7.860739997752075e-10
0.7459230194262352 7.902963352210704e-10
0.7484862668121166 7.944893393129302e-10
0.7510495141979979 7.986535826000238e-10
0.7536127615838792 8.027896177878453e-10
0.7561760089697607 8.068979805164269e-10
0.758739256355642 8.109791900944529e-10
0.7613025037415233 8.150337501924531e-10
0.7638657511274047 8.19062149498207e-10
0.766428998513286 8.230648623362152e-10
0.7689922458991674 8.270423492543949e-10
0.7715554932850488 8.309950575796281e-10
0.7741187406709302 8.349234219444182e-10
0.7766819880568115 8.388278647864881e-10
0.7792452354426929 8.427087968229881e-10
0.7818084828285743 8.465666175008951e-10
0.7843717302144556 8.504017154250678e-10
0.7869349776003369 8.542144687654877e-10
0.7894982249862184 8.580052456446487e-10
0.7920614723720997 8.617744045063841e-10
0.794624719757981 8.655222944675517e-10
0.7971879671438624 8.692492556528962e-10
0.7997512145297438 8.729556195146906e-10
0.802314461915625 8.766417091377266e-10
0.8048777093015065 8.803078395304837e-10
0.8074409566873879 8.839543179033246e-10
0.8100042040732692 8.875814439343117e-10
0.8125674514591505 8.911895100234002e-10
0.815130698845032 8.947788015357943e-10
0.8176939462309133 8.983495970346371e-10
0.8202571936167946 9.019021685038452e-10
0.822820441002676 9.054367815618075e-10
0.8253836883885574 9.089536956659865e-10
0.8279469357744387 9.124531643090834e-10
0.8305101831603201 9.15935435207407e-10
0.8330734305462015 9.194007504813092e-10
0.8356366779320828 9.228493468287681e-10
0.8381999253179642 9.262814556917782e-10
0.8407631727038456 9.296973034164182e-10
0.8433264200897269 9.330971114065004e-10
0.8458896674756082 9.36481096271492e-10
0.8484529148614897 9.398494699687054e-10
0.851016162247371 9.432024399399485e-10
0.8535794096332523 9.465402092433e-10
0.8561426570191337 9.498629766798733e-10
0.8587059044050152 9.53170936915761e-10
0.8612691517908964 9.564642805998022e-10
0.8638323991767778 9.597431944768359e-10
0.8663956465626592 9.630078614969216e-10
0.8689588939485405 9.662584609208453e-10
0.8715221413344219 9.694951684215913e-10
0.8740853887203033 9.727181561825375e-10
0.8766486361061846 9.759275929920175e-10
0.8792118834920659 9.791236443348196e-10
0.8817751308779473 9.82306472480298e-10
0.8843383782638287 9.854762365677083e-10
0.88690162564971 9.88633092688574e-10
0.8894648730355914 9.917771939663068e-10
0.8920281204214728 9.949086906331385e-10
0.8945913678073542 9.980277301045622e-10
0.8971546151932355 1.001134457051438e-09
0.8997178625791169 1.0042290134694683e-09
0.9022811099649982 1.0073115387466799e-09
0.9048443573508795 1.0103821697287955e-09
0.907407604736761 1.0134410407822393e-09
0.9099708521226423 1.0164882838553795e-09
0.9125340995085237 1.0195240285378573e-09
0.915097346894405 1.022548402117885e-09
0.9176605942802863 1.0255615296380716e-09
0.9202238416661678 1.0285635339491867e-09
0.9227870890520491 1.0315545357625375e-09
0.9253503364379304 1.0345346537006838e-09
0.9279135838238118 1.0375040043466025e-09
0.9304768312096932 1.0404627022914888e-09
0.9330400785955746 1.0434108601809178e-09
0.9356033259814559 1.0463485887599075e-09
0.9381665733673372 1.049275996916461e-09
0.9407298207532186 1.0521931917240222e-09
0.9432930681391 1.0551002784824838e-09
0.9458563155249814 1.0579973607582764e-09
0.9484195629108627 1.0608845404230147e-09
0.950982810296744 1.0637619176913148e-09
0.9535460576826255 1.066629591157506e-09
0.9561093050685068 1.0694876578310575e-09
0.9586725524543882 1.0723362131714337e-09
0.9612357998402695 1.0751753511215822e-09
0.9637990472261508 1.078005164140746e-09
0.9663622946120323 1.0808257432363989e-09
0.9689255419979136 1.0836371779950677e-09
0.971488789383795 1.0864395566126825e-09
0.9740520367696763 1.0892329659237232e-09
0.9766152841555577 1.0920174914298914e-09
0.9791785315414391 1.0947932173279117e-09
0.9817417789273204 1.0975602265365452e-09
0.9843050263132017 1.100318600723009e-09
0.9868682736990831 1.1030684203285667e-09
0.9894315210849645 1.105809764593659e-09
0.9919947684708459 1.1085427115821435e-09
0.9945580158567272 1.1112673382050757e-09
0.9971212632426085 1.1139837202438873e-09
0.99968451062849 1.1166919323728066e-09
1.0022477580143714 1.1193920481810154e-09
1.0048110054002528 1.1220841401939337e-09
1.007374252786134 1.124768279894181e-09
1.0099375001720152 1.1274445377418417e-09
1.0125007475578967 1.130112983194555e-09
1.015063994943778 1.132773684726668e-09
1.0176272423296595 1.135426709848276e-09
1.020190489715541 1.138072125123607e-09
1.0227537371014221 1.1407099961891374e-09
1.0253169844873036 1.1433403877710495e-09
1.0278802318731848 1.1459633637023702e-09
1.0304434792590662 1.148578986939884e-09
1.0330067266449476 1.1511873195802709e-09
1.035569974030829 1.1537884228762476e-09
1.0381332214167105 1.1563823572520184e-09
1.0406964688025917 1.1589691823186094e-09
1.043259716188473 1.161548956888663e-09
1.0458229635743543 1.1641217389910371e-09
1.0483862109602358 1.1666875858849767e-09
1.0509494583461172 1.1692465540739286e-09
1.0535127057319986 1.1717986993191923e-09
1.0560759531178798 1.1743440766531583e-09
1.0586392005037613 1.1768827403921663e-09
1.0612024478896425 1.1794147441492711e-09
1.063765695275524 1.1819401408466106e-09
1.0663289426614053 1.1844589827274799e-09
1.0688921900472867 1.186971321368105e-09
1.0714554374331682 1.1894772076893976e-09
1.0740186848190494 1.1919766919681232e-09
1.0765819322049308 1.1944698238480365e-09
1.079145179590812 1.1969566523507287e-09
1.0817084269766934 1.1994372258861829e-09
1.0842716743625749 1.2019115922632682e-09
1.0868349217484563 1.2043797986996753e-09
1.0893981691343375 1.2068418918321646e-09
1.091961416520219 1.209297917725946e-09
1.0945246639061001 1.2117479218845165e-09
1.0970879112919816 1.2141919492587756e-09
1.099651158677863 1.2166300442561984e-09
1.1022144060637444 1.2190622507498738e-09
1.1047776534496259 1.2214886120871178e-09
1.107340900835507 1.2239091710980914e-09
1.1099041482213885 1.2263239701042484e-09
1.1124673956072697 1.2287330509265563e-09
1.1150306429931511 1.2311364548934e-09
1.1175938903790326 1.2335342228487635e-09
1.120157137764914 1.2359263951596364e-09
1.1227203851507954 1.2383130117238245e-09
1.1252836325366766 1.2406941119772953e-09
1.1278468799225578 1.2430697349014901e-09
1.1304101273084393 1.245439919030345e-09
1.1329733746943207 1.247804702457498e-09
1.1355366220802021 1.2501641228429045e-09
1.1380998694660835 1.252518217419722e-09
1.1406631168519648 1.2548670230008597e-09
1.1432263642378462 1.257210575985393e-09
1.1457896116237274 1.2595489123649767e-09
1.1483528590096088 1.2618820677299684e-09
1.1509161063954902 1.2642100772756425e-09
1.1534793537813717 1.266532975808044e-09
1.156042601167253 1.268850797749909e-09
1.1586058485531343 1.2711635771464738e-09
1.1611690959390155 1.2734713476710219e-09
1.163732343324897 1.2757741426304754e-09
1.1662955907107784 1.2780719949707869e-09
1.1688588380966598 1.2803649372823475e-09
1.1714220854825412 1.2826530018051625e-09
1.1739853328684224 1.2849362204340045e-09
1.1765485802543039 1.2872146247234216e-09
1.179111827640185 1.2894882458927485e-09
1.1816750750260665 1.291757114830916e-09
1.184238322411948 1.29402126210128e-09
1.1868015697978294 1.2962807179461977e-09
1.1893648171837108 1.2985355122917525e-09
1.191928064569592 1.3007856747521393e-09
1.1944913119554732 1.3030312346342305e-09
1.1970545593413546 1.3052722209418317e-09
1.199617806727236 1.307508662379983e-09
1.2021810541131175 1.3097405873591924e-09
1.204744301498999 1.311968023999538e-09
1.2073075488848801 1.314191000134702e-09
1.2098707962707616 1.3164095433160064e-09
1.2124340436566428 1.318623680816263e-09
1.2149972910425242 1.320833439633659e-09
1.2175605384284056 1.3230388464954929e-09
1.220123785814287 1.3252399278620106e-09
1.2226870332001685 1.327436709929827e-09
1.2252502805860497 1.3296292186357599e-09
1.227813527971931 1.3318174796601367e-09
1.2303767753578123 1.3340015184304753e-09
1.2329400227436937 1.3361813601246496e-09
1.2355032701295752 1.3383570296744545e-09
1.2380665175154566 1.340528551768705e-09
1.240629764901338 1.342695950856669e-09
1.2431930122872192 1.3448592511510555e-09
1.2457562596731004 1.347018476631335e-09
1.2483195070589819 1.3491736510465846e-09
1.2508827544448633 1.3513247979187237e-09
1.2534460018307447 1.3534719405453662e-09
1.2560092492166262 1.3556151020028191e-09
1.2585724966025074 1.357754305148921e-09
1.2611357439883888 1.3598895726258204e-09
1.26369899137427 1.3620209268628479e-09
1.2662622387601514 1.36414839007923e-09
1.2688254861460329 1.366271984286735e-09
1.2713887335319143 1.3683917312924338e-09
1.2739519809177957 1.3705076527011727e-09
1.276515228303677 1.3726197699182024e-09
1.2790784756895581 1.374728104151707e-09
1.2816417230754396 1.376832676415338e-09
1.284204970461321 1.3789335075305735e-09
1.2867682178472024 1.381030618129106e-09
1.2893314652330838 1.3831240286553479e-09
1.291894712618965 1.3852137593685295e-09
1.2944579600048465 1.387299830345345e-09
1.2970212073907277 1.3893822614818992e-09
1.299584454776609 1.3914610724959897e-09
1.3021477021624905 1.3935362829293937e-09
1.304710949548372 1.395607912150038e-09
1.3072741969342534 1.3976759793539603e-09
1.3098374443201346 1.3997405035675207e-09
1.3124006917060158 1.401801503649467e-09
1.3149639390918972 1.4038589982928556e-09
1.3175271864777787 1.4059130060271985e-09
1.32009043386366 1.4079635452203147e-09
1.3226536812495415 1.4100106340803257e-09
1.3252169286354227 1.412054290657451e-09
1.3277801760213042 1.4140945328460195e-09
1.3303434234071854 1.4161313783862555e-09
1.3329066707930668 1.4181648448661344e-09
1.3354699181789482 1.4201949497231161e-09
1.3380331655648297 1.4222217102459624e-09
1.340596412950711 1.4242451435765073e-09
1.3431596603365923 1.4262652667112065e-09
1.3457229077224737 1.4282820965031128e-09
1.348286155108355 1.430295649663213e-09
1.3508494024942364 1.4323059427623507e-09
1.3534126498801178 1.434312992232697e-09
1.3559758972659992 1.436316814369329e-09
1.3585391446518804 1.4383174253319307e-09
1.3611023920377618 1.440314841146202e-09
1.363665639423643 1.4423090777053865e-09
1.3662288868095245 1.444300150771927e-09
1.368792134195406 1.4462880759787503e-09
1.3713553815812873 1.4482728688309204e-09
1.3739186289671688 1.450254544706902e-09
1.37648187635305 1.4522331188600894e-09
1.3790451237389314 1.4542086064201365e-09
1.3816083711248126 1.4561810223944875e-09
1.384171618510694 1.4581503816694864e-09
1.3867348658965755 1.460116699011954e-09
1.389298113282457 1.4620799890703445e-09
1.3918613606683383 1.4640402663761697e-09
1.3944246080542195 1.4659975453451916e-09
1.3969878554401007 1.4679518402787516e-09
1.3995511028259822 1.4699031653650317e-09
1.4021143502118636 1.4718515346801867e-09
1.404677597597745 1.4737969621896876e-09
1.4072408449836264 1.475739461749436e-09
1.4098040923695079 1.4776790471069543e-09
1.4123673397553889 1.4796157319026322e-09
1.4149305871412703 1.4815495296707483e-09
1.4174938345271517 1.4834804538407496e-09
1.4200570819130331 1.4854085177381933e-09
1.4226203292989146 1.4873337345860688e-09
1.425183576684796 1.489256117505687e-09
1.4277468240706774 1.491175679517946e-09
1.4303100714565584 1.4930924335441262e-09
1.4328733188424398 1.4950063924072863e-09
1.4354365662283213 1.4969175688329046e-09
1.4379998136142027 1.49882597545033e-09
1.4405630610000841 1.5007316247933632e-09
1.4431263083859656 1.5026345293015522e-09
1.4456895557718465 1.504534701321072e-09
1.448252803157728 1.5064321531056486e-09
1.4508160505436094 1.508326896817551e-09
1.4533792979294908 1.5102189445285306e-09
1.4559425453153723 1.5121083082207614e-09
1.4585057927012537 1.5139949997877579e-09
1.4610690400871351 1.5158790310352506e-09
1.463632287473016 1.5177604136821282e-09
1.4661955348588975 1.519639159361204e-09
1.468758782244779 1.5215152796203235e-09
1.4713220296306604 1.5233887859229205e-09
1.4738852770165418 1.525259689649111e-09
1.4764485244024232 1.5271280020963894e-09
1.4790117717883042 1.5289937344806074e-09
1.4815750191741857 1.5308568979364657e-09
1.484138266560067 1.5327175035188504e-09
1.4867015139459485 1.5345755622030501e-09
1.48926476133183 1.5364310848859601e-09
1.4918280087177114 1.5382840823865995e-09
1.4943912561035928 1.5401345654471456e-09
1.4969545034894738 1.5419825447334242e-09
1.4995177508753552 1.543828030835827e-09
1.5020809982612366 1.5456710342698938e-09
1.504644245647118 1.5475115654772516e-09
1.5072074930329995 1.5493496348262176e-09
1.509770740418881 1.5511852526123714e-09
1.512333987804762 1.5530184290596715e-09
1.5148972351906433 1.554849174320567e-09
1.5174604825765248 1.5566774984772096e-09
1.5200237299624062 1.5585034115418568e-09
1.5225869773482876 1.560326923457557e-09
1.525150224734169 1.5621480440989878e-09
1.5277134721200505 1.5639667832727604e-09
1.5302767195059315 1.5657831507184937e-09
1.532839966891813 1.5675971561091393e-09
1.5354032142776943 1.56940880905166e-09
1.5379664616635758 1.5712181190878388e-09
1.5405297090494572 1.5730250956945867e-09
1.5430929564353386 1.57482974828488e-09
1.54565620382122 1.5766320862080917e-09
1.548219451207101 1.578432118750746e-09
1.5507826985929825 1.5802298551369585e-09
1.5533459459788639 1.5820253045293097e-09
1.5559091933647453 1.583818476028984e-09
1.5584724407506267 1.5856093786766696e-09
1.5610356881365082 1.5873980214530734e-09
1.5635989355223892 1.5891844132792867e-09
1.5661621829082706 1.5909685630175035e-09
1.568725430294152 1.5927504794715488e-09
1.5712886776800334 1.5945301713873854e-09
1.5738519250659149 1.5963076474535887e-09
1.5764151724517963 1.5980829163019287e-09
1.5789784198376777 1.5998559865078544e-09
1.5815416672235587 1.6016268665910062e-09
1.5841049146094401 1.6033955650157469e-09
1.5866681619953216 1.6051620901916636e-09
1.589231409381203 1.6069264504740078e-09
1.5917946567670844 1.6086886541642542e-09
1.5943579041529659 1.6104487095104727e-09
1.5969211515388468 1.6122066247078672e-09
1.5994843989247283 1.6139624078993499e-09
1.6020476463106097 1.6157160671757787e-09
1.6046108936964911 1.6174676105766434e-09
1.6071741410823726 1.619217046090315e-09
1.609737388468254 1.6209643816546673e-09
1.6123006358541354 1.62270962515743e-09
1.6148638832400164 1.6244527844366968e-09
1.6174271306258978 1.6261938672812524e-09
1.6199903780117793 1.6279328814310773e-09
1.6225536253976607 1.6296698345777282e-09
1.625116872783542 1.6314047343648015e-09
1.6276801201694235 1.6331375883884365e-09
1.6302433675553045 1.6348684041974141e-09
1.632806614941186 1.6365971892939846e-09
1.6353698623270674 1.6383239511339664e-09
1.6379331097129488 1.640048697127202e-09
1.6404963570988302 1.6417714346380041e-09
1.6430596044847117 1.643492170985515e-09
1.645622851870593 1.6452109134442126e-09
1.648186099256474 1.6469276692439772e-09
1.6507493466423555 1.6486424455708035e-09
1.653312594028237 1.6503552495671074e-09
1.6558758414141184 1.6520660883317885e-09
1.6584390887999998 1.6537749689210618e-09
1.6610023361858812 1.6554818983484573e-09
1.6635655835717622 1.6571868835853754e-09
1.6661288309576436 1.6588899315613077e-09
1.668692078343525 1.6605910491643558e-09
1.6712553257294065 1.6622902432413402e-09
1.673818573115288 1.6639875205983281e-09
1.6763818205011694 1.6656828880009628e-09
