0.5038716357254187 nan
0.5063688869564299 6.247856823381317e-15
0.5088661381874411 1.2860713141511777e-14
0.5113633894184523 1.97658628851877e-14
0.5138606406494635 2.7019147143963465e-14
0.5163578918804747 3.464667008331544e-14
0.5188551431114858 4.267664896267335e-14
0.521352394342497 5.113959103820018e-14
0.5238496455735082 6.006848538417173e-14
0.5263468968045194 6.949901090809841e-14
0.5288441480355306 7.946976188587417e-14
0.5313413992665418 9.002249250196139e-14
0.533838650497553 1.0120238195091838e-13
0.5363359017285642 1.1305832182689794e-13
0.5388331529595753 1.2564322762877552e-13
0.5413304041905864 1.3901437637548466e-13
0.5438276554215977 1.532337724688459e-13
0.5463249066526088 1.6836854413025184e-13
0.54882215788362 1.8449137288180643e-13
0.5513194091146312 2.0168050896653827e-13
0.5538166603456424 2.2002200416964864e-13
0.5563139115766536 2.3960775977268086e-13
0.5588111628076647 2.6053772357935584e-13
0.5613084140386759 2.829201411524461e-13
0.5638056652696871 3.0687224758306077e-13
0.5663029165006983 3.325210158576025e-13
0.5688001677317095 3.600039662420569e-13
0.5712974189627207 3.894729916275539e-13
0.5737946701937319 4.2108387840869814e-13
0.5762919214247431 4.550139450754736e-13
0.5787891726557542 4.914523915215992e-13
0.5812864238867654 5.306041037605359e-13
0.5837836751177766 5.726909399086372e-13
0.5862809263487878 6.179531172574323e-13
0.588778177579799 6.666507076086067e-13
0.5912754288108102 7.190652484067187e-13
0.5937726800418214 7.754941740561944e-13
0.5962699312728326 8.362810355640563e-13
0.5987671825038438 9.017761728352854e-13
0.6012644337348549 9.723656860920731e-13
0.6037616849658661 1.0484672210903121e-12
0.6062589361968773 1.1305324522487083e-12
0.6087561874278885 1.2190497431078061e-12
0.6112534386588997 1.3145469936033053e-12
0.6137506898899109 1.417594683499134e-12
0.6162479411209221 1.5288091210944174e-12
0.6187451923519331 1.6488449065517782e-12
0.6212424435829444 1.7784413391817784e-12
0.6237396948139555 1.91836401834931e-12
0.6262369460449668 2.069449430669489e-12
0.6287341972759779 2.2325994849034636e-12
0.6312314485069892 2.408786138711168e-12
0.6337286997380003 2.599056264731663e-12
0.6362259509690115 2.8045367514834646e-12
0.6387232022000227 3.0264398303343206e-12
0.6412204534310338 3.2660686145192134e-12
0.643717704662045 3.524822829832069e-12
0.6462149558930562 3.804204708931512e-12
0.6487122071240674 4.105825012090305e-12
0.6512094583550786 4.431409126166564e-12
0.6537067095860898 4.782803180764713e-12
0.656203960817101 5.161980105121724e-12
0.6587012120481122 5.571045531477277e-12
0.6611984632791233 6.012243429593377e-12
0.6636957145101345 6.48796133285297e-12
0.6661929657411457 7.000734937824134e-12
0.6686902169721569 7.553252172957967e-12
0.6711874682031681 8.14835577185899e-12
0.6736847194341793 8.789045023202341e-12
0.6761819706651905 9.478475666609116e-12
0.6786792218962017 1.0219957827214626e-11
0.6811764731272129 1.1016951498612354e-11
0.683673724358224 1.1873059060203195e-11
0.6861709755892352 1.2792014238007621e-11
0.6886682268202464 1.377766683265252e-11
0.6911654780512576 1.4833962443534437e-11
0.6936627292822688 1.5964916313896395e-11
0.6961599805132799 1.7174580305586796e-11
0.6986572317442912 1.8467001883423695e-11
0.7011544829753023 1.9846173845802357e-11
0.7036517342063136 2.131597336984558e-11
0.7061489854373246 2.2880088747843877e-11
0.7086462366683359 2.4541931952930176e-11
0.711143487899347 2.6304534871237398e-11
0.7136407391303583 2.8170426636136634e-11
0.7161379903613694 3.014148893862603e-11
0.7186352415923806 3.221878536749157e-11
0.7211324928233918 3.4402359585849354e-11
0.723629744054403 3.669099518559804e-11
0.7261269952854141 3.908192685496437e-11
0.7286242465164253 4.157048706541805e-11
0.7311214977474365 4.414966288729341e-11
0.7336187489784477 4.680951962249885e-11
0.7361160002094589 4.9536412155837726e-11
0.7386132514404701 5.2311826039722666e-11
0.7411105026714813 5.511049242008353e-11
0.7436077539024925 5.7896811615639694e-11
0.7461050051335036 6.061592637341776e-11
0.7486022563645148 6.3145120725343e-11
0.751099507595526 6.541135409077337e-11
0.7535967588265372 6.752587360885865e-11
0.7560940100575484 6.952851020910744e-11
0.7585912612885596 7.144073185177948e-11
0.7610885125195708 7.327663845962239e-11
0.763585763750582 7.50463883832612e-11
0.7660830149815931 7.675772183082079e-11
0.7685802662126042 7.841676577922233e-11
0.7710775174436155 8.002850735157443e-11
0.7735747686746266 8.159709365019391e-11
0.7760720199056379 8.312603236589194e-11
0.778569271136649 8.461833180387976e-11
0.7810665223676603 8.607660197921246e-11
0.7835637735986714 8.750312965044598e-11
0.7860610248296827 8.889993530906719e-11
0.7885582760606937 9.026881731887851e-11
0.791055527291705 9.161138668244772e-11
0.7935527785227161 9.292909482817288e-11
0.7960500297537274 9.422325610610536e-11
0.7985472809847385 9.549506620832031e-11
0.8010445322157498 9.674561740597374e-11
0.8035417834467609 9.797591126854215e-11
0.806039034677772 9.918686936908179e-11
0.8085362859087832 1.0037934236200807e-10
0.8110335371397944 1.0155411773353474e-10
0.8135307883708056 1.0271192646036729e-10
0.8160280396018168 1.0385344876340038e-10
0.818525290832828 1.0497931910598912e-10
0.8210225420638392 1.0609013055731372e-10
0.8235197932948504 1.0718643861897252e-10
0.8260170445258616 1.0826876459521388e-10
0.8285142957568727 1.0933759857295945e-10
0.8310115469878839 1.1039340206678904e-10
0.8335087982188951 1.1143661037464662e-10
0.8360060494499063 1.1246763468287277e-10
0.8385033006809175 1.1348686395311994e-10
0.8410005519119287 1.1449466661862053e-10
0.8434978031429399 1.1549139211337606e-10
0.845995054373951 1.1647737225430562e-10
0.8484923056049622 1.1745292249360053e-10
0.8509895568359733 1.184183430561725e-10
0.8534868080669846 1.193739199750572e-10
0.8559840592979957 1.203199260359568e-10
0.858481310529007 1.2125662164062273e-10
0.8609785617600181 1.2218425559764993e-10
0.8634758129910294 1.231030658480778e-10
0.8659730642220405 1.2401328013239703e-10
0.8684703154530518 1.2491511660474414e-10
0.8709675666840628 1.258087843993508e-10
0.8734648179150741 1.2669448415383663e-10
0.8759620691460852 1.2757240849332984e-10
0.8784593203770965 1.2844274247900565e-10
0.8809565716081076 1.2930566402423194e-10
0.8834538228391188 1.3016134428119893e-10
0.88595107407013 1.3100994800058186e-10
0.8884483253011412 1.3185163386650994e-10
0.8909455765321523 1.3268655480898013e-10
0.8934428277631635 1.335148582954859e-10
0.8959400789941747 1.3433668660362922e-10
0.8984373302251859 1.3515217707617967e-10
0.9009345814561971 1.3596146235998638e-10
0.9034318326872083 1.3676467062998838e-10
0.9059290839182195 1.3756192579946146e-10
0.9084263351492307 1.3835334771751476e-10
0.9109235863802418 1.3913905235482796e-10
0.913420837611253 1.3991915197843638e-10
0.9159180888422642 1.4069375531637922e-10
0.9184153400732754 1.414629677129223e-10
0.9209125913042866 1.422268912750366e-10
0.9234098425352978 1.4298562501068962e-10
0.925907093766309 1.437392649595436e-10
0.92840434499732 1.4448790431658184e-10
0.9309015962283314 1.452316335490804e-10
0.9333988474593424 1.45970540507411e-10
0.9358960986903537 1.4670471053007356e-10
0.9383933499213648 1.4743422654325598e-10
0.9408906011523761 1.4815916915538977e-10
0.9433878523833872 1.488796167468796e-10
0.9458851036143985 1.4959564555542063e-10
0.9483823548454096 1.5030732975706573e-10
0.9508796060764209 1.5101474154341594e-10
0.9533768573074319 1.5171795119503423e-10
0.9558741085384432 1.524170271514261e-10
0.9583713597694543 1.531120360776845e-10
0.9608686110004656 1.5380304292807983e-10
0.9633658622314767 1.5449011100668865e-10
0.9658631134624879 1.5517330202529487e-10
0.9683603646934991 1.558526761586612e-10
0.9708576159245103 1.5652829209735758e-10
0.9733548671555214 1.5720020709824756e-10
0.9758521183865326 1.57868477032783e-10
0.9783493696175438 1.585331564332047e-10
0.980846620848555 1.5919429853677392e-10
0.9833438720795662 1.598519553281346e-10
0.9858411233105774 1.6050617757988735e-10
0.9883383745415886 1.6115701489149299e-10
0.9908356257725998 1.6180451572657183e-10
0.993332877003611 1.624487274486809e-10
0.9958301282346221 1.630896963556568e-10
0.9983273794656333 1.6372746771258097e-10
1.0008246306966444 1.6436208578343154e-10
1.0033218819276557 1.649935938615161e-10
1.005819133158667 1.6562203429869855e-10
1.008316384389678 1.662474485335074e-10
1.0108136356206892 1.668698771181816e-10
1.0133108868517005 1.6748935974467675e-10
1.0158081380827118 1.6810593526970453e-10
1.0183053893137228 1.6871964173883476e-10
1.020802640544734 1.6933051640972247e-10
1.0232998917757452 1.6993859577446396e-10
1.0257971430067563 1.7054391558115748e-10
1.0282943942377676 1.7114651085469348e-10
1.0307916454687787 1.717464159167797e-10
1.0332888966997897 1.7234366440528132e-10
1.035786147930801 1.7293828929287709e-10
1.0382833991618123 1.735303229050555e-10
1.0407806503928234 1.741197969374984e-10
1.0432779016238345 1.747067424728708e-10
1.0457751528548458 1.7529118999703352e-10
1.048272404085857 1.758731694147131e-10
1.0507696553168682 1.7645271006464437e-10
1.0532669065478792 1.7702984073421313e-10
1.0557641577788905 1.776045896736123e-10
1.0582614090099018 1.7817698460953984e-10
1.060758660240913 1.7874705275844708e-10
1.063255911471924 1.793148208393589e-10
1.0657531627029353 1.7988031508629247e-10
1.0682504139339466 1.8044356126026716e-10
1.0707476651649577 1.8100458466095043e-10
1.0732449163959688 1.815634101379291e-10
1.07574216762698 1.8212006210162944e-10
1.0782394188579913 1.826745645339102e-10
1.0807366700890024 1.8322694099831946e-10
1.0832339213200135 1.837772146500422e-10
1.0857311725510248 1.8432540824555235e-10
1.088228423782036 1.848715441519679e-10
1.0907256750130472 1.854156443561284e-10
1.0932229262440583 1.8595773047340947e-10
1.0957201774750696 1.8649782375626734e-10
1.0982174287060809 1.8703594510254159e-10
1.100714679937092 1.8757211506351273e-10
1.103211931168103 1.8810635385172985e-10
1.105709182399114 1.8863868134861094e-10
1.1082064336301254 1.8916911711182707e-10
1.1107036848611367 1.8969768038247966e-10
1.1132009360921478 1.9022439009207237e-10
1.1156981873231588 1.9074926486929235e-10
1.1181954385541701 1.9127232304659757e-10
1.1206926897851814 1.9179358266662881e-10
1.1231899410161925 1.923130614884346e-10
1.1256871922472036 1.9283077699354465e-10
1.128184443478215 1.933467463918546e-10
1.1306816947092262 1.9386098662737741e-10
1.1331789459402373 1.9437351438382227e-10
1.1356761971712483 1.9488434609002415e-10
1.1381734484022596 1.9539349792525405e-10
1.140670699633271 1.959009858243495e-10
1.143167950864282 1.964068254827523e-10
1.145665202095293 1.9691103236138528e-10
1.1481624533263044 1.9741362169141717e-10
1.1506597045573157 1.9791460847889714e-10
1.1531569557883268 1.9841400750927955e-10
1.1556542070193379 1.9891183335182667e-10
1.1581514582503492 1.994081003639067e-10
1.1606487094813605 1.9990282269516527e-10
1.1631459607123715 2.003960142916226e-10
1.1656432119433826 2.008876888996475e-10
1.168140463174394 2.0137786006983096e-10
1.1706377144054052 2.018665411607871e-10
1.1731349656364163 2.0235374534282404e-10
1.1756322168674274 2.0283948560156932e-10
1.1781294680984387 2.03323774741462e-10
1.18062671932945 2.038066253892429e-10
1.183123970560461 2.042880499972831e-10
1.1856212217914721 2.0476806084647623e-10
1.1881184730224832 2.0524667005037157e-10
1.1906157242534945 2.0572388955728898e-10
1.1931129754845058 2.0619973115389584e-10
1.1956102267155169 2.066742064680087e-10
1.198107477946528 2.071473269716215e-10
1.2006047291775392 2.0761910398358308e-10
1.2031019804085505 2.080895486724811e-10
1.2055992316395616 2.0855867205932248e-10
1.2080964828705727 2.090264850201574e-10
1.210593734101584 2.0949299828868844e-10
1.2130909853325953 2.099582224587919e-10
1.2155882365636064 2.104221679871455e-10
1.2180854877946174 2.108848451948161e-10
1.2205827390256287 2.1134626427129184e-10
1.22307999025664 2.118064352751279e-10
1.2255772414876511 2.1226536813702355e-10
1.2280744927186622 2.1272307266196111e-10
1.2305717439496735 2.1317955853103007e-10
1.2330689951806848 2.1363483530412264e-10
1.2355662464116959 2.1408891242145718e-10
1.238063497642707 2.1454179920579853e-10
1.2405607488737183 2.1499350486476977e-10
1.2430580001047296 2.1544403849193785e-10
1.2455552513357406 2.1589340906986498e-10
1.2480525025667517 2.163416254707913e-10
1.250549753797763 2.1678869645937427e-10
1.2530470050287743 2.172346306940825e-10
1.2555442562597854 2.1767943672891127e-10
1.2580415074907965 2.181231230146013e-10
1.2605387587218078 2.1856569790231368e-10
1.2630360099528188 2.1900716964223018e-10
1.2655332611838301 2.194475463876202e-10
1.2680305124148412 2.1988683619509715e-10
1.2705277636458523 2.203250470265213e-10
1.2730250148768636 2.2076218675223358e-10
1.275522266107875 2.2119826315075249e-10
1.278019517338886 2.216332839014419e-10
1.280516768569897 2.220672566105099e-10
1.2830140198009083 2.225001887862672e-10
1.2855112710319196 2.2293208785309525e-10
1.2880085222629307 2.233629611509379e-10
1.2905057734939418 2.2379281593661546e-10
1.293003024724953 2.2422165938432498e-10
1.2955002759559644 2.246494985876564e-10
1.2979975271869755 2.2507634056035538e-10
1.3004947784179866 2.255021922377598e-10
1.3029920296489979 2.2592706047848454e-10
1.3054892808800092 2.2635095206393838e-10
1.3079865321110202 2.2677387370237076e-10
1.3104837833420313 2.2719583202593118e-10
1.3129810345730426 2.2761683359647794e-10
1.315478285804054 2.2803688490285508e-10
1.317975537035065 2.2845599236270737e-10
1.320472788266076 2.288741623260563e-10
1.3229700394970874 2.2929140107254205e-10
1.3254672907280987 2.297077148157489e-10
1.3279645419591097 2.301231097019368e-10
1.3304617931901208 2.3053759181188232e-10
1.332959044421132 2.3095116716233318e-10
1.3354562956521434 2.3136384170562325e-10
1.3379535468831545 2.3177562133157708e-10
1.3404507981141656 2.3218651186852358e-10
1.3429480493451769 2.3259651908362301e-10
1.345445300576188 2.3300564868345077e-10
1.3479425518071992 2.3341390631507546e-10
1.3504398030382103 2.3382129757014834e-10
1.3529370542692214 2.342278279781045e-10
1.3554343055002327 2.346335030143262e-10
1.357931556731244 2.3503832809736827e-10
1.360428807962255 2.3544230859234314e-10
1.3629260591932661 2.3584544980686777e-10
1.3654233104242774 2.3624775699715626e-10
1.3679205616552887 2.366492353653503e-10
1.3704178128862998 2.37049890061603e-10
1.372915064117311 2.3744972618512954e-10
1.3754123153483222 2.3784874878297963e-10
1.3779095665793335 2.3824696285351786e-10
1.3804068178103446 2.3864437334470433e-10
1.3829040690413557 2.3904098515600195e-10
1.385401320272367 2.3943680313851315e-10
1.3878985715033783 2.3983183209609193e-10
1.3903958227343893 2.4022607678555067e-10
1.3928930739654004 2.4061954191749034e-10
1.3953903251964117 2.4101223215683487e-10
1.397887576427423 2.414041521234253e-10
1.400384827658434 2.4179530639279204e-10
1.4028820788894452 2.4218569949606057e-10
1.4053793301204565 2.425753359224434e-10
1.4078765813514678 2.4296422011651634e-10
1.4103738325824788 2.433523564818909e-10
1.41287108381349 2.437397493802562e-10
1.4153683350445012 2.4412640313204324e-10
1.4178655862755125 2.4451232201756554e-10
1.4203628375065236 2.448975102763073e-10
1.4228600887375347 2.452819721088143e-10
1.4253573399685457 2.4566571167636315e-10
1.427854591199557 2.4604873310166216e-10
1.4303518424305683 2.464310404692909e-10
1.4328490936615794 2.468126378263985e-10
1.4353463448925905 2.4719352918290164e-10
1.4378435961236018 2.4757371851202107e-10
1.440340847354613 2.479532097507165e-10
1.4428380985856242 2.4833200680041164e-10
1.4453353498166353 2.487101135270035e-10
1.4478326010476466 2.490875337615807e-10
1.4503298522786578 2.494642713008535e-10
1.452827103509669 2.498403299072753e-10
1.45532435474068 2.5021571330992027e-10
1.4578216059716913 2.5059042520452097e-10
1.4603188572027026 2.509644692540779e-10
1.4628161084337137 2.513378490889943e-10
1.4653133596647248 2.517105683073699e-10
1.467810610895736 2.5208263047768233e-10
1.4703078621267474 2.524540391338885e-10
1.4728051133577584 2.5282479778139995e-10
1.4753023645887695 2.531949098941683e-10
1.4777996158197808 2.5356437891483465e-10
1.480296867050792 2.5393320826256513e-10
1.4827941182818032 2.54301401317107e-10
1.4852913695128143 2.546689614359237e-10
1.4877886207438256 2.5503589194591703e-10
1.4902858719748369 2.5540219614561565e-10
1.492783123205848 2.557678773052162e-10
1.495280374436859 2.5613293866762094e-10
1.4977776256678703 2.564973834480268e-10
1.5002748768988816 2.5686121483422733e-10
1.5027721281298927 2.5722443598769597e-10
1.5052693793609038 2.5758705004307163e-10
1.507766630591915 2.5794906010882877e-10
1.5102638818229261 2.5831046926772325e-10
1.5127611330539374 2.586712805762769e-10
1.5152583842849485 2.590314970666065e-10
1.5177556355159598 2.593911217450847e-10
1.520252886746971 2.59750157593643e-10
1.5227501379779822 2.6010860756960223e-10
1.5252473892089933 2.604664746060342e-10
1.5277446404400046 2.6082376161223786e-10
1.5302418916710157 2.6118047147371366e-10
1.532739142902027 2.6153660705257634e-10
1.535236394133038 2.618921711878024e-10
1.5377336453640493 2.6224716669545746e-10
1.5402308965950604 2.626015963689942e-10
1.5427281478260717 2.629554629794325e-10
1.5452253990570828 2.6330876927563493e-10
1.5477226502880939 2.636615179845918e-10
1.5502199015191052 2.640137118116391e-10
1.5527171527501162 2.6436535344056853e-10
1.5552144039811275 2.647164455341238e-10
1.5577116552121386 2.650669907339366e-10
1.56020890644315 2.654169916609244e-10
1.562706157674161 2.65766450915549e-10
1.5652034089051723 2.6611537107790796e-10
1.5677006601361834 2.664637547079347e-10
1.5701979113671947 2.668116043458446e-10
1.5726951625982057 2.671589225120172e-10
1.575192413829217 2.675057117074963e-10
1.5776896650602281 2.6785197441406937e-10
1.5801869162912394 2.681977130942562e-10
1.5826841675222505 2.685429301920745e-10
1.5851814187532618 2.688876281328408e-10
1.5876786699842729 2.6923180932266864e-10
1.5901759212152842 2.6957547615055526e-10
1.5926731724462952 2.699186309867934e-10
1.5951704236773065 2.702612761837864e-10
1.5976676749083176 2.706034140762768e-10
1.600164926139329 2.7094504698175226e-10
1.60266217737034 2.7128617719952466e-10
1.6051594286013513 2.7162680701288354e-10
1.6076566798323624 2.7196693868733484e-10
1.6101539310633737 2.7230657447183076e-10
1.6126511822943848 2.726457165986661e-10
1.615148433525396 2.7298436728389507e-10
1.6176456847564071 2.7332252872598257e-10
1.6201429359874184 2.736602031092579e-10
1.6226401872184295 2.7399739260084593e-10
1.6251374384494406 2.7433409935187704e-10
1.6276346896804519 2.7467032549847847e-10
1.630131940911463 2.750060731609001e-10
1.6326291921424743 2.753413444440657e-10
1.6351264433734853 2.756761414377322e-10
1.6376236946044966 2.7601046621653656e-10
1.6401209458355077 2.7634432084028063e-10
1.642618197066519 2.766777073541276e-10
1.64511544829753 2.770106277880546e-10
1.6476126995285414 2.7734308415833006e-10
1.6501099507595525 2.7767507848380127e-10
1.6526072019905638 2.7800661269977116e-10
1.6551044532215748 2.7833768883166636e-10
1.6576017044525861 2.7866830882147876e-10
1.6600989556835972 2.7899847461488885e-10
1.6625962069146085 2.7932818814383324e-10
1.6650934581456196 2.79657451326743e-10
1.667590709376631 2.7998626606878414e-10
1.670087960607642 2.8031463426153074e-10
1.6725852118386533 2.8064255778383384e-10
1.6750824630696644 2.8097003850087233e-10
1.6775797143006757 2.81297078266555e-10
1.6800769655316867 2.8162367891968083e-10
1.682574216762698 2.8194984228797015e-10
1.685071467993709 2.822755701863031e-10
1.6875687192247204 2.826008644169616e-10
1.6900659704557315 2.829257267701705e-10
1.6925632216867428 2.832501590237902e-10
1.6950604729177539 2.835741629435672e-10
1.6975577241487652 2.8389774028385756e-10
1.7000549753797762 2.8422089278583047e-10
1.7025522266107873 2.845436221807221e-10
1.7050494778417986 2.8486593018673673e-10
1.7075467290728097 2.851878185112717e-10
1.710043980303821 2.855092888500384e-10
1.712541231534832 2.858303428874725e-10
1.7150384827658434 2.861509822968787e-10
1.7175357339968544 2.8647120874043865e-10
1.7200329852278657 2.8679102386925637e-10
1.7225302364588768 2.871104293236634e-10
1.7250274876898881 2.874294267331101e-10
1.7275247389208992 2.877480177162856e-10
1.7300219901519105 2.8806620388142353e-10
1.7325192413829216 2.883839868262075e-10
1.7350164926139329 2.887013681376553e-10
1.737513743844944 2.890183493928437e-10
1.7400109950759552 2.893349321584393e-10
1.7425082463069663 2.8965111799084525e-10
1.7450054975379776 2.8996690843664505e-10
1.7475027487689887 2.902823050322988e-10
1.75 2.905973093044715e-10
