0.3973213749463701 0.0
0.39988462233225147 2.532646806862313e-14
0.40244786971813284 5.188556254910302e-14
0.40501111710401416 7.977049256917086e-14
0.40757436448989554 1.0908201783728367e-13
0.4101376118757769 1.3992907726712973e-13
0.4127008592616583 1.7242946936218926e-13
0.41526410664753965 2.0671058835426605e-13
0.417827354033421 2.4291022044338305e-13
0.42039060141930235 2.811774047785902e-13
0.4229538488051837 3.216729389539219e-13
0.4255170961910651 3.6457199849528e-13
0.4280803435769464 4.100629181436472e-13
0.4306435909628278 4.583498297069781e-13
0.43320683834870916 5.096535763643713e-13
0.43577008573459053 5.642154606637582e-13
0.43833333312047185 6.22289587005685e-13
0.4408965805063532 6.841575672698595e-13
0.4434598278922346 7.501218231594694e-13
0.44602307527811597 8.20509435242761e-13
0.44858632266399734 8.956741084961797e-13
0.45114957004987866 9.7599828126001e-13
0.45371281743576003 1.061889592902257e-12
0.4562760648216414 1.1538056817463593e-12
0.4588393122075228 1.2522243021202145e-12
0.46140255959340415 1.3576670488016971e-12
0.46396580697928547 1.4706972168794407e-12
0.46652905436516684 1.591922929909049e-12
0.4690923017510482 1.7220004597689784e-12
0.4716555491369296 1.8616377416457986e-12
0.47421879652281096 2.011590922463599e-12
0.4767820439086923 2.1726959979812273e-12
0.47934529129457365 2.3458325958541447e-12
0.481908538680455 2.5319543454997675e-12
0.48447178606633634 2.732086998174997e-12
0.4870350334522177 2.9473330387866704e-12
0.4895982808380991 3.1788764287869967e-12
0.49216152822398046 3.427987448081436e-12
0.49472477560986183 3.6960275945234466e-12
0.49728802299574315 3.984454488232705e-12
0.4998512703816245 4.294826714913102e-12
0.5024145177675059 4.6288085266901504e-12
0.5049777651533872 4.988174301148043e-12
0.5075410125392686 5.37481263815712e-12
0.51010425992515 5.7907299501394654e-12
0.5126675073110314 6.2380533737445216e-12
0.5152307546969127 6.7190327995500795e-12
0.517794002082794 7.236041780896266e-12
0.5203572494686755 7.791577043066708e-12
0.5229204968545568 8.388256243349427e-12
0.5254837442404381 9.028813764643882e-12
0.5280469916263195 9.716093736389764e-12
0.5306102390122008 1.045304029605368e-11
0.5331734863980823 1.124268417745494e-11
0.5357367337839636 1.2088125155791905e-11
0.538299981169845 1.2992509641097951e-11
0.5408632285557263 1.3959002661192053e-11
0.5434264759416076 1.4990753397646086e-11
0.5459897233274891 1.6090853356596112e-11
0.5485529707133704 1.7262286168594048e-11
0.5511162180992517 1.8507867914189052e-11
0.5536794654851331 1.983017675721917e-11
0.5562427128710145 2.1231470522255533e-11
0.5588059602568958 2.271359065380804e-11
0.5613692076427772 2.4277850703591275e-11
0.5639324550286586 2.5924907044669467e-11
0.56649570241454 2.7654608800554787e-11
0.5690589498004213 2.946582280943871e-11
0.5716221971863027 3.1356227511271214e-11
0.574185444572184 3.3322066317117664e-11
0.5767486919580653 3.53578451602936e-11
0.5793119393439468 3.7455948103477076e-11
0.5818751867298281 3.9606123672510275e-11
0.5844384341157094 4.1794749402746376e-11
0.5870016815015908 4.400367381878859e-11
0.5895649288874721 4.620812606727703e-11
0.5921281762733536 4.837200194823278e-11
0.5946914236592349 5.042915300400667e-11
0.5972546710451163 5.226766693426777e-11
0.5998179184309976 5.3968615533156276e-11
0.602381165816879 5.5574079102058446e-11
0.6049444132027604 5.710376627567592e-11
0.6075076605886417 5.857009284217847e-11
0.610070907974523 5.998181351276575e-11
0.6126341553604044 6.13455116273804e-11
0.6151974027462858 6.26663523572207e-11
0.6177606501321671 6.394851334118696e-11
0.6203238975180485 6.519545211792897e-11
0.6228871449039299 6.64100824715535e-11
0.6254503922898113 6.759489614975556e-11
0.6280136396756926 6.875204997309847e-11
0.630576887061574 6.98834300270704e-11
0.6331401344474553 7.099070013311015e-11
0.6357033818333366 7.207533920741692e-11
0.6382666292192181 7.313867056569073e-11
0.6408298766050994 7.418188526284087e-11
0.6433931239909807 7.520606093134897e-11
0.6459563713768621 7.621217716650097e-11
0.6485196187627436 7.720112822386981e-11
0.6510828661486248 7.81737335974797e-11
0.6536461135345062 7.913074690738904e-11
0.6562093609203876 8.007286342440995e-11
0.6587726083062689 8.100072648575841e-11
0.6613358556921503 8.191493300018892e-11
0.6638991030780317 8.281603819976396e-11
0.666462350463913 8.370455976366121e-11
0.6690255978497943 8.458098141503279e-11
0.6715888452356757 8.544575607290022e-11
0.6741520926215571 8.629930862617999e-11
0.6767153400074384 8.714203838500841e-11
0.6792785873933198 8.797432125515069e-11
0.6818418347792012 8.879651167368318e-11
0.6844050821650826 8.960894433783296e-11
0.6869683295509639 9.041193575404775e-11
0.6895315769368453 9.120578563003308e-11
0.6920948243227266 9.199077812923573e-11
0.6946580717086079 9.276718300435055e-11
0.6972213190944894 9.353525662409422e-11
0.6997845664803707 9.429524290555907e-11
0.702347813866252 9.504737416269236e-11
0.7049110612521334 9.579187188017634e-11
0.7074743086380149 9.652894742068543e-11
0.7100375560238961 9.725880267256076e-11
0.7126008034097775 9.798163064398345e-11
0.7151640507956589 9.869761600925031e-11
0.7177272981815402 9.940693561137975e-11
0.7202905455674216 1.0010975892596703e-10
0.722853792953303 1.008062484894648e-10
0.7254170403391843 1.014965602954088e-10
0.7279802877250656 1.0218084416148352e-10
0.730543535110947 1.0285924407006535e-10
0.7331067824968284 1.0353189848458123e-10
0.7356700298827097 1.0419894064378103e-10
0.7382332772685911 1.0486049883580996e-10
0.7407965246544725 1.0551669665377514e-10
0.7433597720403538 1.0616765323433422e-10
0.7459230194262352 1.0681348348069997e-10
0.7484862668121166 1.0745429827127321e-10
0.7510495141979979 1.0809020465507219e-10
0.7536127615838792 1.0872130603494455e-10
0.7561760089697607 1.0934770233954033e-10
0.758739256355642 1.0996949018483936e-10
0.7613025037415233 1.1058676302603992e-10
0.7638657511274047 1.1119961130051561e-10
0.766428998513286 1.1180812256245905e-10
0.7689922458991674 1.1241238160980122e-10
0.7715554932850488 1.1301247060400808e-10
0.7741187406709302 1.1360846918314169e-10
0.7766819880568115 1.1420045456874958e-10
0.7792452354426929 1.1478850166691307e-10
0.7818084828285743 1.1537268316391098e-10
0.7843717302144556 1.1595306961679042e-10
0.7869349776003369 1.1652972953921777e-10
0.7894982249862184 1.17102729482913e-10
0.7920614723720997 1.176721341148803e-10
0.794624719757981 1.1823800629079868e-10
0.7971879671438624 1.1880040712472509e-10
0.7997512145297438 1.193593960553823e-10
0.802314461915625 1.199150309092052e-10
0.8048777093015065 1.204673679603475e-10
0.8074409566873879 1.2101646198787937e-10
0.8100042040732692 1.215623663302185e-10
0.8125674514591505 1.221051329370974e-10
0.815130698845032 1.226448124190885e-10
0.8176939462309133 1.2318145409490714e-10
0.8202571936167946 1.2371510603655096e-10
0.822820441002676 1.2424581511245118e-10
0.8253836883885574 1.247736270287091e-10
0.8279469357744387 1.2529858636852049e-10
0.8305101831603201 1.2582073662990811e-10
0.8330734305462015 1.263401202618371e-10
0.8356366779320828 1.2685677869877613e-10
0.8381999253179642 1.2737075239385485e-10
0.8407631727038456 1.278820808505771e-10
0.8433264200897269 1.2839080265328072e-10
0.8458896674756082 1.2889695549632705e-10
0.8484529148614897 1.2940057621212533e-10
0.851016162247371 1.2990170079801643e-10
0.8535794096332523 1.3040036444209227e-10
0.8561426570191337 1.3089660154803004e-10
0.8587059044050152 1.313904457589004e-10
0.8612691517908964 1.3188192998011802e-10
0.8638323991767778 1.3237108640145885e-10
0.8663956465626592 1.32857946518281e-10
0.8689588939485405 1.333425411519201e-10
0.8715221413344219 1.338249004693384e-10
0.8740853887203033 1.3430505400204321e-10
0.8766486361061846 1.3478303066429585e-10
0.8792118834920659 1.3525885877069214e-10
0.8817751308779473 1.3573256605306242e-10
0.8843383782638287 1.362041796768126e-10
0.88690162564971 1.3667372625663071e-10
0.8894648730355914 1.3714123187171485e-10
0.8920281204214728 1.3760672208037514e-10
0.8945913678073542 1.3807022193421643e-10
0.8971546151932355 1.3853175599177774e-10
0.8997178625791169 1.3899134833171928e-10
0.9022811099649982 1.3944902256557416e-10
0.9048443573508795 1.3990480185005834e-10
0.907407604736761 1.4035870889896404e-10
0.9099708521226423 1.40810765994684e-10
0.9125340995085237 1.4126099499933342e-10
0.915097346894405 1.417094173655029e-10
0.9176605942802863 1.4215605414669928e-10
0.9202238416661678 1.4260092600739296e-10
0.9227870890520491 1.430440532328169e-10
0.9253503364379304 1.4348545573838076e-10
0.9279135838238118 1.439251530788358e-10
0.9304768312096932 1.443631644571404e-10
0.9330400785955746 1.4479950873304338e-10
0.9356033259814559 1.452342044314073e-10
0.9381665733673372 1.4566726975028432e-10
0.9407298207532186 1.4609872256872445e-10
0.9432930681391 1.4652858045437935e-10
0.9458563155249814 1.4695686067084244e-10
0.9484195629108627 1.4738358018478805e-10
0.950982810296744 1.4780875567291222e-10
0.9535460576826255 1.4823240352864576e-10
0.9561093050685068 1.4865453986866984e-10
0.9586725524543882 1.490751805392693e-10
0.9612357998402695 1.4949434112246257e-10
0.9637990472261508 1.4991203694200064e-10
0.9663622946120323 1.5032828306915345e-10
0.9689255419979136 1.5074309432835816e-10
0.971488789383795 1.511564853026963e-10
0.9740520367696763 1.5156847033922344e-10
0.9766152841555577 1.5197906355414448e-10
0.9791785315414391 1.523882788378534e-10
0.9817417789273204 1.5279612985982427e-10
0.9843050263132017 1.5320263007338263e-10
0.9868682736990831 1.5360779272033048e-10
0.9894315210849645 1.5401163083544887e-10
0.9919947684708459 1.5441415725090107e-10
0.9945580158567272 1.5481538460049713e-10
0.9971212632426085 1.5521532532383407e-10
0.99968451062849 1.556139916703626e-10
1.0022477580143714 1.5601139570331693e-10
1.0048110054002528 1.5640754930354768e-10
1.007374252786134 1.5680246417327024e-10
1.0099375001720152 1.571961518396999e-10
1.0125007475578967 1.5758862365859353e-10
1.015063994943778 1.579798908177166e-10
1.0176272423296595 1.5836996434020708e-10
1.020190489715541 1.5875885508785405e-10
1.0227537371014221 1.591465737643006e-10
1.0253169844873036 1.5953313091818509e-10
1.0278802318731848 1.5991853694614626e-10
1.0304434792590662 1.6030280209582599e-10
1.0330067266449476 1.60685936468745e-10
1.035569974030829 1.6106795002313165e-10
1.0381332214167105 1.6144885257668355e-10
1.0406964688025917 1.6182865380925524e-10
1.043259716188473 1.62207363265464e-10
1.0458229635743543 1.6258499035728122e-10
1.0483862109602358 1.6296154436650727e-10
1.0509494583461172 1.633370344472267e-10
1.0535127057319986 1.6371146962818583e-10
1.0560759531178798 1.6408485881511594e-10
1.0586392005037613 1.6445721079301402e-10
1.0612024478896425 1.6482853422835867e-10
1.063765695275524 1.6519883767128403e-10
1.0663289426614053 1.655681295576822e-10
1.0688921900472867 1.6593641821129218e-10
1.0714554374331682 1.6630371184571219e-10
1.0740186848190494 1.6667001856638217e-10
1.0765819322049308 1.670353463725055e-10
1.079145179590812 1.6739970315895348e-10
1.0817084269766934 1.677630967181017e-10
1.0842716743625749 1.6812553474162435e-10
1.0868349217484563 1.6848702482229758e-10
1.0893981691343375 1.6884757445567377e-10
1.091961416520219 1.6920719104182038e-10
1.0945246639061001 1.6956588188692868e-10
1.0970879112919816 1.6992365420496434e-10
1.099651158677863 1.7028051511922022e-10
1.1022144060637444 1.706364716638833e-10
1.1047776534496259 1.709915307855342e-10
1.107340900835507 1.7134569934464616e-10
1.1099041482213885 1.7169898411699515e-10
1.1124673956072697 1.7205139179514592e-10
1.1150306429931511 1.724029289897708e-10
1.1175938903790326 1.727536022310586e-10
1.120157137764914 1.7310341797000532e-10
1.1227203851507954 1.7345238257975895e-10
1.1252836325366766 1.738005023568751e-10
1.1278468799225578 1.7414778352256376e-10
1.1304101273084393 1.7449423222391324e-10
1.1329733746943207 1.748398545351158e-10
1.1355366220802021 1.7518465645860104e-10
1.1380998694660835 1.7552864392623134e-10
1.1406631168519648 1.758718228003878e-10
1.1432263642378462 1.7621419887511437e-10
1.1457896116237274 1.7655577787716607e-10
1.1483528590096088 1.7689656546710122e-10
1.1509161063954902 1.772365672402953e-10
1.1534793537813717 1.7757578872799534e-10
1.156042601167253 1.779142353982747e-10
1.1586058485531343 1.782519126570555e-10
1.1611690959390155 1.7858882584904322e-10
1.163732343324897 1.789249802586771e-10
1.1662955907107784 1.7926038111106243e-10
1.1688588380966598 1.7959503357286032e-10
1.1714220854825412 1.7992894275320002e-10
1.1739853328684224 1.8026211370453263e-10
1.1765485802543039 1.8059455142348557e-10
1.179111827640185 1.8092626085169667e-10
1.1816750750260665 1.8125724687668704e-10
1.184238322411948 1.815875143325945e-10
1.1868015697978294 1.8191706800100639e-10
1.1893648171837108 1.822459126117573e-10
1.191928064569592 1.825740528436455e-10
1.1944913119554732 1.8290149332520516e-10
1.1970545593413546 1.8322823863545436e-10
1.199617806727236 1.8355429330459067e-10
1.2021810541131175 1.8387966181472526e-10
1.204744301498999 1.8420434860055202e-10
1.2073075488848801 1.8452835805006883e-10
1.2098707962707616 1.848516945052068e-10
1.2124340436566428 1.851743622624948e-10
1.2149972910425242 1.8549636557374071e-10
1.2175605384284056 1.858177086466394e-10
1.220123785814287 1.8613839564539095e-10
1.2226870332001685 1.86458430691333e-10
1.2252502805860497 1.8677781786351928e-10
1.227813527971931 1.870965611993335e-10
1.2303767753578123 1.8741466469506113e-10
1.2329400227436937 1.8773213230646276e-10
1.2355032701295752 1.8804896794932026e-10
1.2380665175154566 1.883651755000023e-10
1.240629764901338 1.8868075879601033e-10
1.2431930122872192 1.8899572163649284e-10
1.2457562596731004 1.8931006778278736e-10
1.2483195070589819 1.8962380095890386e-10
1.2508827544448633 1.899369248520846e-10
1.2534460018307447 1.9024944311322912e-10
1.2560092492166262 1.905613593574493e-10
1.2585724966025074 1.9087267716450252e-10
1.2611357439883888 1.9118340007928046e-10
1.26369899137427 1.9149353161229117e-10
1.2662622387601514 1.9180307524006637e-10
1.2688254861460329 1.9211203440566348e-10
1.2713887335319143 1.9242041251907535e-10
1.2739519809177957 1.9272821295767103e-10
1.276515228303677 1.9303543906662342e-10
1.2790784756895581 1.9334209415932794e-10
1.2816417230754396 1.9364818151781483e-10
1.284204970461321 1.9395370439315205e-10
1.2867682178472024 1.9425866600585344e-10
1.2893314652330838 1.9456306954626098e-10
1.291894712618965 1.948669181749435e-10
1.2944579600048465 1.9517021502305708e-10
1.2970212073907277 1.9547296319274025e-10
1.299584454776609 1.9577516575747412e-10
1.3021477021624905 1.9607682576242742e-10
1.304710949548372 1.963779462248596e-10
1.3072741969342534 1.966785301343981e-10
1.3098374443201346 1.969785804534717e-10
1.3124006917060158 1.9727810011757727e-10
1.3149639390918972 1.9757709203563926e-10
1.3175271864777787 1.9787555909036162e-10
1.32009043386366 1.9817350413851466e-10
1.3226536812495415 1.9847093001127865e-10
1.3252169286354227 1.9876783951454339e-10
1.3277801760213042 1.9906423542922968e-10
1.3303434234071854 1.993601205115871e-10
1.3329066707930668 1.9965549749351127e-10
1.3354699181789482 1.9995036908278097e-10
1.3380331655648297 2.0024473796343288e-10
1.340596412950711 2.0053860679598548e-10
1.3431596603365923 2.0083197821773907e-10
1.3457229077224737 2.0112485484307364e-10
1.348286155108355 2.014172392636879e-10
1.3508494024942364 2.0170913404888133e-10
1.3534126498801178 2.0200054174584523e-10
1.3559758972659992 2.0229146487987258e-10
1.3585391446518804 2.0258190595466204e-10
1.3611023920377618 2.0287186745255495e-10
1.363665639423643 2.0316135183478402e-10
1.3662288868095245 2.0345036154171877e-10
1.368792134195406 2.037388989930905e-10
1.3713553815812873 2.0402696658829583e-10
1.3739186289671688 2.0431456670654167e-10
1.37648187635305 2.0460170170714811e-10
1.3790451237389314 2.0488837392973918e-10
1.3816083711248126 2.0517458569447652e-10
1.384171618510694 2.0546033930231466e-10
1.3867348658965755 2.0574563703515023e-10
1.389298113282457 2.0603048115610555e-10
1.3918613606683383 2.0631487390971276e-10
1.3944246080542195 2.0659881752211214e-10
1.3969878554401007 2.0688231420128514e-10
1.3995511028259822 2.071653661372315e-10
1.4021143502118636 2.0744797550219502e-10
1.404677597597745 2.0773014445084747e-10
1.4072408449836264 2.0801187512047768e-10
1.4098040923695079 2.0829316963120984e-10
1.4123673397553889 2.085740300861589e-10
1.4149305871412703 2.0885445857163824e-10
1.4174938345271517 2.0913445715735667e-10
1.4200570819130331 2.0941402789657084e-10
1.4226203292989146 2.0969317282627503e-10
1.425183576684796 2.0997189396740125e-10
1.4277468240706774 2.1025019332495085e-10
1.4303100714565584 2.1052807288821038e-10
1.4328733188424398 2.108055346308877e-10
1.4354365662283213 2.110825805113049e-10
1.4379998136142027 2.1135921247254891e-10
1.4405630610000841 2.116354324426258e-10
1.4431263083859656 2.119112423346568e-10
1.4456895557718465 2.1218664404698807e-10
1.448252803157728 2.1246163946340315e-10
1.4508160505436094 2.1273623045321225e-10
1.4533792979294908 2.1301041887146462e-10
1.4559425453153723 2.1328420655907555e-10
1.4585057927012537 2.1355759534295133e-10
1.4610690400871351 2.1383058703617218e-10
1.463632287473016 2.1410318343812376e-10
1.4661955348588975 2.1437538633464044e-10
1.468758782244779 2.1464719749812104e-10
1.4713220296306604 2.149186186877224e-10
1.4738852770165418 2.1518965164943836e-10
1.4764485244024232 2.154602981162769e-10
1.4790117717883042 2.1573055980835965e-10
1.4815750191741857 2.1600043843308934e-10
1.484138266560067 2.1626993568525375e-10
1.4867015139459485 2.1653905324716213e-10
1.48926476133183 2.1680779278876846e-10
1.4918280087177114 2.1707615596781109e-10
1.4943912561035928 2.1734414442991338e-10
1.4969545034894738 2.176117598087193e-10
1.4995177508753552 2.178790037260194e-10
1.5020809982612366 2.1814587779184887e-10
1.504644245647118 2.184123836046386e-10
1.5072074930329995 2.1867852275128007e-10
1.509770740418881 2.1894429680729922e-10
1.512333987804762 2.1920970733692457e-10
1.5148972351906433 2.1947475589321525e-10
1.5174604825765248 2.1973944401817375e-10
1.5200237299624062 2.2000377324285425e-10
1.5225869773482876 2.2026774508746038e-10
1.525150224734169 2.2053136106145563e-10
1.5277134721200505 2.2079462266366948e-10
1.5302767195059315 2.2105753138242988e-10
1.532839966891813 2.213200886955822e-10
1.5354032142776943 2.2158229607070265e-10
1.5379664616635758 2.2184415496509627e-10
1.5405297090494572 2.2210566682597465e-10
1.5430929564353386 2.223668330904878e-10
1.54565620382122 2.2262765518587212e-10
1.548219451207101 2.228881345295093e-10
1.5507826985929825 2.231482725290409e-10
1.5533459459788639 2.2340807058246623e-10
1.5559091933647453 2.2366753007819982e-10
1.5584724407506267 2.2392665239519746e-10
1.5610356881365082 2.2418543890303808e-10
1.5635989355223892 2.244438909619873e-10
1.5661621829082706 2.247020099231212e-10
1.568725430294152 2.2495979712839159e-10
1.5712886776800334 2.2521725391070963e-10
1.5738519250659149 2.2547438159403675e-10
1.5764151724517963 2.2573118149347818e-10
1.5789784198376777 2.2598765491532644e-10
1.5815416672235587 2.2624380315719533e-10
1.5841049146094401 2.264996275080647e-10
1.5866681619953216 2.2675512924836067e-10
1.589231409381203 2.2701030965005678e-10
1.5917946567670844 2.2726516997673534e-10
1.5943579041529659 2.275197114836568e-10
1.5969211515388468 2.277739354178474e-10
1.5994843989247283 2.2802784301818142e-10
1.6020476463106097 2.282814355154323e-10
1.6046108936964911 2.2853471413236542e-10
1.6071741410823726 2.2878768008380588e-10
1.609737388468254 2.29040334576693e-10
1.6123006358541354 2.2929267881018768e-10
1.6148638832400164 2.2954471397570556e-10
1.6174271306258978 2.2979644125700187e-10
1.6199903780117793 2.3004786183023994e-10
1.6225536253976607 2.302989768640723e-10
1.625116872783542 2.3054978751966e-10
1.6276801201694235 2.3080029495079518e-10
1.6302433675553045 2.3105050030394586e-10
1.632806614941186 2.313004047182968e-10
1.6353698623270674 2.3155000932584347e-10
1.6379331097129488 2.3179931525145496e-10
1.6404963570988302 2.32048323612914e-10
1.6430596044847117 2.3229703552099117e-10
1.645622851870593 2.3254545207950925e-10
1.648186099256474 2.3279357438540117e-10
1.6507493466423555 2.330414035287677e-10
1.653312594028237 2.332889405929393e-10
1.6558758414141184 2.335361866545279e-10
1.6584390887999998 2.337831427834852e-10
1.6610023361858812 2.340298100431816e-10
1.6635655835717622 2.3427618949043325e-10
1.6661288309576436 2.345222821755619e-10
1.668692078343525 2.34768089142475e-10
1.6712553257294065 2.3501361142869e-10
1.673818573115288 2.3525885006541434e-10
1.6763818205011694 2.355038060775681e-10
