0.0 2.3236417622299726e-13
0.002400956535921948 2.3700694357280384e-13
0.004801913071843896 2.4154762630627173e-13
0.0072028696077658435 2.4598422266228247e-13
0.009603826143687792 2.503155156642299e-13
0.01200478267960974 2.5454102847552095e-13
0.014405739215531687 2.586609721192276e-13
0.016806695751453635 2.626761872851296e-13
0.019207652287375584 2.665880820189584e-13
0.021608608823297532 2.7039856724669044e-13
0.02400956535921948 2.737628742111821e-13
0.02641052189514143 2.773691952788899e-13
0.028811478431063374 2.8088253243802317e-13
0.031212434966985322 2.8430617245505746e-13
0.03361339150290727 2.87643594662502e-13
0.03601434803882922 2.908984200432783e-13
0.03841530457475117 2.9407436511071406e-13
0.040816261110673116 2.9717520063231486e-13
0.043217217646595064 3.002047153517195e-13
0.04561817418251701 3.0316668464223135e-13
0.04801913071843896 3.060648435749424e-13
0.05042008725436091 3.0890286471338513e-13
0.05282104379028286 3.116843395656084e-13
0.055222000326204806 3.1441276408127585e-13
0.05762295686212675 3.1709152724805546e-13
0.060023913398048696 3.1972390281645245e-13
0.062424869933970645 3.2231304339000095e-13
0.0648258264698926 3.24861976969658e-13
0.06722678300581454 3.2737360500279345e-13
0.0696277395417365 3.298507028911903e-13
0.07202869607765844 3.3229592059344725e-13
0.0744296526135804 3.3471178537242085e-13
0.07683060914950234 3.3710070457705655e-13
0.07923156568542428 3.3946496981367005e-13
0.08163252222134623 3.418067614953528e-13
0.08403347875726817 3.44128152814521e-13
0.08643443529319013 3.4643111534998255e-13
0.08883539182911207 3.4871752341967294e-13
0.09123634836503403 3.509891600270954e-13
0.09363730490095597 3.5324772121750065e-13
0.09603826143687792 3.554948221992574e-13
0.09843921797279986 3.5773200080283036e-13
0.10084017450872182 3.599607234679459e-13
0.10324113104464376 3.621823887407428e-13
0.10564208758056572 3.643983331857051e-13
0.10804304411648766 3.66609834173689e-13
0.11044400065240961 3.68818115782315e-13
0.11284495718833155 3.7102435031945803e-13
0.1152459137242535 3.732296641279901e-13
0.11764687026017545 3.7543513885900487e-13
0.12004782679609739 3.7764181710129266e-13
0.12244878333201935 3.798507032063318e-13
0.12484973986794129 3.820627695861903e-13
0.12725069640386324 3.8427895535308697e-13
0.1296516529397852 3.865001720200464e-13
0.13205260947570713 3.887273024080554e-13
0.13445356601162908 3.9096120751328723e-13
0.13685452254755104 3.9320272497586246e-13
0.139255479083473 3.9545267561220895e-13
0.14165643561939492 3.9771185881950045e-13
0.14405739215531688 3.999810602451543e-13
0.14645834869123883 4.0226104836382816e-13
0.1488593052271608 4.045525819812193e-13
0.15126026176308272 4.068564060074101e-13
0.15366121829900467 4.0917326070376627e-13
0.15606217483492663 4.115038739046489e-13
0.15846313137084855 4.138489695390972e-13
0.1608640879067705 4.162092619334936e-13
0.16326504444269246 4.1858546427627893e-13
0.16566600097861442 4.209782910832133e-13
0.16806695751453635 4.233884501343815e-13
0.1704679140504583 4.2581665290937444e-13
0.17286887058638026 4.282636047036782e-13
0.1752698271223022 4.3073002464840456e-13
0.17767078365822414 4.3321662858974976e-13
0.1800717401941461 4.357241404384081e-13
0.18247269673006805 4.382532892518351e-13
0.18487365326599 4.4080481605422783e-13
0.18727460980191193 4.4337947544136737e-13
0.1896755663378339 4.4597802882265713e-13
0.19207652287375584 4.4860125971993547e-13
0.19447747940967777 4.5124996883106895e-13
0.19687843594559973 4.5392497882071064e-13
0.19927939248152168 4.566271270358391e-13
0.20168034901744364 4.593572749490386e-13
0.20408130555336557 4.621162959546284e-13
0.20648226208928752 4.649050781878156e-13
0.20888321862520948 4.677245082178448e-13
0.21128417516113143 4.705754939645449e-13
0.21368513169705336 4.734589345083736e-13
0.21608608823297532 4.763757551746103e-13
0.21848704476889727 4.793268867876888e-13
0.22088800130481923 4.823132820556031e-13
0.22328895784074115 4.85335913397047e-13
0.2256899143766631 4.883957781514028e-13
0.22809087091258506 4.914939035243631e-13
0.230491827448507 4.946313415845628e-13
0.23289278398442895 4.978091778860541e-13
0.2352937405203509 5.010285299942232e-13
0.23769469705627286 5.042905491536104e-13
0.24009565359219479 5.075964326033605e-13
0.24249661012811674 5.109474087107979e-13
0.2448975666640387 5.143447547021027e-13
0.24729852319996065 5.177897944628791e-13
0.24969947973588258 5.212839006089976e-13
0.25210043627180456 5.248285005268721e-13
0.2545013928077265 5.284250783846633e-13
0.2569023493436484 5.320751841516286e-13
0.2593033058795704 5.357804130094532e-13
0.26170426241549233 5.395423970948964e-13
0.26410521895141426 5.433630241748695e-13
0.26650617548733624 5.472442149266076e-13
0.26890713202325817 5.511874073579885e-13
0.2713080885591801 5.551944318903488e-13
0.2737090450951021 5.592682377341687e-13
0.276110001631024 5.634115594550974e-13
0.278510958166946 5.676254507996808e-13
0.2809119147028679 5.71910887422069e-13
0.28331287123878984 5.762710380758818e-13
0.2857138277747118 5.807108724250191e-13
0.28811478431063375 5.852343226358354e-13
0.2905157408465557 5.898417694833674e-13
0.29291669738247766 5.945327750422345e-13
0.2953176539183996 5.993103440590447e-13
0.2977186104543216 6.041813204840574e-13
0.3001195669902435 6.09153734684802e-13
0.30252052352616543 6.142314894409308e-13
0.3049214800620874 6.194122318099527e-13
0.30732243659800934 6.246943676139316e-13
0.30972339313393127 6.300828674232798e-13
0.31212434966985325 6.355887802028504e-13
0.3145253062057752 6.412252561034703e-13
0.3169262627416971 6.469990418270637e-13
0.3193272192776191 6.529053918499795e-13
0.321728175813541 6.589388947681163e-13
0.324129132349463 6.649257211685591e-13
0.32653008888538493 6.712382695800832e-13
0.32893104542130686 6.777202236367715e-13
0.33133200195722884 6.845690867966564e-13
0.33373295849315077 6.914150746667675e-13
0.3361339150290727 6.982417793083099e-13
0.3385348715649947 7.054225583141055e-13
0.3409358281009166 7.127945974436065e-13
0.3433367846368386 7.203903607857264e-13
0.3457377411727605 7.282339494630349e-13
0.34813869770868244 7.363199486114995e-13
0.3505396542446044 7.446298896191373e-13
0.35294061078052635 7.531682294539825e-13
0.3553415673164483 7.61969298983435e-13
0.35774252385237026 7.710796944543984e-13
0.3601434803882922 7.805228346169628e-13
0.3625444369242141 7.90281992725975e-13
0.3649453934601361 8.003449363347858e-13
0.36734634999605803 8.109716595321938e-13
0.36974730653198 8.217656101804742e-13
0.37214826306790194 8.329903514939542e-13
0.37454921960382387 8.446352027572962e-13
0.37695017613974585 8.566989460310425e-13
0.3793511326756678 8.692315037197395e-13
0.3817520892115897 8.822917109763799e-13
0.3841530457475117 8.958956899408698e-13
0.3865540022834336 9.100554615199916e-13
0.38895495881935555 9.248213912636898e-13
0.39135591535527753 9.402413330393369e-13
0.39375687189119946 9.563487824047548e-13
0.39615782842712144 9.731896089917323e-13
0.39855878496304337 9.908141738192242e-13
0.4009597414989653 1.0092738635082338e-12
0.4033606980348873 1.0286250146726082e-12
0.4057616545708092 1.048934906101134e-12
0.40816261110673113 1.0702561125311795e-12
0.4105635676426531 1.0926452044731e-12
0.41296452417857504 1.1162275832932234e-12
0.415365480714497 1.1410489991434946e-12
0.41776643725041895 1.1671995852917245e-12
0.4201673937863409 1.1947645895209423e-12
0.42256835032226286 1.2238605846730068e-12
0.4249693068581848 1.2545965870069834e-12
0.4273702633941067 1.2870616350719522e-12
0.4297712199300287 1.3214170696782279e-12
0.43217217646595063 1.3577900425463184e-12
0.43457313300187256 1.3962955683694477e-12
0.43697408953779454 1.4371180936257934e-12
0.43937504607371647 1.4804335192897418e-12
0.44177600260963845 1.5263771495481847e-12
0.4441769591455604 1.575196791796488e-12
0.4465779156814823 1.6270753727735316e-12
0.4489788722174043 1.6822216905394512e-12
0.4513798287533262 1.7409113267176303e-12
0.45378078528924815 1.8033744256181676e-12
0.45618174182517013 1.8699007844909225e-12
0.45858269836109206 1.940401878282374e-12
0.460983654897014 2.0158899576886173e-12
0.46338461143293597 2.0969437952906963e-12
0.4657855679688579 2.18292479883831e-12
0.4681865245047799 2.274692641593821e-12
0.4705874810407018 2.372667627651698e-12
0.47298843757662373 2.4773113970772337e-12
0.4753893941125457 2.5890953336548413e-12
0.47779035064846764 2.708536990633844e-12
0.48019130718438957 2.836221115846825e-12
0.48259226372031155 2.9727067363570298e-12
0.4849932202562335 3.11863642776187e-12
0.48739417679215546 3.274684979509227e-12
0.4897951333280774 3.4415691469553604e-12
0.4921960898639993 3.6200540544277924e-12
0.4945970463999213 3.810951501975468e-12
0.49699800293584323 4.212627552414047e-12
0.49939895947176516 4.233487145060484e-12
0.5017999160076871 4.467100525489053e-12
0.5042008725436091 4.7156191370239115e-12
0.506601829079531 4.983045576153561e-12
0.509002785615453 5.2686278560505195e-12
0.511403742151375 5.574026467587625e-12
0.5138046986872968 5.899854890140883e-12
0.5162056552232188 6.247853303665663e-12
0.5186066117591408 6.6193904604966804e-12
0.5210075682950627 7.015896115717601e-12
0.5234085248309847 7.438838951639377e-12
0.5258094813669066 7.889847241320997e-12
0.5282104379028285 8.370191870170533e-12
0.5306113944387505 8.881764284128302e-12
0.5330123509746725 9.42611317449831e-12
0.5354133075105943 1.0004805286700247e-11
0.5378142640465163 1.0618852920932868e-11
0.5402152205824383 1.1274832520491012e-11
0.5426161771183602 1.1963578233096588e-11
0.5450171336542822 1.2695972611073172e-11
0.5474180901902042 1.3470568921437232e-11
0.5498190467261261 1.4288694292452401e-11
0.552220003262048 1.5151520852669746e-11
0.55462095979797 1.6060028486011278e-11
0.557021916333892 1.7014964291130463e-11
0.5594228728698138 1.8016767953347487e-11
0.5618238294057358 1.9065557723676823e-11
0.5642247859416578 2.0160999166501082e-11
0.5666257424775797 2.1302310925128054e-11
0.5690266990135017 2.248810014572173e-11
0.5714276555494237 2.371635078924998e-11
0.5738286120853455 2.498426045476291e-11
0.5762295686212675 2.6288188111767983e-11
0.5786305251571895 2.762351355724659e-11
0.5810314816931114 2.8984557589335604e-11
0.5834324382290333 3.036449649153794e-11
0.5858333947649553 3.17553560254643e-11
0.5882343513008772 3.314812515063124e-11
0.5906353078367992 3.4533132791101354e-11
0.5930362643727212 3.5900797625668276e-11
0.5954372209086431 3.724275304549445e-11
0.597838177444565 3.8552962240083e-11
0.600239133980487 3.9828195988115934e-11
0.602640090516409 4.1245567844935656e-11
0.6050410470523309 4.227210149404519e-11
0.6074420035882528 4.3443177812164195e-11
0.6098429601241748 4.4582822163481834e-11
0.6122439166600967 4.56930317654194e-11
0.6146448731960187 4.677572014420381e-11
0.6170458297319407 4.783266049885551e-11
0.6194467862678625 4.886545672282523e-11
0.6218477428037845 4.987559262678475e-11
0.6242486993397065 5.086437217590148e-11
0.6266496558756284 5.183297925517883e-11
0.6290506124115504 5.278247998161381e-11
0.6314515689474723 5.371383419219665e-11
0.6338525254833942 5.462792530353971e-11
0.6362534820193162 5.5525517892797533e-11
0.6386544385552382 5.640735163917831e-11
0.6410553950911602 5.727411287147915e-11
0.643456351627082 5.812628818010923e-11
0.645857308163004 5.896453840849388e-11
0.648258264698926 5.978934943206725e-11
0.6506592212348479 6.060117198226432e-11
0.6530601777707699 6.140046033727317e-11
0.6554611343066918 6.218761164738514e-11
0.6578620908426137 6.296300572718494e-11
0.6602630473785357 6.372700727580225e-11
0.6626640039144577 6.447993863719788e-11
0.6650649604503795 6.52221270861285e-11
0.6674659169863015 6.59538618431106e-11
0.6698668735222235 6.667585718661059e-11
0.6722678300581454 6.738709903960353e-11
0.6746687865940674 6.808912307426205e-11
0.6770697431299894 6.87817457059335e-11
0.6794706996659112 6.946519943329979e-11
0.6818716562018332 7.01397065489281e-11
0.6842726127377552 7.080548054640873e-11
0.6866735692736772 7.146272499229637e-11
0.689074525809599 7.211163905146616e-11
0.691475482345521 7.275270359878923e-11
0.693876438881443 7.338521962271549e-11
0.6962773954173649 7.401024053666532e-11
0.6986783519532869 7.46276533502511e-11
0.7010793084892089 7.523761196942357e-11
0.7034802650251307 7.584027502211386e-11
0.7058812215610527 7.643580880069399e-11
0.7082821780969747 7.702433967733136e-11
0.7106831346328966 7.760603520444557e-11
0.7130840911688185 7.818107523073968e-11
0.7154850477047405 7.874943061068313e-11
0.7178860042406624 7.931140438637935e-11
0.7202869607765844 7.986708130629279e-11
0.7226879173125064 8.041653792767767e-11
0.7250888738484282 8.095994132913647e-11
0.7274898303843502 8.149740320722574e-11
0.7298907869202722 8.202900430584566e-11
0.7322917434561941 8.255489008420959e-11
0.7346926999921161 8.307517739194939e-11
0.737093656528038 8.358992398426148e-11
0.73949461306396 8.409927832873633e-11
0.7418955695998819 8.460330153534691e-11
0.7442965261358039 8.510211896875408e-11
0.7466974826717259 8.55958468892484e-11
0.7490984392076477 8.608448150194957e-11
0.7514993957435697 8.656820357964239e-11
0.7539003522794917 8.7047078754888e-11
0.7563013088154136 8.752125183028314e-11
0.7587022653513356 8.799059992813519e-11
0.7611032218872575 8.845542055813486e-11
0.7635041784231794 8.891570769036946e-11
0.7659051349591014 8.937155017108663e-11
0.7683060914950234 8.98264759813371e-11
0.7707070480309453 9.027018824089487e-11
0.7731080045668672 9.071313112054908e-11
0.7755089611027892 9.11519132640346e-11
0.7779099176387111 9.158660628800383e-11
0.7803108741746331 9.201740926480288e-11
0.7827118307105551 9.244398689852421e-11
0.785112787246477 9.286784246894988e-11
0.7875137437823989 9.3285787405751e-11
0.7899147003183209 9.370099961676892e-11
0.7923156568542429 9.411257018887851e-11
0.7947166133901648 9.452044225391613e-11
0.7971175699260867 9.492459273730584e-11
0.7995185264620087 9.532529817668831e-11
0.8019194829979306 9.572251622754282e-11
0.8043204395338526 9.611630393395069e-11
0.8067213960697746 9.65067462944892e-11
0.8091223526056964 9.689379849594107e-11
0.8115233091416184 9.728045837685748e-11
0.8139242656775404 9.765872998864426e-11
0.8163252222134623 9.803597461455869e-11
0.8187261787493842 9.840970283947227e-11
0.8211271352853062 9.87808451004682e-11
0.8235280918212281 9.914892205796683e-11
0.8259290483571501 9.951398476863495e-11
0.8283300048930721 9.987609385957708e-11
0.830730961428994 1.0023530031282593e-10
0.8331319179649159 1.005916293979797e-10
0.8355328745008379 1.0094510278089963e-10
0.8379338310367599 1.0129577212295085e-10
0.8403347875726818 1.0164369495596872e-10
0.8427357441086037 1.0198889848029662e-10
0.8451367006445257 1.0233141012164315e-10
0.8475376571804476 1.0267127506358129e-10
0.8499386137163696 1.0300853009205226e-10
0.8523395702522916 1.0334320809336737e-10
0.8547405267882134 1.0367481324567953e-10
0.8571414833241354 1.0400497387455732e-10
0.8595424398600574 1.0433212627310058e-10
0.8619433963959793 1.0465683038362465e-10
0.8643443529319013 1.0497914049248015e-10
0.8667453094678232 1.0529908167489229e-10
0.8691462660037451 1.0561663442895211e-10
0.8715472225396671 1.0593184977384321e-10
0.8739481790755891 1.0624484197291789e-10
0.8763491356115111 1.0655562591624428e-10
0.8787500921474329 1.0686410741969553e-10
0.8811510486833549 1.0717027019657857e-10
0.8835520052192769 1.0747428555309332e-10
0.8859529617551988 1.0777635792984154e-10
0.8883539182911208 1.0807617151881933e-10
0.8907548748270427 1.0837390435514094e-10
0.8931558313629646 1.0866955641303054e-10
0.8955567878988866 1.0896315116776163e-10
0.8979577444348086 1.0925473744144583e-10
0.9003587009707305 1.0954431817951509e-10
0.9027596575066524 1.0983191670629012e-10
0.9051606140425744 1.1011757173630958e-10
0.9075615705784963 1.104012911779491e-10
0.9099625271144183 1.1068310294641664e-10
0.9123634836503403 1.1096303123660325e-10
0.9147644401862621 1.1124109382306223e-10
0.9171653967221841 1.1151731492043183e-10
0.9195663532581061 1.117917147074958e-10
0.921967309794028 1.1206431436853925e-10
0.92436826632995 1.1233483908107473e-10
0.9267692228658719 1.1260419573898243e-10
0.9291701794017939 1.128715183883035e-10
0.9315711359377158 1.1313712042292785e-10
0.9339720924736378 1.1340102732619195e-10
0.9363730490095598 1.1366324958582547e-10
0.9387740055454816 1.1392381036535662e-10
0.9411749620814036 1.1418274181373201e-10
0.9435759186173256 1.1444003273822838e-10
0.9459768751532475 1.1469572033251424e-10
0.9483778316891694 1.1494983602482683e-10
0.9507787882250914 1.1520237768720278e-10
0.9531797447610133 1.1545334577788512e-10
0.9555807012969353 1.1570247609181486e-10
0.9579816578328573 1.1595075011916956e-10
0.9603826143687791 1.1619717045176099e-10
0.9627835709047011 1.1644213516251352e-10
0.9651845274406231 1.1668561686033695e-10
0.967585483976545 1.1692764303408622e-10
0.969986440512467 1.171682238000518e-10
0.972387397048389 1.1740740548704429e-10
0.9747883535843109 1.1764517003595267e-10
0.9771893101202328 1.1788152519311874e-10
0.9795902666561548 1.1811652586871517e-10
0.9819912231920768 1.1834973371283086e-10
0.9843921797279986 1.1858241399567346e-10
0.9867931362639206 1.188133521754821e-10
0.9891940927998426 1.1904295926070682e-10
0.9915950493357645 1.192712477371423e-10
0.9939960058716865 1.194982530827185e-10
0.9963969624076084 1.1972395681770064e-10
0.9987979189435303 1.1994841163779482e-10
1.0011988754794523 1.201716137611932e-10
1.0035998320153743 1.2039350779861907e-10
1.0060007885512963 1.2061420573688726e-10
1.0084017450872182 1.208336194490273e-10
1.01080270162314 1.2105188674648354e-10
1.013203658159062 1.212689288831832e-10
1.015604614694984 1.2148475840681303e-10
1.018005571230906 1.216994301404886e-10
1.020406527766828 1.2191269409713048e-10
1.02280748430275 1.2212523461029887e-10
1.0252084408386717 1.2233642585946884e-10
1.0276093973745937 1.2254646227123084e-10
1.0300103539105157 1.2275536792359525e-10
1.0324113104464376 1.2296311605394872e-10
1.0348122669823596 1.2316982614438656e-10
1.0372132235182816 1.2337539816863202e-10
1.0396141800542034 1.2357987130021578e-10
1.0420151365901253 1.2378327559242672e-10
1.0444160931260473 1.2398559965235798e-10
1.0468170496619693 1.2418685952738832e-10
1.0492180061978913 1.2438656918592518e-10
1.0516189627338133 1.2458622291548637e-10
1.0540199192697353 1.2478434459478937e-10
1.056420875805657 1.24981437396651e-10
1.058821832341579 1.2517749024538862e-10
1.061222788877501 1.253725736433339e-10
1.063623745413423 1.2556663465564617e-10
1.066024701949345 1.2575969438942369e-10
1.068425658485267 1.2595178280486622e-10
1.0708266150211887 1.2614289429991736e-10
1.0732275715571107 1.2633302819458662e-10
1.0756285280930327 1.2652221026410222e-10
1.0780294846289546 1.267104408412078e-10
1.0804304411648766 1.268977297727234e-10
1.0828313977007986 1.2708408643154114e-10
1.0852323542367204 1.272695191942458e-10
1.0876333107726424 1.2745403551498258e-10
1.0900342673085643 1.2763764916818587e-10
1.0924352238444863 1.2782036107903695e-10
1.0948361803804083 1.280021835622917e-10
1.0972371369163303 1.2818312604330223e-10
1.0996380934522523 1.283632046219088e-10
1.102039049988174 1.2854240109812488e-10
1.104440006524096 1.2872075020759964e-10
1.106840963060018 1.2889825080809246e-10
1.10924191959594 1.2907490012129635e-10
1.111642876131862 1.2925073852393397e-10
1.114043832667784 1.2942574079361805e-10
1.1164447892037057 1.2959992472099123e-10
1.1188457457396277 1.2977327251097e-10
1.1212467022755497 1.299458669644783e-10
1.1236476588114717 1.3011763885994522e-10
1.1260486153473936 1.302886201465051e-10
1.1284495718833156 1.304588172559779e-10
1.1308505284192374 1.306282364804467e-10
1.1332514849551594 1.3079688392550534e-10
1.1356524414910814 1.3096475896125348e-10
1.1380533980270033 1.311318874164917e-10
1.1404543545629253 1.3129756584979778e-10
1.1428553110988473 1.314638742048987e-10
1.1452562676347693 1.3162875109919723e-10
1.147657224170691 1.317928890124654e-10
1.150058180706613 1.3195625187559913e-10
1.152459137242535 1.321189755436676e-10
1.154860093778457 1.3228064943737068e-10
1.157261050314379 1.324421647139646e-10
1.159662006850301 1.3260363480966677e-10
1.1620629633862227 1.3276253093909542e-10
1.1644639199221447 1.3292165395434142e-10
1.1668648764580667 1.3308003677564404e-10
1.1692658329939887 1.3323834858177962e-10
1.1716667895299107 1.33394863646367e-10
1.1740677460658326 1.3355158583065443e-10
1.1764687026017544 1.3370691965032682e-10
1.1788696591376764 1.3386193580892383e-10
1.1812706156735984 1.340162825924817e-10
1.1836715722095204 1.3415734773846816e-10
1.1860725287454423 1.3432299621049964e-10
1.1884734852813643 1.344753547295263e-10
1.1908744418172863 1.3462709147700739e-10
1.193275398353208 1.3477817016603964e-10
1.19567635488913 1.349286058843737e-10
1.198077311425052 1.3507840669309907e-10
