0.3973213749463701 0.0
0.39988462233225147 1.1477343720633828e-13
0.40244786971813284 2.3512300030583123e-13
0.40501111710401416 3.6146878197266735e-13
0.40757436448989554 4.942641536044464e-13
0.4101376118757769 6.340002297053285e-13
0.4127008592616583 7.812064982866233e-13
0.41526410664753965 9.36455453506766e-13
0.417827354033421 1.1003683678557844e-12
0.42039060141930235 1.2736091554259502e-12
0.4229538488051837 1.456902155431727e-12
0.4255170961910651 1.6510278166793289e-12
0.4280803435769464 1.8568293210209098e-12
0.4306435909628278 2.075210713406952e-12
0.43320683834870916 2.3071680905722258e-12
0.43577008573459053 2.5537581720566143e-12
0.43833333312047185 2.8161279326490482e-12
0.4408965805063532 3.095515361780358e-12
0.4434598278922346 3.3932562733190744e-12
0.44602307527811597 3.710783955012558e-12
0.44858632266399734 4.0496659197479905e-12
0.45114957004987866 4.411569855978472e-12
0.45371281743576003 4.798299159497428e-12
0.4562760648216414 5.2117952261254016e-12
0.4588393122075228 5.65414665482845e-12
0.46140255959340415 6.1275987812282645e-12
0.46396580697928547 6.634563493103491e-12
0.46652905436516684 7.1776292629649175e-12
0.4690923017510482 7.759571314227528e-12
0.4716555491369296 8.38336181557177e-12
0.47421879652281096 9.052179972247577e-12
0.4767820439086923 9.769421854589634e-12
0.47934529129457365 1.0538709769989629e-11
0.481908538680455 1.1363900947991833e-11
0.48447178606633634 1.2249095266325926e-11
0.4870350334522177 1.3198641682503152e-11
0.4895982808380991 1.421714310781904e-11
0.49216152822398046 1.5309459052045872e-11
0.49472477560986183 1.6480705894505286e-11
0.49728802299574315 1.7736254012682147e-11
0.4998512703816245 1.9081721280489755e-11
0.5024145177675059 2.05229622908872e-11
0.5049777651533872 2.2066052628716083e-11
0.5075410125392686 2.37172674902448e-11
0.51010425992515 2.548305392844097e-11
0.5126675073110314 2.7369996009537398e-11
0.5152307546969127 2.9384772196090455e-11
0.517794002082794 3.153410433405086e-11
0.5203572494686755 3.382469772074395e-11
0.5229204968545568 3.626317186846959e-11
0.5254837442404381 3.8855981760618024e-11
0.5280469916263195 4.1609329621986286e-11
0.5306102390122008 4.452906748755039e-11
0.5331734863980823 4.762059115012258e-11
0.5357367337839636 5.088872638216566e-11
0.538299981169845 5.433760864252805e-11
0.5408632285557263 5.797055777614866e-11
0.5434264759416076 6.178994946111801e-11
0.5459897233274891 6.57970853254966e-11
0.5485529707133704 6.999206370956012e-11
0.5511162180992517 7.437365295291947e-11
0.5536794654851331 7.893916880280542e-11
0.5562427128710145 8.368435703239472e-11
0.5588059602568958 8.860328158363248e-11
0.5613692076427772 9.36882174536264e-11
0.5639324550286586 9.892954604481688e-11
0.56649570241454 1.0431564865910006e-10
0.5690589498004213 1.0983279099332273e-10
0.5716221971863027 1.1546498740363577e-10
0.574185444572184 1.2119382748759267e-10
0.5767486919580653 1.269982373462501e-10
0.5793119393439468 1.3285412994146353e-10
0.5818751867298281 1.387338645102298e-10
0.5844384341157094 1.446053619254827e-10
0.5870016815015908 1.5043054693869623e-10
0.5895649288874721 1.561622812648911e-10
0.5921281762733536 1.6173699134140632e-10
0.5946914236592349 1.670438469106031e-10
0.5972546710451163 1.7190204313253077e-10
0.5998179184309976 1.7646547399628547e-10
0.602381165816879 1.8081457756100565e-10
0.6049444132027604 1.8498883940742482e-10
0.6075076605886417 1.8901391304289402e-10
0.610070907974523 1.929083291281044e-10
0.6126341553604044 1.9668630298980997e-10
0.6151974027462858 2.0035917899416113e-10
0.6177606501321671 2.0393626936419602e-10
0.6203238975180485 2.0742538258628262e-10
0.6228871449039299 2.1083317644837858e-10
0.6254503922898113 2.1416540470762e-10
0.6280136396756926 2.1742709562673027e-10
0.630576887061574 2.2062268494539566e-10
0.6331401344474553 2.2375611728724605e-10
0.6357033818333366 2.2683092505258102e-10
0.6382666292192181 2.2985029085021683e-10
0.6408298766050994 2.3281709763683136e-10
0.6433931239909807 2.357339695064323e-10
0.6459563713768621 2.3860330525301477e-10
0.6485196187627436 2.414273062673789e-10
0.6510828661486248 2.442079999354362e-10
0.6536461135345062 2.4694725942417916e-10
0.6562093609203876 2.4964682053700013e-10
0.6587726083062689 2.523082961694009e-10
0.6613358556921503 2.549331887832625e-10
0.6638991030780317 2.5752290123217837e-10
0.666462350463913 2.600787462049123e-10
0.6690255978497943 2.626019545031815e-10
0.6715888452356757 2.6509368233016816e-10
0.6741520926215571 2.675550177339409e-10
0.6767153400074384 2.699869863295089e-10
0.6792785873933198 2.723905563906021e-10
0.6818418347792012 2.7476664340683703e-10
0.6844050821650826 2.7711611416675417e-10
0.6869683295509639 2.794397904312039e-10
0.6895315769368453 2.817384522465733e-10
0.6920948243227266 2.8401284094127216e-10
0.6946580717086079 2.8626366184262337e-10
0.6972213190944894 2.88491586746218e-10
0.6997845664803707 2.9069725616539565e-10
0.702347813866252 2.928812813849363e-10
0.7049110612521334 2.9504424633976405e-10
0.7074743086380149 2.9718670933713774e-10
0.7100375560238961 2.9930920463818644e-10
0.7126008034097775 3.014122439129743e-10
0.7151640507956589 3.034963175814783e-10
0.7177272981815402 3.0556189605148815e-10
0.7202905455674216 3.076094308631127e-10
0.722853792953303 3.096393557485647e-10
0.7254170403391843 3.1165208761495737e-10
0.7279802877250656 3.1364802745690575e-10
0.730543535110947 3.156275612051142e-10
0.7331067824968284 3.175910605164977e-10
0.7356700298827097 3.195388835107621e-10
0.7382332772685911 3.21471375457813e-10
0.7407965246544725 3.2338886942016845e-10
0.7433597720403538 3.252916868538663e-10
0.7459230194262352 3.2718013817122004e-10
0.7484862668121166 3.290545232683632e-10
0.7510495141979979 3.3091513202030034e-10
0.7536127615838792 3.3276224474591976e-10
0.7561760089697607 3.3459613264518457e-10
0.758739256355642 3.364170582105486e-10
0.7613025037415233 3.382252756145369e-10
0.7638657511274047 3.4002103107498647e-10
0.766428998513286 3.418045631998001e-10
0.7689922458991674 3.4357610331232706e-10
0.7715554932850488 3.453358757589729e-10
0.7741187406709302 3.470840982000518e-10
0.7766819880568115 3.4882098188506786e-10
0.7792452354426929 3.505467319134076e-10
0.7818084828285743 3.5226154748143993e-10
0.7843717302144556 3.5396562211687254e-10
0.7869349776003369 3.55659143901173e-10
0.7894982249862184 3.5734229568071403e-10
0.7920614723720997 3.5901525526753743e-10
0.794624719757981 3.6067819563017035e-10
0.7971879671438624 3.6233128507513045e-10
0.7997512145297438 3.6397468741984566e-10
0.802314461915625 3.656085621572342e-10
0.8048777093015065 3.672330646125754e-10
0.8074409566873879 3.688483460931315e-10
0.8100042040732692 3.7045455403091404e-10
0.8125674514591505 3.7205183211888994e-10
0.815130698845032 3.7364032044106934e-10
0.8176939462309133 3.7522015559688173e-10
0.8202571936167946 3.7679147081998505e-10
0.822820441002676 3.7835439609196906e-10
0.8253836883885574 3.7990905825103913e-10
0.8279469357744387 3.81455581096224e-10
0.8305101831603201 3.8299408548703514e-10
0.8330734305462015 3.845246894389814e-10
0.8356366779320828 3.860475082151868e-10
0.8381999253179642 3.875626544141556e-10
0.8407631727038456 3.890702380540438e-10
0.8433264200897269 3.90570366653449e-10
0.8458896674756082 3.9206314530905907e-10
0.8484529148614897 3.9354867677019297e-10
0.851016162247371 3.950270615103506e-10
0.8535794096332523 3.964983977961366e-10
0.8561426570191337 3.979627817533585e-10
0.8587059044050152 3.9942030743069687e-10
0.8612691517908964 4.0087106686098983e-10
0.8638323991767778 4.023151501201243e-10
0.8663956465626592 4.0375264538381555e-10
0.8689588939485405 4.0518363898221627e-10
0.8715221413344219 4.0660821545266716e-10
0.8740853887203033 4.080264575903424e-10
0.8766486361061846 4.09438446497204e-10
0.8792118834920659 4.108442616292111e-10
0.8817751308779473 4.1224398084178977e-10
0.8843383782638287 4.1363768043372485e-10
0.88690162564971 4.1502543518956415e-10
0.8894648730355914 4.1640731842054e-10
0.8920281204214728 4.177834020040079e-10
0.8945913678073542 4.1915375642169675e-10
0.8971546151932355 4.205184507965075e-10
0.8997178625791169 4.218775529282134e-10
0.9022811099649982 4.232311293278665e-10
0.9048443573508795 4.245792452510981e-10
0.907407604736761 4.259219647304273e-10
0.9099708521226423 4.2725935060630874e-10
0.9125340995085237 4.2859146455739476e-10
0.915097346894405 4.299183671296927e-10
0.9176605942802863 4.312401177648474e-10
0.9202238416661678 4.325567748275008e-10
0.9227870890520491 4.338683956318069e-10
0.9253503364379304 4.3517503646713536e-10
0.9279135838238118 4.3647675262295547e-10
0.9304768312096932 4.3777359841294593e-10
0.9330400785955746 4.3906562719842456e-10
0.9356033259814559 4.403528914109793e-10
0.9381665733673372 4.416354425744969e-10
0.9407298207532186 4.4291333132650335e-10
0.9432930681391 4.441866074388525e-10
0.9458563155249814 4.454553198378057e-10
0.9484195629108627 4.4671951662355133e-10
0.950982810296744 4.4797924508917124e-10
0.9535460576826255 4.492345517389371e-10
0.9561093050685068 4.5048548230624954e-10
0.9586725524543882 4.517320817709614e-10
0.9612357998402695 4.529743943761715e-10
0.9637990472261508 4.5421246364468746e-10
0.9663622946120323 4.554463323948745e-10
0.9689255419979136 4.566760427561692e-10
0.971488789383795 4.579016361840841e-10
0.9740520367696763 4.5912315347483333e-10
0.9766152841555577 4.6034063477962877e-10
0.9791785315414391 4.615541196184051e-10
0.9817417789273204 4.627636468933856e-10
0.9843050263132017 4.639692549021165e-10
0.9868682736990831 4.651709813502408e-10
0.9894315210849645 4.66368863363922e-10
0.9919947684708459 4.675629375018848e-10
0.9945580158567272 4.68753239767235e-10
0.9971212632426085 4.699398056188775e-10
0.99968451062849 4.711226699826577e-10
1.0022477580143714 4.723018672622959e-10
1.0048110054002528 4.734774313499112e-10
1.007374252786134 4.746493956363878e-10
1.0099375001720152 4.75817793021383e-10
1.0125007475578967 4.769826559232005e-10
1.015063994943778 4.781440162882702e-10
1.0176272423296595 4.793019056004998e-10
1.020190489715541 4.804563548903782e-10
1.0227537371014221 4.816073947437695e-10
1.0253169844873036 4.827550553106607e-10
1.0278802318731848 4.838993663134861e-10
1.0304434792590662 4.850403570553961e-10
1.0330067266449476 4.86178056428292e-10
1.035569974030829 4.873124929206485e-10
1.0381332214167105 4.884436946251302e-10
1.0406964688025917 4.895716892460963e-10
1.043259716188473 4.906965041068648e-10
1.0458229635743543 4.918181661568078e-10
1.0483862109602358 4.929367019783238e-10
1.0509494583461172 4.940521377935827e-10
1.0535127057319986 4.951644994712047e-10
1.0560759531178798 4.962738125326692e-10
1.0586392005037613 4.973801021586923e-10
1.0612024478896425 4.984833931953584e-10
1.063765695275524 4.995837101601674e-10
1.0663289426614053 5.006810772479605e-10
1.0688921900472867 5.017755183366554e-10
1.0714554374331682 5.028670569928639e-10
1.0740186848190494 5.039557164774732e-10
1.0765819322049308 5.050415197509574e-10
1.079145179590812 5.061244894786619e-10
1.0817084269766934 5.072046480359888e-10
1.0842716743625749 5.082820175133958e-10
1.0868349217484563 5.093566197213466e-10
1.0893981691343375 5.104284761951122e-10
1.091961416520219 5.114976081994972e-10
1.0945246639061001 5.125640367334535e-10
1.0970879112919816 5.136277825346092e-10
1.099651158677863 5.14688866083647e-10
1.1022144060637444 5.157473076086643e-10
1.1047776534496259 5.168031270893849e-10
1.107340900835507 5.17856344261321e-10
1.1099041482213885 5.189069786198227e-10
1.1124673956072697 5.199550494240399e-10
1.1150306429931511 5.210005757008215e-10
1.1175938903790326 5.220435762485244e-10
1.120157137764914 5.230840696407217e-10
1.1227203851507954 5.241220742298893e-10
1.1252836325366766 5.251576081509549e-10
1.1278468799225578 5.261906893248446e-10
1.1304101273084393 5.272213354618571e-10
1.1329733746943207 5.282495640650667e-10
1.1355366220802021 5.292753924336448e-10
1.1380998694660835 5.302988376660146e-10
1.1406631168519648 5.313199166631247e-10
1.1432263642378462 5.323386461314082e-10
1.1457896116237274 5.33355042585998e-10
1.1483528590096088 5.343691223535726e-10
1.1509161063954902 5.353809015753463e-10
1.1534793537813717 5.363903962099034e-10
1.156042601167253 5.373976220360508e-10
1.1586058485531343 5.384025946555257e-10
1.1611690959390155 5.394053294957536e-10
1.163732343324897 5.404058418124494e-10
1.1662955907107784 5.414041466922325e-10
1.1688588380966598 5.424002590552043e-10
1.1714220854825412 5.433941936574236e-10
1.1739853328684224 5.443859650933617e-10
1.1765485802543039 5.453755877983401e-10
1.179111827640185 5.463630760508639e-10
1.1816750750260665 5.473484439749486e-10
1.184238322411948 5.483317055424132e-10
1.1868015697978294 5.493128745751013e-10
1.1893648171837108 5.502919647470791e-10
1.191928064569592 5.512689895867547e-10
1.1944913119554732 5.52243962479075e-10
1.1970545593413546 5.532168966675078e-10
1.199617806727236 5.541878052561395e-10
1.2021810541131175 5.551567012116392e-10
1.204744301498999 5.561235973652574e-10
1.2073075488848801 5.57088506414722e-10
1.2098707962707616 5.580514409261435e-10
1.2124340436566428 5.590124133358887e-10
1.2149972910425242 5.599714359524108e-10
1.2175605384284056 5.609285209579865e-10
1.220123785814287 5.618836804105767e-10
1.2226870332001685 5.628369262454662e-10
1.2252502805860497 5.637882702770221e-10
1.227813527971931 5.647377242003495e-10
1.2303767753578123 5.656852995929207e-10
1.2329400227436937 5.666310079162331e-10
1.2355032701295752 5.675748605173382e-10
1.2380665175154566 5.685168686304306e-10
1.240629764901338 5.694570433783752e-10
1.2431930122872192 5.703953957742275e-10
1.2457562596731004 5.713319367227221e-10
1.2483195070589819 5.722666770216587e-10
1.2508827544448633 5.731996273634275e-10
1.2534460018307447 5.741307983363393e-10
1.2560092492166262 5.750602004260894e-10
1.2585724966025074 5.759878440170139e-10
1.2611357439883888 5.769137393935146e-10
1.26369899137427 5.778378967413408e-10
1.2662622387601514 5.787603261488737e-10
1.2688254861460329 5.796810376084254e-10
1.2713887335319143 5.80600041017439e-10
1.2739519809177957 5.81517346179804e-10
1.276515228303677 5.824329628069824e-10
1.2790784756895581 5.83346900519239e-10
1.2816417230754396 5.842591688468128e-10
1.284204970461321 5.851697772310542e-10
1.2867682178472024 5.860787350255698e-10
1.2893314652330838 5.869860514973584e-10
1.291894712618965 5.878917358278572e-10
1.2944579600048465 5.887957971140715e-10
1.2970212073907277 5.89698244369603e-10
1.299584454776609 5.905990865257261e-10
1.3021477021624905 5.914983324324063e-10
1.304710949548372 5.923959908592854e-10
1.3072741969342534 5.932920704967258e-10
1.3098374443201346 5.941865799567456e-10
1.3124006917060158 5.950795277740625e-10
1.3149639390918972 5.959709224069344e-10
1.3175271864777787 5.968607722381787e-10
1.32009043386366 5.977490855760756e-10
1.3226536812495415 5.986358706552567e-10
1.3252169286354227 5.995211356376419e-10
1.3277801760213042 6.004048886132539e-10
1.3303434234071854 6.012871376011504e-10
1.3329066707930668 6.021678905502463e-10
1.3354699181789482 6.030471553401484e-10
1.3380331655648297 6.039249397819989e-10
1.340596412950711 6.04801251619286e-10
1.3431596603365923 6.056760985286731e-10
1.3457229077224737 6.065494881207113e-10
1.348286155108355 6.074214279407245e-10
1.3508494024942364 6.082919254694987e-10
1.3534126498801178 6.091609881240888e-10
1.3559758972659992 6.100286232584925e-10
1.3585391446518804 6.108948381645009e-10
1.3611023920377618 6.117596400722995e-10
1.363665639423643 6.12623036151264e-10
1.3662288868095245 6.134850335106228e-10
1.368792134195406 6.143456392001765e-10
1.3713553815812873 6.152048602109532e-10
1.3739186289671688 6.160627034758991e-10
1.37648187635305 6.169191758705281e-10
1.3790451237389314 6.177742842136035e-10
1.3816083711248126 6.186280352677415e-10
1.384171618510694 6.194804357400507e-10
1.3867348658965755 6.203314922828281e-10
1.389298113282457 6.211812114940584e-10
1.3918613606683383 6.220295999181258e-10
1.3944246080542195 6.228766640463463e-10
1.3969878554401007 6.237224103176017e-10
1.3995511028259822 6.245668451188862e-10
1.4021143502118636 6.254099747859241e-10
1.404677597597745 6.262518056036826e-10
1.4072408449836264 6.270923438069731e-10
1.4098040923695079 6.279315955809904e-10
1.4123673397553889 6.287695670618416e-10
1.4149305871412703 6.296062643371096e-10
1.4174938345271517 6.30441693446352e-10
1.4200570819130331 6.312758603816374e-10
1.4226203292989146 6.321087710880512e-10
1.425183576684796 6.329404314642286e-10
1.4277468240706774 6.337708473628091e-10
1.4303100714565584 6.346000245909662e-10
1.4328733188424398 6.35427968910889e-10
1.4354365662283213 6.362546860402306e-10
1.4379998136142027 6.370801816526387e-10
1.4405630610000841 6.379044613781702e-10
1.4431263083859656 6.387275308037721e-10
1.4456895557718465 6.395493954737369e-10
1.448252803157728 6.403700608901563e-10
1.4508160505436094 6.411895325133552e-10
1.4533792979294908 6.420078157623311e-10
1.4559425453153723 6.42824916015168e-10
1.4585057927012537 6.436408386095253e-10
1.4610690400871351 6.444555888429407e-10
1.463632287473016 6.452691719733914e-10
1.4661955348588975 6.460815932195602e-10
1.468758782244779 6.468928577613444e-10
1.4713220296306604 6.477029707402028e-10
1.4738852770165418 6.485119372595614e-10
1.4764485244024232 6.493197623852017e-10
1.4790117717883042 6.501264511456368e-10
1.4815750191741857 6.509320085324964e-10
1.484138266560067 6.517364395009156e-10
1.4867015139459485 6.525397489698579e-10
1.48926476133183 6.533419418225246e-10
1.4918280087177114 6.541430229066907e-10
1.4943912561035928 6.549429970350837e-10
1.4969545034894738 6.557418689856937e-10
1.4995177508753552 6.56539643502138e-10
1.5020809982612366 6.573363252940316e-10
1.504644245647118 6.581319190372762e-10
1.5072074930329995 6.589264293744111e-10
1.509770740418881 6.597198609149672e-10
1.512333987804762 6.605122182357596e-10
1.5148972351906433 6.613035058812088e-10
1.5174604825765248 6.620937283636612e-10
1.5200237299624062 6.628828901637503e-10
1.5225869773482876 6.636709957306053e-10
1.525150224734169 6.64458049482261e-10
1.5277134721200505 6.652440558058739e-10
1.5302767195059315 6.660290190580852e-10
1.532839966891813 6.668129435652608e-10
1.5354032142776943 6.675958336238292e-10
1.5379664616635758 6.683776935005463e-10
1.5405297090494572 6.691585274327537e-10
1.5430929564353386 6.699383396287163e-10
1.54565620382122 6.707171342678443e-10
1.548219451207101 6.714949155009844e-10
1.5507826985929825 6.722716874507303e-10
1.5533459459788639 6.730474542115966e-10
1.5559091933647453 6.738222198503854e-10
1.5584724407506267 6.74595988406383e-10
1.5610356881365082 6.753687638916069e-10
1.5635989355223892 6.761405502911408e-10
1.5661621829082706 6.769113515633186e-10
1.568725430294152 6.776811716399425e-10
1.5712886776800334 6.784500144266032e-10
1.5738519250659149 6.792178838028913e-10
1.5764151724517963 6.799847836226538e-10
1.5789784198376777 6.807507177141784e-10
1.5815416672235587 6.815156898804667e-10
1.5841049146094401 6.822797038994979e-10
1.5866681619953216 6.830427635243845e-10
1.589231409381203 6.838048724836575e-10
1.5917946567670844 6.845660344814547e-10
1.5943579041529659 6.853262531977406e-10
1.5969211515388468 6.860855322885901e-10
1.5994843989247283 6.868438753862759e-10
1.6020476463106097 6.876012860996398e-10
1.6046108936964911 6.883577680141586e-10
1.6071741410823726 6.891133246922591e-10
1.609737388468254 6.898679596734405e-10
1.6123006358541354 6.906216764745567e-10
1.6148638832400164 6.913744785899756e-10
1.6174271306258978 6.921263694917758e-10
1.6199903780117793 6.928773526299177e-10
1.6225536253976607 6.936274314325164e-10
1.625116872783542 6.943766093060043e-10
1.6276801201694235 6.951248896352598e-10
1.6302433675553045 6.958722757838505e-10
1.632806614941186 6.966187710941997e-10
1.6353698623270674 6.973643788878772e-10
1.6379331097129488 6.981091024655267e-10
1.6404963570988302 6.988529451073736e-10
1.6430596044847117 6.995959100731135e-10
1.645622851870593 7.003380006022277e-10
1.648186099256474 7.010792199142096e-10
1.6507493466423555 7.018195712086252e-10
1.653312594028237 7.025590576652807e-10
1.6558758414141184 7.032976824444994e-10
1.6584390887999998 7.040354486872169e-10
1.6610023361858812 7.047723595151304e-10
1.6635655835717622 7.055084180309223e-10
1.6661288309576436 7.062436273183134e-10
1.668692078343525 7.069779904423766e-10
1.6712553257294065 7.077115104495796e-10
1.673818573115288 7.084441903679708e-10
1.6763818205011694 7.091760332073251e-10
